#NEXUS

Begin phylowood;
	drawtype pie
	modeltype biogeography
	areatype discrete
	maptype clean
	pieslicestyle even
	piefillstyle outwards
	timestart -78.1889
	markerradius 200
	minareaval 0.1
End;

Begin bayarea-fig;
	mapheight	100
	mapwidth	150
	canvasheight	2000
	canvaswidth	1000
	minareaval	0.15
	areacolors black
	areatypes 1 1 1 1 1 1 1 1 1 1 1 1 1 1 1 1 1 1 1 1 1 1 1 1 1
	areanames Default
End;

Begin taxa;
	Dimensions ntax=23;
	Taxlabels
		Pan_paniscus
		Hylobates_lar
		Colobus_guereza
		Macaca_mulatta
		Chlorocebus_aethiops
		Callicebus_donacophilus
		Saimiri_sciureus
		Cebus_albifrons
		Aotus_trivirgatus
		Alouatta_palliata
		Tarsius_syrichta
		Propithecus_coquereli
		Varecia_variegata_variegata
		Lemur_catta
		Lepilemur_hubbardorum
		Microcebus_murinus
		Cheirogaleus_major
		Daubentonia_madagascariensis
		Nycticebus_coucang
		Loris_tardigradus
		Perodicticus_potto
		Otolemur_crassicaudatus
		Galago_senegalensis
		;
End;

Begin geo;
	Dimensions ngeo=25;
	Coords
		0	0	-70,
		1	-25	-50,
		2	-45	-60,
		3	60	-125,
		4	40	-80,
		5	60	-70,
		6	25	-105,
		7	70	-40,
		8	50	5,
		9	65	65,
		10	40	90,
		11	5	110,
		12	70	150,
		13	20	-5,
		14	-25	25,
		15	0	35,
		16	25	35,
		17	-20	125,
		18	-30	145,
		19	20	80,
		20	-20	47,
		21	-70	-40,
		22	-70	65,
		23	0	120,
		24	42	174
		;
End;

Begin trees;
	Translate
		0	Pan_paniscus,
		1	Hylobates_lar,
		2	Colobus_guereza,
		3	Macaca_mulatta,
		4	Chlorocebus_aethiops,
		5	Callicebus_donacophilus,
		6	Saimiri_sciureus,
		7	Cebus_albifrons,
		8	Aotus_trivirgatus,
		9	Alouatta_palliata,
		10	Tarsius_syrichta,
		11	Propithecus_coquereli,
		12	Varecia_variegata_variegata,
		13	Lemur_catta,
		14	Lepilemur_hubbardorum,
		15	Microcebus_murinus,
		16	Cheirogaleus_major,
		17	Daubentonia_madagascariensis,
		18	Nycticebus_coucang,
		19	Loris_tardigradus,
		20	Perodicticus_potto,
		21	Otolemur_crassicaudatus,
		22	Galago_senegalensis,
		;
tree TREE1 = (((((((22[&ch={0,0,0,0,0,0,0,0,0,0,0,0,0,1,1,1,0,0,0,0,0,0,0,0,0},&pa={1.99996e-05,1.99996e-05,0,1.99996e-05,0,0,1.99996e-05,0,0,0,0,1.99996e-05,0,0.586768,0.99992,0.99998,0,0,0,0,0,0,1.99996e-05,1.99996e-05,0}]:16.9889,21[&ch={0,0,0,0,0,0,0,0,0,0,0,0,0,0,1,1,0,0,0,0,0,0,0,0,0},&pa={1.99996e-05,1.99996e-05,0,1.99996e-05,0,0,1.99996e-05,0,0,0,0,1.99996e-05,0,0.0177196,0.99902,0.99946,0,0,0,0,0,0,1.99996e-05,1.99996e-05,0}]:16.9889)[&ch={1.99996e-05,1.99996e-05,0,1.99996e-05,0,0,1.99996e-05,0,0,0,0,1.99996e-05,0,0.586768,0.99994,1,0,0,0,0,0,0,1.99996e-05,1.99996e-05,0},&pa={0,0,0,1.99996e-05,0,1.99996e-05,1.99996e-05,0,0,0,1.99996e-05,0,0,0.586708,0.000639987,0.99994,0,0,0,0,5.99988e-05,0,0,0,0}]:12.6262,20[&ch={0,0,0,0,0,0,0,0,0,0,0,0,0,1,0,1,0,0,0,0,0,0,0,0,0},&pa={0,0,0,1.99996e-05,0,1.99996e-05,1.99996e-05,0,0,0,1.99996e-05,0,0,0.586748,0.000179996,0.99994,0,0,0,0,5.99988e-05,0,0,0,0}]:29.6151)[&ch={0,0,0,1.99996e-05,0,1.99996e-05,1.99996e-05,0,0,0,1.99996e-05,0,0,0.586788,0.000639987,0.99994,0,0,0,0,5.99988e-05,0,0,0,0},&pa={0,0.00101998,3.99992e-05,1.99996e-05,0,1.99996e-05,1.99996e-05,0,1.99996e-05,1.99996e-05,0,0.00235995,0,0.115298,1.99996e-05,0.799484,0,0.000119998,0,0.0200596,0.0609788,0,1.99996e-05,0.00203996,0}]:8.33953,(19[&ch={0,0,0,0,0,0,0,0,0,0,0,0,0,0,0,0,0,0,0,1,0,0,0,0,0},&pa={0,0.00421992,0,0,0,1.99996e-05,1.99996e-05,0,0,0,1.99996e-05,0.0418992,0,0.0152397,1.99996e-05,0.282874,0,1.99996e-05,0,0.50427,0.127437,0,0,0.0249595,0}]:30.0816,18[&ch={0,0,0,0,0,0,0,0,0,0,0,1,0,0,0,0,0,0,0,0,0,0,0,1,0},&pa={0,0.00051999,0,0,0,1.99996e-05,1.99996e-05,0,0,0,1.99996e-05,0.309334,0,0.0126597,1.99996e-05,0.168657,0,1.99996e-05,0,0.116738,0.117778,0,0,0.275034,0}]:30.0816)[&ch={0,0.00421992,0,0,0,1.99996e-05,1.99996e-05,0,0,0,1.99996e-05,0.309334,0,0.0225995,1.99996e-05,0.356013,0,1.99996e-05,0,0.50427,0.177996,0,0,0.275034,0},&pa={0,0.00469991,3.99992e-05,1.99996e-05,0,1.99996e-05,1.99996e-05,0,1.99996e-05,1.99996e-05,0,0.0550989,0,0.0272195,1.99996e-05,0.398592,0,0,0,0.273215,0.207796,0,1.99996e-05,0.0341193,0}]:7.87302)[&ch={0,0.00469991,3.99992e-05,1.99996e-05,0,1.99996e-05,1.99996e-05,0,1.99996e-05,1.99996e-05,0,0.0550989,0,0.115298,1.99996e-05,0.799484,0,0.000119998,0,0.273215,0.207796,0,1.99996e-05,0.0341193,0},&pa={1.99996e-05,0.0049799,0,0,1.99996e-05,0,0,0,0,0,0,0.00441991,1.99996e-05,0.0313394,1.99996e-05,0.243695,0,0.000159997,3.99992e-05,0.0312994,0.680546,3.99992e-05,5.99988e-05,0.0048599,0}]:12.9761,17[&ch={0,0,0,0,0,0,0,0,0,0,0,0,0,0,0,0,0,0,0,0,1,0,0,0,0},&pa={1.99996e-05,3.99992e-05,0,0,0,0,0,0,0,0,0,1.99996e-05,1.99996e-05,0,1.99996e-05,3.99992e-05,0,1.99996e-05,1.99996e-05,0,0.99956,0,0.000439991,0,0}]:50.9307)[&ch={1.99996e-05,0.0049999,0,0,1.99996e-05,0,0,0,0,0,0,0.00441991,1.99996e-05,0.0313394,1.99996e-05,0.243695,0,0.000159997,3.99992e-05,0.0312994,0.99956,3.99992e-05,0.000439991,0.0048599,0},&pa={1.99996e-05,0.0049799,0,1.99996e-05,0,0,0,0,0,0,0,1.99996e-05,0,3.99992e-05,0,0.000119998,1.99996e-05,0.000159997,1.99996e-05,1.99996e-05,0.99952,3.99992e-05,0.000459991,0,1.99996e-05}]:2.53414,(((16[&ch={0,0,0,0,0,0,0,0,0,0,0,0,0,0,0,0,0,0,0,0,1,0,0,0,0},&pa={1.99996e-05,1.99996e-05,1.99996e-05,1.99996e-05,0,1.99996e-05,0,0,0,1.99996e-05,0,0,0,0,0,3.99992e-05,1.99996e-05,0,0,1.99996e-05,0.99994,0,0,0,0}]:21.8473,15[&ch={0,0,0,0,0,0,0,0,0,0,0,0,0,0,0,0,0,0,0,0,1,0,0,0,0},&pa={0,0,1.99996e-05,1.99996e-05,0,1.99996e-05,0,0,3.99992e-05,1.99996e-05,0,0,0,0,0,3.99992e-05,1.99996e-05,0,0,1.99996e-05,0.99994,0,0,1.99996e-05,0}]:21.8473)[&ch={1.99996e-05,1.99996e-05,1.99996e-05,1.99996e-05,0,1.99996e-05,0,0,3.99992e-05,1.99996e-05,0,0,0,0,0,5.99988e-05,1.99996e-05,0,0,1.99996e-05,0.99994,0,0,1.99996e-05,0},&pa={0,0,0,0,1.99996e-05,0,5.99988e-05,1.99996e-05,3.99992e-05,5.99988e-05,0,1.99996e-05,0,1.99996e-05,0,5.99988e-05,1.99996e-05,0,0,0,0.99994,0,0,0,0}]:8.12655,14[&ch={0,0,0,0,0,0,0,0,0,0,0,0,0,0,0,0,0,0,0,0,1,0,0,0,0},&pa={0,0,0,0,1.99996e-05,1.99996e-05,3.99992e-05,1.99996e-05,1.99996e-05,5.99988e-05,0,1.99996e-05,0,1.99996e-05,0,1.99996e-05,1.99996e-05,0,0,0,0.99994,0,0,0,0}]:29.9738)[&ch={0,0,0,0,1.99996e-05,1.99996e-05,5.99988e-05,1.99996e-05,3.99992e-05,5.99988e-05,0,1.99996e-05,0,1.99996e-05,0,5.99988e-05,1.99996e-05,0,0,0,0.99994,0,0,0,0},&pa={0,0,0,0,0,1.99996e-05,5.99988e-05,1.99996e-05,1.99996e-05,3.99992e-05,0,1.99996e-05,0,1.99996e-05,0,5.99988e-05,0,0,0,0,0.99994,0,0,0,0}]:4.50233,((13[&ch={0,0,0,0,0,0,0,0,0,0,0,0,0,0,0,0,0,0,0,0,1,0,0,0,0},&pa={1.99996e-05,0,0,0,1.99996e-05,0,1.99996e-05,0,0,1.99996e-05,0,0,0,0,0,1.99996e-05,1.99996e-05,0,0,0,0.99998,0,0,1.99996e-05,0}]:20.4638,12[&ch={0,0,0,0,0,0,0,0,0,0,0,0,0,0,0,0,0,0,0,0,1,0,0,0,0},&pa={0,0,0,0,1.99996e-05,0,1.99996e-05,0,0,1.99996e-05,0,0,0,0,0,0,1.99996e-05,0,0,0,0.99996,0,0,1.99996e-05,0}]:20.4638)[&ch={1.99996e-05,0,0,0,1.99996e-05,0,1.99996e-05,0,0,1.99996e-05,0,0,0,0,0,1.99996e-05,1.99996e-05,0,0,0,0.99998,0,0,1.99996e-05,0},&pa={0,1.99996e-05,0,0,0,1.99996e-05,1.99996e-05,1.99996e-05,0,1.99996e-05,0,1.99996e-05,0,0,0,1.99996e-05,0,0,0,0,0.99996,0,0,0,1.99996e-05}]:8.81019,11[&ch={0,0,0,0,0,0,0,0,0,0,0,0,0,0,0,0,0,0,0,0,1,0,0,0,0},&pa={0,1.99996e-05,0,0,0,1.99996e-05,1.99996e-05,1.99996e-05,0,1.99996e-05,0,1.99996e-05,0,0,0,1.99996e-05,0,0,0,0,0.99996,0,0,0,1.99996e-05}]:29.274)[&ch={0,1.99996e-05,0,0,0,1.99996e-05,1.99996e-05,1.99996e-05,0,1.99996e-05,0,1.99996e-05,0,0,0,1.99996e-05,0,0,0,0,0.99996,0,0,0,1.99996e-05},&pa={0,0,0,0,0,1.99996e-05,5.99988e-05,1.99996e-05,1.99996e-05,3.99992e-05,0,1.99996e-05,1.99996e-05,1.99996e-05,0,5.99988e-05,0,0,0,0,0.99994,0,0,0,0}]:5.20216)[&ch={0,0,0,0,0,1.99996e-05,5.99988e-05,1.99996e-05,1.99996e-05,3.99992e-05,0,1.99996e-05,1.99996e-05,1.99996e-05,0,5.99988e-05,0,0,0,0,0.99994,0,0,0,0},&pa={1.99996e-05,9.9998e-05,0,1.99996e-05,0,0,3.99992e-05,0,0,0,0,1.99996e-05,0,0,0,1.99996e-05,1.99996e-05,0.000339993,0,0,0.99952,3.99992e-05,0.000159997,0,1.99996e-05}]:18.9886)[&ch={1.99996e-05,0.0049799,0,1.99996e-05,0,0,3.99992e-05,0,0,0,0,1.99996e-05,0,3.99992e-05,0,0.000119998,1.99996e-05,0.000439991,1.99996e-05,1.99996e-05,0.99952,3.99992e-05,0.000459991,0,1.99996e-05},&pa={3.99992e-05,0.0049599,0,1.99996e-05,0,0,5.99988e-05,0,1.99996e-05,0,0,1.99996e-05,0,0,0,1.99996e-05,0,0.00047999,0,1.99996e-05,0.999,0,0.000439991,0.00363993,1.99996e-05}]:2.32635,10[&ch={0,0,0,0,0,0,0,0,0,0,0,0,0,0,0,0,0,0,0,0,0,0,0,1,0},&pa={1.99996e-05,7.99984e-05,0,1.99996e-05,0,0,1.99996e-05,0,1.99996e-05,0,0,7.99984e-05,0,9.9998e-05,0,1.99996e-05,0,0.000339993,0,1.99996e-05,0.0612388,0,9.9998e-05,0.943961,1.99996e-05}]:55.7912)[&ch={3.99992e-05,0.0049599,0,1.99996e-05,0,0,5.99988e-05,0,1.99996e-05,0,0,7.99984e-05,0,9.9998e-05,0,1.99996e-05,0,0.00047999,0,1.99996e-05,0.999,0,0.000439991,0.943961,1.99996e-05},&pa={0.0219396,0.0131397,1.99996e-05,0,1.99996e-05,0,1.99996e-05,0,0,0,0,0.0236595,1.99996e-05,0.0217996,1.99996e-05,0.0196796,3.99992e-05,0.00047999,0,1.99996e-05,0.996,1.99996e-05,0.000419992,0.940221,1.99996e-05}]:22.3977,(((((9[&ch={1,0,0,0,0,0,0,0,0,0,0,0,0,0,0,0,0,0,0,0,0,0,0,0,0},&pa={0.99996,0.0306194,3.99992e-05,0,1.99996e-05,1.99996e-05,0,1.99996e-05,0,1.99996e-05,0,1.99996e-05,0,0,1.99996e-05,0,3.99992e-05,0,3.99992e-05,0,0,0,0,0,0}]:15.213,8[&ch={1,1,0,0,0,0,0,0,0,0,0,0,0,0,0,0,0,0,0,0,0,0,0,0,0},&pa={0.99842,0.758145,3.99992e-05,0,1.99996e-05,1.99996e-05,0,1.99996e-05,0,1.99996e-05,0,1.99996e-05,0,0,1.99996e-05,0,3.99992e-05,0,3.99992e-05,0,0,0,0,0,0}]:15.213)[&ch={0.99996,0.758145,3.99992e-05,0,1.99996e-05,1.99996e-05,0,1.99996e-05,0,1.99996e-05,0,1.99996e-05,0,0,1.99996e-05,0,3.99992e-05,0,3.99992e-05,0,0,0,0,0,0},&pa={0.99992,0.758205,0,1.99996e-05,0,0,0,0,0,1.99996e-05,3.99992e-05,0,0,3.99992e-05,1.99996e-05,1.99996e-05,0,0,0,1.99996e-05,0,0,1.99996e-05,3.99992e-05,0}]:11.0932,7[&ch={1,1,0,0,0,0,0,0,0,0,0,0,0,0,0,0,0,0,0,0,0,0,0,0,0},&pa={0.99992,0.758205,0,1.99996e-05,0,0,0,0,0,1.99996e-05,5.99988e-05,0,0,3.99992e-05,1.99996e-05,3.99992e-05,0,0,0,1.99996e-05,0,0,1.99996e-05,3.99992e-05,0}]:26.3062)[&ch={0.99996,0.758205,0,1.99996e-05,0,0,0,0,0,1.99996e-05,5.99988e-05,0,0,3.99992e-05,1.99996e-05,3.99992e-05,0,0,0,1.99996e-05,0,0,1.99996e-05,3.99992e-05,0},&pa={0.9999,0.758205,0,1.99996e-05,0,3.99992e-05,0,0,0,1.99996e-05,5.99988e-05,0,0,3.99992e-05,1.99996e-05,3.99992e-05,0,1.99996e-05,0,0,0,0,0,3.99992e-05,0}]:2.58151,6[&ch={1,1,0,0,0,0,0,0,0,0,0,0,0,0,0,0,0,0,0,0,0,0,0,0,0},&pa={0.99986,0.758205,0,0,0,0,0,0,0,3.99992e-05,3.99992e-05,0,0,3.99992e-05,1.99996e-05,0,0,1.99996e-05,0,0,0,0,0,5.99988e-05,0}]:28.8877)[&ch={0.99996,0.758205,0,1.99996e-05,0,3.99992e-05,0,0,0,3.99992e-05,5.99988e-05,0,0,3.99992e-05,1.99996e-05,3.99992e-05,0,1.99996e-05,0,0,0,0,0,5.99988e-05,0},&pa={0.99996,0.758185,1.99996e-05,3.99992e-05,1.99996e-05,3.99992e-05,0,0,0,1.99996e-05,1.99996e-05,0,0,0,1.99996e-05,1.99996e-05,0,1.99996e-05,0,0,0,0,0,3.99992e-05,0}]:3.97111,5[&ch={1,1,0,0,0,0,0,0,0,0,0,0,0,0,0,0,0,0,0,0,0,0,0,0,0},&pa={0.99992,0.758185,1.99996e-05,1.99996e-05,1.99996e-05,0,0,0,0,0,0,0,0,0,1.99996e-05,1.99996e-05,1.99996e-05,1.99996e-05,0,0,0,0,0,1.99996e-05,0}]:32.8588)[&ch={0.99996,0.758185,1.99996e-05,3.99992e-05,1.99996e-05,3.99992e-05,0,0,0,1.99996e-05,1.99996e-05,0,0,0,1.99996e-05,1.99996e-05,1.99996e-05,1.99996e-05,0,0,0,0,0,3.99992e-05,0},&pa={0.818184,0.272635,0,0,5.99988e-05,3.99992e-05,0,0,0,1.99996e-05,0,0.0099998,1.99996e-05,0.0108198,0,0.00811984,1.99996e-05,0,0,3.99992e-05,0.000339993,0,0,0.000299994,0}]:34.8339,(((4[&ch={0,0,0,0,0,0,0,0,0,0,0,0,0,1,1,1,0,0,0,0,0,0,0,0,0},&pa={0,0,0,0,1.99996e-05,1.99996e-05,0,0,0,0,1.99996e-05,0.0167997,0,0.971181,0.000379992,0.98702,1.99996e-05,0,0,1.99996e-05,0,0,0,0,0}]:18.2067,3[&ch={0,0,0,0,0,0,0,0,0,0,0,1,0,0,0,0,0,0,0,1,0,0,0,0,0},&pa={0,0,0,0,1.99996e-05,1.99996e-05,0,0,0,0,1.99996e-05,0.955981,0,0.0147597,1.99996e-05,0.0343793,1.99996e-05,0,0,0.0233995,0,0,0,0,0}]:18.2067)[&ch={0,0,0,0,1.99996e-05,1.99996e-05,0,0,0,0,1.99996e-05,0.955981,0,0.971241,0.000379992,0.98704,1.99996e-05,0,0,0.0233995,0,0,0,0,0},&pa={0,0,1.99996e-05,0,1.99996e-05,0,0,0,5.99988e-05,0,0,0.947961,0,0.971201,0,0.98706,0,0,0,0.000179996,0,1.99996e-05,0,0,0}]:9.64167,2[&ch={0,0,0,0,0,0,0,0,0,0,0,0,0,0,0,1,0,0,0,0,0,0,0,0,0},&pa={0,0,1.99996e-05,0,1.99996e-05,0,0,0,1.99996e-05,0,0,0.0048199,0,0.0051199,0,1,0,0,0,0,0,1.99996e-05,0,0,0}]:27.8484)[&ch={0,0,1.99996e-05,0,1.99996e-05,0,0,0,5.99988e-05,0,0,0.947961,0,0.971201,0,1,0,0,0,0.000179996,0,1.99996e-05,0,0,0},&pa={0,0,0,0,0,0,0,0,0,1.99996e-05,0,0.947921,1.99996e-05,0.971401,0,0.99728,0,1.99996e-05,1.99996e-05,0,0,1.99996e-05,0,0,0}]:15.0235,(1[&ch={0,0,0,0,0,0,0,0,0,0,0,1,0,0,0,0,0,0,0,0,0,0,0,0,0},&pa={0,0,0,0,0,0,0,0,1.99996e-05,3.99992e-05,1.99996e-05,0.98758,0,0.00873983,1.99996e-05,0.0201796,0,0,0,1.99996e-05,0,1.99996e-05,1.99996e-05,3.99992e-05,1.99996e-05}]:26.4812,0[&ch={0,0,0,0,0,0,0,0,0,0,0,0,0,1,0,1,0,0,0,0,0,0,0,0,0},&pa={0,0,0,0,1.99996e-05,0,0,0,0,3.99992e-05,1.99996e-05,0.00961981,0,0.99998,1.99996e-05,0.99722,0,0,1.99996e-05,1.99996e-05,0,1.99996e-05,1.99996e-05,3.99992e-05,1.99996e-05}]:26.4812)[&ch={0,0,0,0,1.99996e-05,0,0,0,1.99996e-05,3.99992e-05,1.99996e-05,0.98758,0,0.99998,1.99996e-05,0.99728,0,0,1.99996e-05,1.99996e-05,0,1.99996e-05,1.99996e-05,3.99992e-05,1.99996e-05},&pa={0,0,0,0,0,0,0,0,0,1.99996e-05,0,0.948021,1.99996e-05,0.99996,0,0.99728,0,1.99996e-05,1.99996e-05,0,0,1.99996e-05,0,0,0}]:16.3907)[&ch={0,0,0,0,0,0,0,0,0,1.99996e-05,0,0.948021,1.99996e-05,0.99998,0,0.99728,0,1.99996e-05,1.99996e-05,0,0,1.99996e-05,0,0,0},&pa={0.0107798,0.0051199,0,0,5.99988e-05,3.99992e-05,1.99996e-05,0,0,1.99996e-05,0,0.801964,1.99996e-05,0.898062,0,0.540689,1.99996e-05,0,0,3.99992e-05,0.00049999,0,1.99996e-05,0.00097998,0}]:24.8209)[&ch={0.818204,0.272635,0,0,5.99988e-05,3.99992e-05,1.99996e-05,0,0,1.99996e-05,0,0.801964,1.99996e-05,0.898122,0,0.540689,1.99996e-05,0,0,3.99992e-05,0.000759985,0,1.99996e-05,0.00125997,0},&pa={0.818004,0.272715,1.99996e-05,0,7.99984e-05,0,3.99992e-05,0,0,0,0,0.801864,1.99996e-05,0.897862,1.99996e-05,0.540169,3.99992e-05,0,1.99996e-05,3.99992e-05,0.0337993,0,0.000139997,0.0347993,1.99996e-05}]:10.4961)[&ch={0.818004,0.277414,1.99996e-05,0,7.99984e-05,0,3.99992e-05,0,0,0,0,0.801864,1.99996e-05,0.897862,1.99996e-05,0.540209,3.99992e-05,0.00047999,1.99996e-05,3.99992e-05,0.996,1.99996e-05,0.000459991,0.940221,1.99996e-05},&pa={1,1,1,1,1,1,1,1,1,1,1,1,1,1,1,1,1,1,1,1,1,1,1,1,1}]:0;
End;

