Iteration	Posterior	Likelihood	Prior	r_loss	dp	r_gain	narrow_sympatry	allopatry	widespread_sympatry
0	-90.2437	-96.5763	6.33256	0.00634705	0.0139921	0.210825	0.154935	0.0726007	0.772465
10	-47.8129	-54.3993	6.58642	0.0472997	0.0245744	0.0386632	0.453052	0.163205	0.383744
20	-47.7897	-53.6298	5.8401	0.207256	0.018227	0.0168136	0.228806	0.700438	0.0707559
30	-44.998	-50.7819	5.78386	0.149914	0.0213574	0.0484743	0.478005	0.442026	0.0799691
40	-49.5164	-56.0751	6.55865	0.133993	0.0141929	0.0585625	0.416718	0.217237	0.366046
50	-45.8966	-53.3426	7.44598	0.0977812	0.00921226	0.0558473	0.115743	0.00919293	0.875064
60	-36.6319	-44.4564	7.82451	0.0545968	0.0106065	0.0472359	0.147526	0.203803	0.648671
70	-43.0076	-51.1	8.09233	0.0751992	0.00630906	0.0428255	0.481707	0.37407	0.144223
80	-41.1213	-49.5076	8.38633	0.0307413	0.0059791	0.0611839	0.10576	0.431996	0.462244
90	-42.5072	-50.1245	7.61735	0.120361	0.00526287	0.0556241	0.266357	0.503811	0.229832
100	-43.5325	-51.087	7.55456	0.112768	0.00534337	0.0686909	0.159146	0.736191	0.104663
110	-48.4304	-56.2412	7.81074	0.116999	0.00629067	0.0293689	0.438678	0.298097	0.263225
120	-48.1357	-54.9991	6.86338	0.15248	0.0106972	0.0445596	0.779004	0.0622442	0.158752
130	-48.4792	-56.0121	7.53286	0.0872312	0.00850222	0.0648097	0.253271	0.587135	0.159594
140	-42.9339	-50.5514	7.61751	0.12034	0.00579221	0.0503354	0.433049	0.562288	0.00466373
150	-44.3529	-51.2513	6.89842	0.130277	0.0131836	0.0383934	0.336391	0.401566	0.262044
160	-43.3353	-50.8429	7.50761	0.111875	0.00842682	0.043445	0.514683	0.388919	0.0963977
170	-44.6659	-51.6371	6.97123	0.186089	0.00597941	0.0473426	0.30546	0.421753	0.272786
180	-43.1307	-49.9	6.76931	0.152015	0.0125213	0.0361899	0.468014	0.252418	0.279569
190	-50.3738	-54.746	4.37227	0.20928	0.0271133	0.0727082	0.888496	0.0813264	0.0301772
200	-40.4877	-46.351	5.8633	0.0773177	0.0285884	0.0408172	0.484229	0.497339	0.0184318
210	-40.8084	-45.4472	4.63884	0.162174	0.0314121	0.0501693	0.238703	0.419749	0.341547
220	-44.6036	-50.3725	5.76887	0.117467	0.0278008	0.0179866	0.508174	0.216675	0.275151
230	-37.5191	-44.5251	7.00604	0.158773	0.0107505	0.0234663	0.174557	0.176181	0.649262
240	-46.6669	-53.6432	6.97625	0.0657892	0.0204287	0.0226485	0.547704	0.381959	0.0703374
250	-45.2734	-51.1617	5.88833	0.240884	0.0129061	0.0315711	0.38171	0.128391	0.489899
260	-42.5307	-48.5083	5.97762	0.0928	0.0259625	0.040162	0.336915	0.130306	0.53278
270	-46.835	-52.4658	5.63074	0.204665	0.0190964	0.0316451	0.198613	0.308922	0.492465
280	-49.285	-56.457	7.17206	0.123415	0.0123772	0.0259554	0.353736	0.349075	0.297188
290	-48.4406	-55.6286	7.188	0.16077	0.00376618	0.0731177	0.796483	0.0523867	0.15113
300	-41.7437	-49.33	7.58632	0.119353	0.00480516	0.0643124	0.183535	0.463976	0.352488
310	-43.4229	-51.5702	8.14728	0.0596262	0.00747765	0.0412185	0.46438	0.188063	0.347557
320	-44.8227	-49.9385	5.11576	0.111562	0.0314085	0.0531257	0.44426	0.304551	0.251188
330	-45.7321	-51.111	5.37891	0.0837526	0.0299531	0.0691738	0.336094	0.577323	0.0865825
340	-43.2146	-50.1375	6.92286	0.149202	0.00886482	0.0602125	0.0332558	0.583028	0.383716
350	-43.3611	-49.6868	6.32566	0.146562	0.0170917	0.0403043	0.57367	0.226263	0.200067
360	-41.1228	-49.278	8.15523	0.0952727	0.00116074	0.0679461	0.381248	0.188456	0.430296
370	-42.5887	-50.5386	7.94989	0.0987248	0.00652365	0.0313987	0.182262	0.311582	0.506156
380	-42.0616	-50.2492	8.18769	0.0903119	0.00314664	0.0498018	0.319072	0.104126	0.576802
390	-43.265	-50.961	7.696	0.104205	0.00679222	0.0486216	0.288735	0.414946	0.296319
400	-45.5847	-51.0507	5.466	0.182779	0.0214198	0.046771	0.18721	0.520813	0.291976
410	-41.1368	-48.6401	7.50321	0.139458	0.00615928	0.0389771	0.389475	0.0494793	0.561045
420	-36.5681	-45.021	8.4529	0.0437177	0.00488581	0.0524829	0.328036	0.0655085	0.606456
430	-43.9132	-51.3603	7.44711	0.141309	0.004181	0.0625196	0.350053	0.605415	0.0445325
440	-44.6714	-50.323	5.65156	0.118392	0.0242784	0.0640169	0.694027	0.270793	0.0351799
450	-45.4477	-51.6648	6.21703	0.0578592	0.0261752	0.0490345	0.466658	0.0198599	0.513482
460	-40.1405	-47.0519	6.91143	0.088323	0.015651	0.0543732	0.496245	0.0128196	0.490935
470	-46.5362	-50.555	4.01874	0.223898	0.0332712	0.0318646	0.252557	0.35584	0.391603
480	-42.5435	-44.2993	1.75576	0.125426	0.0656614	0.0327325	0.100644	0.279823	0.619533
490	-37.9263	-45.3659	7.4396	0.0413372	0.0155607	0.0494444	0.180206	0.272424	0.54737
500	-41.9178	-49.022	7.10423	0.0782262	0.014392	0.0577795	0.231208	0.285239	0.483553
510	-43.2682	-51.0015	7.73336	0.0996344	0.00961635	0.0212146	0.354024	0.451952	0.194024
520	-43.573	-50.9832	7.41024	0.17315	0.00486162	0.0275581	0.59111	0.372248	0.036642
530	-41.8577	-49.7627	7.90504	0.140246	0.00111814	0.0484175	0.310428	0.314323	0.375249
540	-41.3679	-50.0384	8.67055	0.0473589	0.00297272	0.0462074	0.272144	0.183937	0.543919
550	-38.9508	-47.5648	8.61398	0.0586426	0.000789672	0.0624117	0.410445	0.0616694	0.527886
560	-43.2343	-50.8111	7.57682	0.13243	0.00465994	0.0536378	0.00889846	0.431088	0.560013
570	-43.9292	-50.6788	6.74963	0.137985	0.00919007	0.0855001	0.395432	0.248029	0.356539
580	-44.6325	-50.4348	5.80228	0.123456	0.0258187	0.028477	0.598731	0.0222403	0.379029
590	-45.5291	-49.7692	4.2401	0.143419	0.0381307	0.0416119	0.530437	0.292546	0.177017
600	-45.6356	-49.898	4.2624	0.125405	0.0384632	0.0540721	0.397263	0.430788	0.17195
610	-41.4141	-49.2188	7.80478	0.0430654	0.0128084	0.0387218	0.150486	0.390126	0.459388
620	-47.2277	-54.0011	6.77349	0.108723	0.017178	0.0324971	0.167996	0.0742154	0.757789
630	-46.9109	-51.9221	5.01124	0.133281	0.0264123	0.0918211	0.221493	0.431887	0.34662
640	-43.2825	-49.6505	6.36804	0.095674	0.0234477	0.0233938	0.113657	0.576695	0.309648
650	-45.3745	-52.2808	6.90631	0.112155	0.0134411	0.0531519	0.0506255	0.476423	0.472951
660	-48.8347	-55.2588	6.42418	0.1451	0.0137444	0.0653869	0.56444	0.320209	0.115351
670	-45.9479	-52.9976	7.04976	0.100593	0.0130798	0.0539817	0.682754	0.108408	0.208838
680	-48.8175	-55.5204	6.70292	0.146619	0.0098883	0.0745548	0.354354	0.146034	0.499612
690	-44.0368	-51.7562	7.71941	0.165385	0.00249456	0.0280778	0.351935	0.37875	0.269316
700	-43.3509	-51.6979	8.34693	0.0931822	0.000336551	0.0591077	0.427145	0.314327	0.258528
710	-44.1013	-51.9346	7.83326	0.160027	0.00061064	0.0408897	0.467238	0.0566014	0.47616
720	-47.8772	-55.2272	7.35	0.190627	0.00116433	0.0530783	0.726804	0.177337	0.0958596
730	-47.659	-55.431	7.77207	0.155056	0.00159944	0.0420915	0.129702	0.717439	0.152859
740	-46.8534	-54.2964	7.44297	0.131471	0.00365796	0.0780009	0.183512	0.299141	0.517347
750	-41.3557	-48.9533	7.59761	0.0659937	0.0146921	0.0176734	0.0100525	0.34153	0.648418
760	-43.7415	-51.1599	7.41842	0.0664962	0.0141779	0.0402319	0.611354	0.0583544	0.330291
770	-44.8913	-52.3195	7.42821	0.094384	0.00812627	0.0718814	0.394655	0.518183	0.0871616
780	-34.8183	-42.9727	8.15441	0.0670077	0.00742977	0.0336028	0.263346	0.384672	0.351982
790	-39.6546	-48.0531	8.39857	0.0636858	0.00391186	0.0476871	0.83059	0.074809	0.0946011
800	-45.7646	-52.7376	6.97299	0.0777602	0.015182	0.0634689	0.412325	0.17281	0.414865
810	-36.4202	-43.0614	6.64113	0.0749334	0.0201439	0.0498636	0.0517178	0.558992	0.38929
820	-45.1468	-48.8373	3.69046	0.0964029	0.0463995	0.0609046	0.390341	0.375469	0.23419
830	-37.1233	-44.5547	7.43147	0.0768532	0.0128586	0.0417622	0.461912	0.042273	0.495815
840	-40.1028	-47.2115	7.10872	0.112215	0.011104	0.0562215	0.473475	0.276052	0.250473
850	-42.4624	-49.7049	7.24248	0.0989163	0.0156541	0.0106437	0.075141	0.424744	0.500115
860	-39.4521	-46.5764	7.12434	0.102397	0.0110438	0.0650803	0.083981	0.1899	0.726119
870	-43.7441	-51.226	7.48191	0.0725242	0.0137545	0.0320888	0.549832	0.160195	0.289973
880	-43.6236	-51.5091	7.88551	0.0838255	0.00420919	0.0758804	0.626636	0.0496854	0.323679
890	-43.2239	-51.2239	8	0.0856479	0.00328018	0.0718995	0.374785	0.354602	0.270613
900	-42.2363	-50.826	8.58973	0.077213	0.00175014	0.0366609	0.49129	0.0422516	0.466458
910	-42.6753	-51.1735	8.49825	0.0960033	0.00127662	0.0317547	0.12115	0.541101	0.337749
920	-47.2744	-54.9802	7.70575	0.14262	0.00221692	0.0549839	0.254125	0.330357	0.415518
930	-48.0892	-55.3055	7.21631	0.130392	0.00979174	0.0404085	0.204607	0.195648	0.599745
940	-43.2659	-51.0888	7.82286	0.116687	0.00381569	0.0532184	0.0629636	0.330738	0.606298
950	-43.2055	-50.6274	7.42197	0.153654	0.0043016	0.0514818	0.285333	0.469428	0.245239
960	-45.7571	-53.4677	7.71052	0.131462	0.00352484	0.0525871	0.322454	0.109656	0.56789
970	-48.4796	-56.735	8.25543	0.0716917	0.0028512	0.0646022	0.616419	0.217405	0.166176
980	-45.5033	-53.0989	7.59556	0.09949	0.0075322	0.0559808	0.642989	0.250336	0.106675
990	-43.6834	-50.6519	6.96848	0.136563	0.00906189	0.0663191	0.322244	0.369455	0.308301
1000	-39.8504	-47.2549	7.40449	0.207027	0.00192586	0.0236139	0.296732	0.0720452	0.631223
1010	-40.6411	-48.7517	8.11056	0.0971921	0.00181354	0.0639648	0.409429	0.501265	0.0893057
1020	-38.5872	-47.3503	8.76313	0.068491	0.0017564	0.0279804	0.362744	0.199798	0.437459
1030	-39.6385	-47.685	8.04646	0.074008	0.00566183	0.0550767	0.18608	0.249036	0.564884
1040	-32.8323	-40.8858	8.05341	0.0269875	0.0106852	0.0511688	0.0114337	0.526812	0.461754
1050	-35.193	-42.1878	6.99484	0.0820499	0.0156858	0.0519571	0.0533201	0.328812	0.617868
1060	-40.4695	-48.8872	8.41771	0.0424878	0.00900707	0.0160195	0.395091	0.45114	0.153769
1070	-39.4317	-46.9133	7.48164	0.0949338	0.00808346	0.0664164	0.663209	0.129321	0.20747
1080	-39.8989	-46.3364	6.43746	0.167734	0.0127011	0.0518575	0.220512	0.519613	0.259874
1090	-34.479	-42.0423	7.56331	0.110018	0.0101632	0.0223676	0.18474	0.135828	0.679432
1100	-41.0656	-47.8465	6.78096	0.132855	0.0145023	0.0343745	0.201418	0.583871	0.214711
1110	-39.8088	-46.3304	6.52158	0.0827178	0.0204723	0.0507497	0.190697	0.11626	0.693043
1120	-44.1199	-51.0982	6.97833	0.0760736	0.0153151	0.0632905	0.360357	0.0680359	0.571607
1130	-42.2427	-50.7455	8.50281	0.0744589	0.0017794	0.047815	0.282626	0.635944	0.0814291
1140	-46.2459	-52.9785	6.73264	0.253069	0.00189859	0.0450302	0.564358	0.2626	0.173042
1150	-43.1744	-51.1618	7.98742	0.147174	0.00203403	0.0240925	0.152914	0.194115	0.652971
1160	-43.7519	-52.078	8.3261	0.112128	0.00118351	0.0337748	0.221479	0.0307988	0.747723
1170	-45.0536	-52.8128	7.75921	0.113763	0.00404235	0.0602417	0.746045	0.0492743	0.204681
1180	-51.8475	-58.1228	6.27528	0.0986865	0.0206859	0.0572758	0.737078	0.0878318	0.17509
1190	-48.8968	-54.6813	5.78447	0.10081	0.0242505	0.0685862	0.370278	0.570167	0.0595548
1200	-46.0381	-51.6715	5.6334	0.139491	0.024233	0.0451878	0.300746	0.454444	0.24481
1210	-47.4395	-52.3489	4.90946	0.0751202	0.039432	0.0299625	0.424209	0.387263	0.188529
1220	-47.3386	-52.5866	5.248	0.16048	0.0277121	0.0279483	0.527328	0.048492	0.42418
1230	-44.3755	-52.1297	7.75417	0.0993688	0.00680829	0.0474805	0.382609	0.380718	0.236672
1240	-44.7017	-52.3694	7.6677	0.057515	0.0112509	0.0535543	0.243053	0.542021	0.214926
1250	-47.9344	-54.263	6.32857	0.0908117	0.021922	0.047461	0.104994	0.474633	0.420373
1260	-43.2988	-49.3391	6.04029	0.099488	0.0235792	0.0510402	0.0386481	0.479454	0.481898
1270	-51.7552	-57.5373	5.78213	0.186055	0.0142978	0.0831027	0.261926	0.368854	0.36922
1280	-45.4553	-50.8806	5.4253	0.183821	0.0206809	0.0571889	0.0953551	0.136206	0.768438
1290	-49.4156	-55.654	6.23836	0.129012	0.0160362	0.0771396	0.200733	0.418993	0.380274
1300	-50.308	-57.0953	6.78735	0.0693468	0.020675	0.0355165	0.149794	0.635243	0.214963
1310	-46.0558	-53.6658	7.61001	0.0990332	0.00814816	0.0488333	0.1203	0.235104	0.644596
1320	-42.8447	-50.9087	8.064	0.100007	0.00375034	0.0464389	0.187167	0.476246	0.336587
1330	-45.74	-53.2862	7.54619	0.16981	0.00456663	0.0202539	0.399065	0.237716	0.36322
1340	-45.7569	-53.1532	7.39629	0.102245	0.00740458	0.0744295	0.221944	0.363911	0.414145
1350	-51.6954	-56.8682	5.17276	0.121869	0.0255494	0.0957098	0.535971	0.168283	0.295746
1360	-43.7426	-50.0189	6.27634	0.130894	0.0179553	0.0522682	0.456871	0.0198719	0.523257
1370	-53.1269	-60.0264	6.89945	0.150692	0.0104042	0.0456693	0.355627	0.577858	0.0665147
1380	-48.6861	-54.6984	6.01223	0.12947	0.0205023	0.0546329	0.0562359	0.483615	0.460149
1390	-47.5731	-53.1807	5.60765	0.242083	0.0127458	0.0600428	0.431782	0.310676	0.257541
1400	-44.2995	-51.3741	7.07464	0.10744	0.0118328	0.0571163	0.155136	0.563255	0.281609
1410	-49.4095	-56.1804	6.77092	0.204736	0.00321532	0.0763673	0.31745	0.153578	0.528972
1420	-44.8271	-52.6958	7.86869	0.108822	0.000727394	0.0873835	0.471057	0.416645	0.112297
1430	-45.4715	-53.821	8.34942	0.0833628	0.0010141	0.0619026	0.620609	0.00689485	0.372497
1440	-48.3099	-56.2402	7.93027	0.0895954	0.00338723	0.0738537	0.284845	0.659116	0.0560387
1450	-43.113	-50.4699	7.35686	0.133549	0.00878937	0.03322	0.00303181	0.974872	0.0220958
1460	-47.1361	-53.9629	6.82678	0.107318	0.00893719	0.110981	0.0102507	0.79107	0.19868
1470	-50.0991	-55.1927	5.0936	0.15351	0.0263037	0.064442	0.067075	0.826666	0.106259
1480	-46.4948	-52.1353	5.64057	0.157348	0.0195397	0.073547	0.22953	0.355111	0.415359
1490	-49.3118	-55.6206	6.30875	0.101014	0.0213021	0.0454385	0.317823	0.199176	0.483001
1500	-47.5203	-55.1138	7.59345	0.126257	0.0074457	0.0302901	0.374836	0.177514	0.44765
1510	-42.9364	-50.6767	7.74027	0.106783	0.0070187	0.0393517	0.379684	0.153697	0.466619
1520	-44.586	-51.177	6.591	0.192198	0.011691	0.0221403	0.481227	0.111214	0.407559
1530	-43.3471	-49.6638	6.31664	0.153268	0.0135569	0.0698472	0.0873344	0.402013	0.510652
1540	-42.4959	-48.8408	6.34485	0.23395	0.0092114	0.0297996	0.236287	0.548173	0.215539
1550	-41.7674	-49.197	7.42955	0.0969028	0.0101958	0.0485325	0.712331	0.178396	0.109273
1560	-36.4603	-43.876	7.41566	0.099269	0.0121197	0.0283162	0.228622	0.0571719	0.714206
1570	-38.1759	-45.7812	7.60539	0.0838669	0.00830854	0.0628571	0.193448	0.60986	0.196691
1580	-40.8901	-48.4027	7.51259	0.162628	0.0021777	0.0546843	0.504207	0.371776	0.124017
1590	-43.416	-50.3448	6.92879	0.187594	0.00212842	0.0885916	0.620987	0.168092	0.21092
1600	-41.4353	-49.2303	7.79496	0.1517	0.00231121	0.0360409	0.510696	0.13849	0.350814
1610	-39.9806	-46.5615	6.58089	0.110723	0.0189938	0.0315985	0.366102	0.21493	0.418968
1620	-37.698	-45.4124	7.71434	0.102153	0.00803248	0.0364368	0.205699	0.687502	0.106799
1630	-38.9362	-45.7406	6.80441	0.12553	0.0138314	0.0460639	0.543141	0.213857	0.243002
1640	-41.1576	-48.9262	7.76859	0.0833519	0.00843187	0.0458196	0.178855	0.177018	0.644128
1650	-40.0788	-46.8966	6.81783	0.132204	0.0127236	0.0491256	0.612526	0.14659	0.240883
1660	-41.3311	-48.3937	7.06259	0.140422	0.0101205	0.0424621	0.395643	0.18558	0.418777
1670	-38.6903	-45.9806	7.29033	0.114669	0.0110477	0.0361705	0.0120797	0.0125303	0.97539
1680	-44.2468	-52.2318	7.98493	0.0659708	0.00959998	0.0298849	0.0269143	0.611962	0.361124
1690	-42.4683	-50.6757	8.20738	0.0930022	0.004432	0.0322885	0.336144	0.323099	0.340756
1700	-39.2363	-46.5619	7.32564	0.101817	0.010918	0.0467878	0.0300936	0.40284	0.567066
1710	-44.2143	-50.9519	6.73751	0.130685	0.0160718	0.0251937	0.687773	0.212969	0.0992585
1720	-40.8778	-48.4996	7.62176	0.132183	0.0057134	0.0388553	0.195295	0.151858	0.652847
1730	-48.2497	-55.3147	7.06504	0.149574	0.00656667	0.0686041	0.232016	0.1513	0.616684
1740	-52.0192	-58.7313	6.71208	0.0686318	0.0150561	0.0999481	0.475447	0.28892	0.235633
1750	-47.9323	-55.3846	7.45229	0.105247	0.00833421	0.0565306	0.333767	0.582635	0.0835973
1760	-48.9826	-55.7053	6.72278	0.141966	0.0140576	0.0355286	0.260684	0.426967	0.312349
1770	-43.5142	-51.6125	8.09831	0.0839002	0.00521339	0.0444839	0.271557	0.586768	0.141676
1780	-47.1777	-53.1499	5.97217	0.0947824	0.025648	0.0418687	0.632571	0.323372	0.044057
1790	-45.6699	-53.3492	7.67928	0.0839203	0.00584638	0.0800368	0.267693	0.592569	0.139738
1800	-43.5744	-51.363	7.78865	0.12423	0.00575016	0.029753	0.157544	0.451269	0.391187
1810	-44.2911	-52.5159	8.22483	0.105676	0.00232883	0.0389021	0.348905	0.350772	0.300323
1820	-47.6866	-55.2847	7.59813	0.125586	0.00399884	0.064961	0.523856	0.0555518	0.420593
1830	-49.972	-54.2667	4.29471	0.251525	0.0241706	0.0676463	0.438368	0.39609	0.165542
1840	-44.3708	-51.3118	6.94095	0.191336	0.00539571	0.0509607	0.364754	0.518053	0.117193
1850	-45.9799	-52.5061	6.52624	0.19519	0.00530185	0.0895165	0.312364	0.367225	0.320411
1860	-46.7164	-52.7907	6.07439	0.253355	0.00599073	0.0696476	0.263323	0.323373	0.413304
1870	-43.8275	-51.197	7.36953	0.158039	0.00298679	0.0654888	0.248622	0.516934	0.234445
1880	-41.1582	-49.1644	8.00619	0.0903514	0.00291185	0.0702601	0.305773	0.0907791	0.603448
1890	-44.3847	-52.6581	8.27339	0.116735	0.000633453	0.0399398	0.558606	0.263317	0.178077
1900	-42.8548	-50.3782	7.52341	0.181702	0.000720658	0.049099	0.26055	0.520822	0.218628
1910	-42.0865	-49.9226	7.83615	0.150511	0.000298759	0.0532349	0.630583	0.00406878	0.365349
1920	-41.1761	-49.0367	7.86059	0.129676	0.00281589	0.0464552	0.430594	0.233629	0.335777
1930	-42.0845	-50.3381	8.25364	0.0929186	0.00164842	0.0555819	0.249683	0.665525	0.0847921
1940	-42.4033	-50.9692	8.5659	0.0829661	0.00187147	0.032078	0.332653	0.217673	0.449674
1950	-44.684	-51.3834	6.69943	0.172398	0.00694203	0.0785874	0.284375	0.364297	0.351328
1960	-43.6903	-51.9377	8.24745	0.0677236	0.00705998	0.0272806	0.303323	0.432245	0.264432
1970	-43.3162	-51.7107	8.39451	0.0592226	0.00540568	0.0376183	0.269829	0.590873	0.139297
1980	-43.4857	-50.6874	7.20168	0.190827	0.00287299	0.0506241	0.232213	0.540251	0.227537
1990	-47.1702	-53.6946	6.52439	0.290688	0.00101355	0.0370866	0.451694	0.397532	0.150774
2000	-42.2952	-50.4354	8.14022	0.125747	0.00147546	0.0358259	0.234488	0.355999	0.409513
2010	-42.138	-50.0876	7.94955	0.12103	0.00360714	0.0382931	0.348378	0.512849	0.138773
2020	-42.6634	-50.3787	7.71535	0.088858	0.00788793	0.0510761	0.397671	0.0495495	0.552779
2030	-43.8936	-51.0643	7.17065	0.152519	0.00946048	0.0261599	0.129064	0.469326	0.40161
2040	-45.5005	-52.8033	7.30274	0.0754413	0.00937807	0.0908528	0.324767	0.241611	0.433622
2050	-44.023	-52.2523	8.22925	0.119118	0.00297839	0.0185227	0.207383	0.222982	0.569635
2060	-44.6021	-51.4837	6.88164	0.223232	0.00291211	0.0498314	0.303325	0.0519875	0.644688
2070	-46.6865	-53.9607	7.27427	0.152529	0.00975161	0.0128764	0.669914	0.113663	0.216423
2080	-43.5413	-50.3076	6.76632	0.116102	0.0165059	0.0325555	0.220092	0.0184648	0.761443
2090	-44.6189	-49.9107	5.29177	0.110218	0.0301963	0.0489904	0.159722	0.194891	0.645387
2100	-43.1023	-50.3649	7.2626	0.142398	0.0089932	0.0317578	0.326009	0.405343	0.268647
2110	-43.4009	-50.3246	6.92374	0.168732	0.00934827	0.0357599	0.691074	0.129906	0.17902
2120	-44.3792	-51.2497	6.87048	0.184647	0.00501629	0.0684916	0.569194	0.360487	0.0703184
2130	-42.7702	-50.1353	7.36505	0.142342	0.00569428	0.0545593	0.521952	0.347268	0.130781
2140	-42.3722	-49.9864	7.61421	0.14872	0.00342889	0.045918	0.320309	0.203372	0.476318
2150	-43.0086	-50.1962	7.18755	0.149973	0.00666472	0.0549739	0.340507	0.471235	0.188258
2160	-42.7251	-49.9826	7.25751	0.145943	0.00699445	0.0487102	0.34361	0.307445	0.348944
2170	-44.3092	-50.6688	6.35958	0.1166	0.0167358	0.0704319	0.15588	0.269805	0.574315
2180	-47.4829	-51.3185	3.83554	0.119603	0.0464321	0.022871	0.388092	0.345534	0.266374
2190	-44.4299	-49.9987	5.56879	0.11199	0.0277387	0.0440937	0.195661	0.528462	0.275877
2200	-44.0389	-51.1934	7.15445	0.0655524	0.0162153	0.047198	0.122979	0.477407	0.399615
2210	-45.8153	-50.2282	4.41284	0.102893	0.0390097	0.0560742	0.571052	0.331521	0.0974273
2220	-42.7572	-50.4297	7.67247	0.124314	0.00668101	0.0319785	0.229779	0.444249	0.325972
2230	-43.0381	-50.4923	7.45417	0.0883397	0.0116202	0.0403901	0.361316	0.459905	0.178779
2240	-44.1187	-51.1298	7.01115	0.109709	0.0102074	0.0774507	0.440053	0.372106	0.187841
2250	-42.9345	-49.8874	6.95296	0.122064	0.0122845	0.0501431	0.364342	0.511599	0.12406
2260	-44.3306	-50.6404	6.30981	0.0839429	0.0219084	0.056341	0.416843	0.452858	0.130299
2270	-45.5279	-53.0853	7.55745	0.058832	0.015358	0.0221915	0.345436	0.559529	0.0950348
2280	-43.3296	-51.29	7.96044	0.0976444	0.00722266	0.0244334	0.248872	0.60027	0.150858
2290	-43.3478	-51.6028	8.25494	0.067104	0.00660096	0.0317407	0.351925	0.452111	0.195965
2300	-42.4341	-50.1379	7.70378	0.11939	0.00666447	0.0339358	0.164501	0.295828	0.539671
2310	-48.2481	-51.8798	3.6316	0.188171	0.0359452	0.0795656	0.373318	0.060293	0.566389
2320	-43.6058	-49.3047	5.69891	0.0743779	0.0292657	0.0534235	0.475545	0.174593	0.349862
2330	-43.4105	-50.8691	7.45857	0.0990529	0.00759149	0.0695236	0.262192	0.381251	0.356557
2340	-43.663	-51.3738	7.71081	0.0712003	0.0117475	0.0305927	0.358096	0.187012	0.454892
2350	-44.2117	-51.0799	6.86821	0.156957	0.00712628	0.075308	0.226225	0.315471	0.458304
2360	-47.4375	-53.5362	6.09872	0.195191	0.00842771	0.101009	0.354312	0.0756885	0.57
2370	-43.0115	-50.3664	7.35493	0.112676	0.00778083	0.0643706	0.079328	0.23381	0.686862
2380	-43.555	-50.3197	6.76465	0.103882	0.0148555	0.061446	0.144433	0.442957	0.412609
2390	-44.0417	-50.8679	6.82622	0.0728917	0.0189814	0.0450207	0.265205	0.184761	0.550035
2400	-47.2471	-50.3951	3.14796	0.0902663	0.0532101	0.0531862	0.442378	0.49065	0.0669722
2410	-44.1181	-50.6781	6.55996	0.156315	0.0149095	0.0289425	0.304351	0.478317	0.217332
2420	-43.0895	-50.2691	7.17964	0.129234	0.0112027	0.0311239	0.66988	0.164238	0.165881
2430	-44.9514	-51.9117	6.96029	0.135829	0.0137854	0.0206362	0.372964	0.15264	0.474396
2440	-44.0917	-50.4472	6.35555	0.168537	0.0149849	0.0364083	0.134634	0.266286	0.59908
2450	-42.8013	-50.5834	7.78212	0.090371	0.010354	0.0182263	0.176808	0.193989	0.629202
2460	-45.7119	-51.7409	6.02909	0.0786488	0.0231856	0.0769354	0.384677	0.389501	0.225822
2470	-43.9872	-51.6312	7.64406	0.0934492	0.00511405	0.0813529	0.347575	0.395893	0.256532
2480	-46.2609	-53.9468	7.68587	0.0348868	0.0138827	0.0480479	0.3085	0.41573	0.27577
2490	-42.5971	-50.8492	8.25212	0.0786308	0.00494798	0.0370265	0.567527	0.219468	0.213004
2500	-42.3396	-51.0567	8.71712	0.0713667	0.000926402	0.0380059	0.265916	0.542419	0.191664
2510	-43.7476	-52.6351	8.88755	0.0460649	0.00138178	0.0417111	0.38287	0.0203481	0.596782
2520	-42.0711	-50.2643	8.19314	0.133154	0.000207439	0.0358068	0.4051	0.2703	0.3246
2530	-41.9592	-49.8521	7.89299	0.132657	0.00234966	0.0448958	0.381636	0.513556	0.104808
2540	-42.1317	-50.1395	8.00777	0.113731	0.00406656	0.0351748	0.0140525	0.319081	0.666867
2550	-43.3296	-50.3894	7.05982	0.15658	0.00942234	0.0335629	0.458749	0.105686	0.435564
2560	-44.9839	-51.4596	6.47563	0.223631	0.00643255	0.0548284	0.393822	0.417541	0.188637
2570	-43.1165	-50.1619	7.04536	0.10793	0.0140195	0.0376884	0.20794	0.589642	0.202418
2580	-43.0913	-50.0014	6.91015	0.109771	0.0149903	0.03966	0.321534	0.357428	0.321038
2590	-42.9276	-50.3389	7.41134	0.0929574	0.0116301	0.0399559	0.355566	0.493665	0.15077
2600	-44.0568	-50.1581	6.10127	0.0997895	0.0229975	0.0504574	0.208382	0.335447	0.456171
2610	-44.2917	-51.1684	6.87676	0.156328	0.00723846	0.07396	0.322059	0.289187	0.388754
2620	-43.113	-50.5628	7.44984	0.15946	0.00559261	0.0299792	0.6179	0.0821339	0.299966
2630	-44.4987	-52.3965	7.89776	0.143951	0.00387112	0.0179104	0.268362	0.299715	0.431924
2640	-42.381	-50.2633	7.88225	0.122278	0.00240551	0.0557901	0.525355	0.231888	0.242757
2650	-42.0203	-50.5343	8.51396	0.0909753	0.0012911	0.0350667	0.620751	0.261508	0.117741
2660	-42.7276	-50.9291	8.20156	0.0787836	0.00307636	0.0606458	0.292972	0.355984	0.351044
2670	-42.1841	-50.2706	8.08645	0.102258	0.00248267	0.0546187	0.378284	0.0880073	0.533709
2680	-42.6085	-49.8856	7.27718	0.138816	0.00809736	0.0428412	0.232252	0.171509	0.596238
2690	-42.3858	-50.214	7.82813	0.099773	0.00566205	0.0511423	0.302168	0.25831	0.439523
2700	-43.0033	-50.5312	7.52787	0.0862422	0.00962863	0.0550337	0.299977	0.496908	0.203114
2710	-43.3893	-51.9795	8.59019	0.073461	0.00330267	0.0248416	0.0490041	0.497802	0.453194
2720	-43.8982	-51.6953	7.79708	0.0731469	0.0109831	0.0276626	0.567162	0.210029	0.222809
2730	-43.8214	-50.4114	6.58999	0.0993331	0.0171006	0.0610112	0.319377	0.201481	0.479142
2740	-44.9213	-50.661	5.73969	0.078871	0.0287854	0.0496549	0.535056	0.263688	0.201256
2750	-42.2566	-50.1911	7.93447	0.0958424	0.0053648	0.0474113	0.230318	0.273072	0.496611
2760	-43.8184	-52.7417	8.92334	0.0457928	0.00138827	0.038339	0.572714	0.354668	0.0726182
2770	-43.0842	-50.4432	7.35903	0.167552	0.00345295	0.0523642	0.0977546	0.398222	0.504023
2780	-43.9553	-52.4712	8.51589	0.0561896	0.00542419	0.0283286	0.462067	0.360936	0.176997
2790	-42.167	-50.0342	7.86717	0.13502	0.00264901	0.0421217	0.238862	0.597167	0.163971
2800	-41.9484	-50.3686	8.4202	0.0934057	0.000882582	0.046097	0.317805	0.193027	0.489169
2810	-42.439	-50.3875	7.9485	0.105693	0.00534709	0.0363346	0.220608	0.441413	0.337979
2820	-43.3104	-50.5371	7.2267	0.113516	0.00877614	0.0664019	0.300322	0.457854	0.241825
2830	-43.3264	-50.2326	6.90621	0.112033	0.0150687	0.0370077	0.182404	0.522637	0.29496
2840	-43.5916	-50.7485	7.15689	0.162083	0.00810496	0.0315274	0.00749123	0.430561	0.561947
2850	-43.5862	-50.2564	6.67023	0.163937	0.0107055	0.052334	0.535498	0.31243	0.152072
2860	-43.3247	-49.9893	6.66454	0.118226	0.0159491	0.0461779	0.73058	0.141157	0.128264
2870	-43.9321	-50.7665	6.83432	0.198798	0.00725768	0.0355418	0.0847044	0.664042	0.251254
2880	-42.6744	-50.5464	7.87209	0.136315	0.00376853	0.0291393	0.233256	0.1633	0.603445
2890	-43.8866	-51.8939	8.00728	0.140597	0.00267704	0.0222542	0.414125	0.571896	0.0139788
2900	-43.2101	-50.9574	7.74733	0.145555	0.0041545	0.028516	0.376618	0.43407	0.189313
2910	-41.9068	-50.1993	8.29254	0.108423	0.00166743	0.0359981	0.0687483	0.628546	0.302706
2920	-44.1756	-52.0532	7.8776	0.0995563	0.00141113	0.0889211	0.101065	0.474346	0.424588
2930	-43.8498	-51.663	7.81321	0.0771582	0.00571231	0.0747469	0.0542963	0.662488	0.283216
2940	-43.1228	-50.9073	7.78457	0.0753923	0.00798217	0.0566774	0.0522306	0.202783	0.744987
2950	-43.4559	-50.167	6.71113	0.113669	0.0153796	0.0517711	0.284331	0.19339	0.522279
2960	-43.3775	-50.0996	6.72214	0.134538	0.0144852	0.038745	0.242574	0.38114	0.376285
2970	-47.0762	-52.6684	5.59217	0.175506	0.0161722	0.0939035	0.536583	0.0209285	0.442489
2980	-45.2509	-51.6207	6.36983	0.16615	0.0103932	0.083284	0.354184	0.482791	0.163025
2990	-44.4887	-52.3	7.81127	0.157303	0.0031161	0.0207584	0.413716	0.326451	0.259832
3000	-42.4081	-50.3716	7.96356	0.0913289	0.00651266	0.0375371	0.809116	0.0386009	0.152283
3010	-44.1743	-50.4632	6.28892	0.17295	0.0149514	0.0389925	0.495913	0.294117	0.20997
3020	-42.3878	-49.9971	7.60934	0.12333	0.00566467	0.0494378	0.231444	0.138778	0.629778
3030	-42.3533	-50.3006	7.94732	0.0957136	0.00607436	0.0391591	0.48557	0.0784856	0.435945
3040	-42.6703	-50.6148	7.94449	0.0813775	0.00620537	0.052469	0.467641	0.50108	0.0312793
3050	-42.3992	-49.8551	7.45591	0.126994	0.0074987	0.0427764	0.457572	0.322576	0.219852
3060	-43.7363	-50.6261	6.88975	0.0948986	0.0173053	0.0334224	0.167735	0.205785	0.62648
3070	-45.8197	-50.5372	4.71754	0.194222	0.0273063	0.0513088	0.0623645	0.852435	0.0852005
3080	-43.9403	-50.1153	6.17495	0.1818	0.0145392	0.0456612	0.219218	0.401319	0.379463
3090	-46.2865	-53.0402	6.7537	0.0471137	0.0200257	0.0676079	0.432051	0.308431	0.259518
3100	-43.1783	-50.7588	7.5805	0.133538	0.00693287	0.0294321	0.261773	0.598682	0.139545
3110	-42.237	-49.9059	7.6688	0.140138	0.00270771	0.0562534	0.469812	0.358017	0.172171
3120	-43.9158	-50.6844	6.7686	0.153885	0.00900253	0.0695782	0.446661	0.0718233	0.481515
3130	-43.3837	-50.2429	6.85918	0.171514	0.00869441	0.0459725	0.133646	0.394102	0.472253
3140	-44.6237	-50.3132	5.68953	0.0946604	0.0289669	0.0370665	0.127999	0.333538	0.538463
3150	-44.8619	-52.7257	7.86383	0.046479	0.0120615	0.0368724	0.162113	0.477218	0.360669
3160	-44.409	-51.0902	6.68118	0.129116	0.0166949	0.0261661	0.0515962	0.428499	0.519905
3170	-42.5012	-50.2831	7.78193	0.111691	0.00410411	0.0594229	0.388229	0.36246	0.249311
3180	-42.5569	-50.1914	7.63442	0.15392	0.00297591	0.0432281	0.330103	0.433517	0.23638
3190	-42.3854	-50.3672	7.98181	0.100639	0.00321404	0.0593879	0.383107	0.3838	0.233092
3200	-42.5027	-50.0861	7.58345	0.126714	0.00669749	0.0383153	0.241588	0.532072	0.22634
3210	-43.4908	-51.7979	8.30713	0.0826334	0.00526082	0.0243946	0.423289	0.361061	0.215651
3220	-42.4483	-50.2386	7.79022	0.111226	0.00402826	0.059818	0.1761	0.811902	0.0119976
3230	-45.44	-52.0556	6.61567	0.0628288	0.0196038	0.0699148	0.522816	0.182836	0.294349
3240	-47.5368	-51.7931	4.25636	0.166098	0.0316323	0.0822927	0.48162	0.488048	0.0303323
3250	-45.8166	-51.1852	5.36863	0.138481	0.0239165	0.0758394	0.503095	0.343632	0.153273
3260	-46.7139	-52.2612	5.54724	0.251056	0.0153542	0.0310271	0.102856	0.644561	0.252583
3270	-45.6394	-54.0384	8.39901	0.0939699	0.00432744	0.0132037	0.0816935	0.70761	0.210697
3280	-42.572	-50.5652	7.99317	0.113644	0.00471587	0.0302287	0.469648	0.120845	0.409508
3290	-44.5146	-51.6673	7.15267	0.20285	0.00406426	0.0315893	0.15663	0.626987	0.216383
3300	-42.1204	-50.6166	8.49622	0.0807095	0.00202818	0.0397353	0.247202	0.396256	0.356542
3310	-43.1649	-51.2447	8.07982	0.0792426	0.0034843	0.068281	0.53423	0.181999	0.283771
3320	-41.9928	-49.8651	7.87233	0.126642	0.00278061	0.0486674	0.259536	0.578288	0.162176
3330	-40.9977	-49.1378	8.14017	0.106766	0.00147557	0.0548103	0.470845	0.235318	0.293837
3340	-42.6271	-49.9249	7.29771	0.204174	0.00106826	0.0457211	0.440846	0.058725	0.500429
3350	-43.1142	-50.7228	7.60863	0.159195	0.000419966	0.0660904	0.332222	0.309524	0.358254
3360	-43.4101	-51.8923	8.48225	0.077223	0.00089725	0.055928	0.509735	0.346821	0.143444
3370	-43.0291	-51.4033	8.37427	0.127959	0.000285435	0.0221085	0.429949	0.137081	0.432969
3380	-40.1838	-48.571	8.38717	0.105301	0.00116592	0.0346715	0.114207	0.318463	0.56733
3390	-43.9427	-52.2031	8.26044	0.072487	0.0011411	0.0804064	0.439476	0.320152	0.240372
3400	-40.7976	-49.3777	8.58009	0.0749002	0.000907349	0.0483658	0.310479	0.374059	0.315462
3410	-42.0258	-50.5362	8.5104	0.0845772	0.001556	0.0391711	0.0929561	0.474719	0.432324
3420	-41.4015	-49.1789	7.77745	0.124867	0.00248782	0.0628588	0.241923	0.354441	0.403636
3430	-41.2606	-49.0621	7.8015	0.0977523	0.00850821	0.0273645	0.156484	0.127172	0.716344
3440	-43.0121	-50.7623	7.75024	0.123961	0.00182128	0.0731517	0.67759	0.286581	0.0358294
3450	-42.1041	-50.3517	8.2476	0.091681	0.00185857	0.0553215	0.493759	0.16826	0.337982
3460	-43.8137	-52.596	8.78221	0.0501987	0.0029735	0.0321938	0.135408	0.535384	0.329207
3470	-43.2053	-50.2655	7.06018	0.188197	0.00511533	0.0449805	0.23115	0.478589	0.290261
3480	-43.6558	-50.1717	6.51588	0.113408	0.0165432	0.0599213	0.143057	0.489691	0.367253
3490	-43.0917	-50.2266	7.13493	0.103155	0.0139176	0.0345245	0.477881	0.159076	0.363043
3500	-42.8497	-50.9981	8.14847	0.0971595	0.00510516	0.0272905	0.50369	0.0878904	0.40842
3510	-43.0456	-50.7948	7.74917	0.0746434	0.00905316	0.0502564	0.442745	0.350184	0.207071
3520	-43.6091	-50.0874	6.47836	0.105279	0.0195091	0.0421419	0.569927	0.35323	0.0768427
3530	-45.136	-50.1548	5.01885	0.167676	0.0271991	0.0487962	0.291132	0.390473	0.318395
3540	-45.4207	-52.211	6.7903	0.148085	0.00711706	0.0920624	0.0656101	0.429879	0.504511
3550	-42.1197	-50.1158	7.99609	0.109094	0.00392618	0.0423843	0.149478	0.450852	0.39967
3560	-42.9483	-51.0237	8.07533	0.0723349	0.0054324	0.0561568	0.195248	0.55597	0.248782
3570	-43.4189	-50.872	7.45311	0.079053	0.0105753	0.0602317	0.385811	0.0661865	0.548003
3580	-44.8258	-50.38	5.55419	0.13779	0.0265882	0.0312586	0.489817	0.33288	0.177303
3590	-43.1014	-51.5911	8.4897	0.0665541	0.00439569	0.0308682	0.192871	0.280844	0.526285
3600	-43.0557	-50.296	7.24023	0.144992	0.00599956	0.0613381	0.507829	0.354001	0.13817
3610	-43.5671	-50.7754	7.20831	0.0893882	0.00906557	0.0894734	0.401855	0.196188	0.401957
3620	-43.7979	-50.6199	6.82196	0.111573	0.0128234	0.0683456	0.553372	0.197064	0.249564
3630	-45.9153	-51.8124	5.89709	0.109684	0.0269998	0.0209588	0.0287784	0.292124	0.679097
3640	-45.9039	-49.9445	4.0406	0.131634	0.0410263	0.0443912	0.459834	0.11201	0.428156
3650	-43.1855	-49.9247	6.73921	0.12539	0.0141576	0.0494611	0.602545	0.0333732	0.364082
3660	-44.1811	-51.2097	7.02861	0.0996562	0.0161769	0.0260627	0.539496	0.0495151	0.410989
3670	-45.2957	-52.564	7.2683	0.0817331	0.0162643	0.0191428	0.633112	0.313142	0.0537454
3680	-45.1268	-51.7402	6.61339	0.115207	0.0193184	0.0206186	0.20238	0.313973	0.483647
3690	-45.8907	-51.0488	5.15815	0.210319	0.0215571	0.0486448	0.28239	0.489039	0.22857
3700	-44.4266	-50.5691	6.14248	0.182666	0.0150216	0.0432193	0.268718	0.55585	0.175432
3710	-43.6604	-50.5371	6.8767	0.192181	0.00674525	0.0430452	0.596576	0.278914	0.12451
3720	-43.5097	-49.8888	6.37908	0.12967	0.0180251	0.0425199	0.320407	0.58804	0.0915525
3730	-45.1443	-50.892	5.74765	0.190721	0.018375	0.0411132	0.394678	0.372107	0.233214
3740	-43.5547	-50.4635	6.9088	0.159714	0.00816014	0.0581532	0.465376	0.513928	0.0206954
3750	-47.9083	-53.7837	5.87536	0.19842	0.0188423	0.0159706	0.555296	0.0120319	0.432673
3760	-46.8158	-53.2442	6.42841	0.101976	0.0229757	0.0157756	0.115491	0.420311	0.464198
3770	-42.1016	-50.0673	7.96567	0.108351	0.0041494	0.0439367	0.177321	0.474535	0.348143
3780	-43.7909	-50.8528	7.06191	0.197932	0.00279099	0.0583163	0.471785	0.31647	0.211745
3790	-44.6251	-50.9724	6.3473	0.213013	0.00889394	0.0536668	0.1451	0.679981	0.174919
3800	-46.5252	-51.3403	4.8151	0.246124	0.0227586	0.0351288	0.338212	0.175491	0.486297
3810	-44.3484	-51.2584	6.91007	0.143138	0.00774247	0.078779	0.268753	0.470843	0.260404
3820	-43.0908	-50.5346	7.44377	0.134139	0.00813869	0.030446	0.124979	0.602238	0.272783
3830	-41.9818	-49.8231	7.84132	0.131445	0.00258852	0.048887	0.496226	0.41596	0.0878137
3840	-42.2296	-50.9541	8.72443	0.0791615	0.000536753	0.0333763	0.0690349	0.35143	0.579535
3850	-43.4285	-50.5514	7.12287	0.17728	0.00546123	0.0461699	0.440003	0.0514108	0.508586
3860	-44.6779	-51.258	6.58008	0.115785	0.0136166	0.0803893	0.440585	0.315796	0.243619
3870	-44.1623	-50.1394	5.97704	0.13338	0.020378	0.0554852	0.473586	0.389938	0.136475
3880	-46.2173	-52.0385	5.82127	0.117404	0.0199017	0.0918007	0.0227376	0.5624	0.414862
3890	-43.1806	-50.343	7.16244	0.125679	0.00840832	0.064342	0.197292	0.378529	0.42418
3900	-42.8543	-50.3483	7.494	0.173012	0.00265127	0.0414239	0.356818	0.427569	0.215613
3910	-44.1752	-51.3905	7.21528	0.207881	0.00278155	0.0331249	0.715956	0.147721	0.136322
3920	-44.4099	-51.5957	7.18586	0.145309	0.00425624	0.0838915	0.0881647	0.635973	0.275862
3930	-42.5771	-50.2126	7.63542	0.100006	0.00894572	0.0373431	0.248561	0.227778	0.523661
3940	-42.4523	-49.9414	7.48912	0.133762	0.00632273	0.044448	0.198334	0.425403	0.376263
3950	-43.8452	-50.6526	6.80734	0.139696	0.0140643	0.0292751	0.230273	0.326637	0.44309
3960	-43.5023	-50.8415	7.33916	0.0940571	0.0130956	0.0314197	0.253485	0.555764	0.190751
3970	-44.1045	-50.7621	6.65754	0.108667	0.0187063	0.0288642	0.232394	0.450761	0.316846
3980	-42.7746	-50.8904	8.11584	0.0727457	0.00557494	0.0502694	0.233988	0.337308	0.428704
3990	-46.1429	-51.4357	5.29281	0.231539	0.0195289	0.0342406	0.17276	0.413565	0.413675
4000	-46.1808	-52.0863	5.90552	0.191163	0.012438	0.0842535	0.513875	0.233708	0.252417
4010	-43.1144	-50.1977	7.08332	0.10951	0.0114073	0.0584332	0.349117	0.211132	0.439751
4020	-42.9668	-50.2164	7.2496	0.108245	0.0120497	0.0366465	0.458324	0.0617674	0.479909
4030	-42.9984	-50.5712	7.57287	0.0806509	0.0107699	0.0447113	0.48549	0.254831	0.259679
4040	-42.6499	-50.8039	8.15405	0.0938641	0.00500691	0.0310107	0.370596	0.334542	0.294862
4050	-42.6908	-50.0197	7.32892	0.129541	0.00731421	0.054774	0.598235	0.0324975	0.369268
4060	-42.919	-50.0431	7.12412	0.106379	0.0121675	0.0498828	0.33056	0.555909	0.113531
4070	-42.6678	-49.9768	7.30908	0.12261	0.00839162	0.0529148	0.466041	0.513988	0.0199708
4080	-46.892	-55.0857	8.19373	0.0639591	0.0093658	0.0133585	0.207284	0.223387	0.569329
4090	-42.5944	-50.4005	7.8061	0.136275	0.00061363	0.0673273	0.496404	0.257255	0.24634
4100	-43.9891	-51.7472	7.75805	0.114343	0.00128759	0.0873248	0.166223	0.355847	0.47793
4110	-43.234	-52.0096	8.7756	0.0767238	0.00128541	0.0232112	0.198353	0.305517	0.49613
4120	-42.2151	-50.8366	8.62146	0.0742789	0.00112208	0.0427035	0.562528	0.234115	0.203357
4130	-41.8474	-50.026	8.17862	0.108678	0.00194946	0.0443139	0.219122	0.101723	0.679155
4140	-43.3303	-51.0071	7.67685	0.178133	0.00175405	0.02699	0.257771	0.0956024	0.646627
4150	-42.6151	-50.5628	7.94765	0.147997	0.0013758	0.0338284	0.112836	0.732256	0.154908
4160	-41.8192	-48.738	6.91878	0.138954	0.00979199	0.0615969	0.150741	0.206462	0.642798
4170	-43.8277	-50.5258	6.69808	0.0886525	0.019613	0.0357582	0.136504	0.475574	0.387922
4180	-45.2454	-50.5744	5.32896	0.137707	0.0252598	0.0671489	0.28699	0.44788	0.26513
4190	-45.2372	-50.7948	5.55758	0.104457	0.0260529	0.0696046	0.230066	0.363137	0.406796
4200	-43.6155	-50.9763	7.36078	0.153152	0.00714244	0.0296944	0.431592	0.381464	0.186945
4210	-41.9513	-50.1287	8.17735	0.110407	0.0021466	0.040741	0.44534	0.255427	0.299233
4220	-42.2646	-50.1326	7.86805	0.132482	0.00209792	0.0500823	0.521013	0.411662	0.0673245
4230	-44.8236	-52.698	7.87445	0.072672	0.00421487	0.0880825	0.442887	0.166864	0.390249
4240	-43.3278	-51.0324	7.70461	0.116068	0.00269973	0.0768224	0.490963	0.23621	0.272827
4250	-44.0776	-51.0825	7.00492	0.159534	0.0053417	0.0769065	0.632614	0.239799	0.127587
4260	-43.1653	-50.7503	7.585	0.0994074	0.0064775	0.0676662	0.303948	0.486396	0.209655
4270	-40.6909	-48.9851	8.29421	0.0736199	0.00380408	0.0492671	0.273973	0.238115	0.487911
4280	-43.7823	-50.9256	7.14331	0.0829665	0.0128834	0.0642169	0.336392	0.278679	0.384929
4290	-41.9061	-49.938	8.0319	0.110213	0.00324377	0.0445073	0.147319	0.730956	0.121725
4300	-45.244	-50.6495	5.40551	0.0772985	0.0328103	0.0443958	0.459683	0.394319	0.145998
4310	-43.3296	-50.1482	6.81866	0.145994	0.0118512	0.0439765	0.292958	0.461901	0.245141
4320	-48.4669	-54.4749	6.00801	0.152391	0.0118296	0.11886	0.154482	0.308585	0.536933
4330	-43.4746	-50.8078	7.33319	0.0779969	0.0124146	0.0548868	0.435025	0.229762	0.335213
4340	-42.9584	-50.4439	7.48548	0.1452	0.0030458	0.0661431	0.371459	0.138663	0.489878
4350	-42.9557	-50.9729	8.01721	0.0812898	0.00428368	0.0645014	0.091751	0.475036	0.433213
4360	-42.9653	-50.3028	7.3375	0.143306	0.00520607	0.0612321	0.00775198	0.0875488	0.904699
4370	-42.3054	-50.5902	8.28479	0.0816599	0.00334386	0.0467709	0.121353	0.176186	0.702461
4380	-44.0814	-50.7834	6.70206	0.109457	0.0140096	0.0705906	0.303763	0.189961	0.506276
4390	-42.8881	-50.5468	7.65876	0.0863511	0.00829664	0.0551556	0.278463	0.293183	0.428354
4400	-43.1597	-50.296	7.13638	0.143656	0.00949208	0.0381339	0.373111	0.269699	0.357189
4410	-44.0478	-50.2459	6.19811	0.166702	0.0154726	0.0491087	0.391655	0.113903	0.494441
4420	-43.9095	-50.358	6.44845	0.110332	0.0172432	0.0627399	0.255477	0.41563	0.328892
4430	-43.0576	-50.253	7.19533	0.141154	0.00978233	0.0318388	0.400721	0.114371	0.484908
4440	-46.105	-50.1334	4.02839	0.114422	0.0416846	0.0562413	0.255936	0.296703	0.44736
4450	-45.5761	-50.5444	4.96833	0.132068	0.0293427	0.0680214	0.378097	0.207927	0.413976
4460	-46.8215	-50.4237	3.60227	0.139092	0.0459113	0.0319163	0.363219	0.31169	0.325091
4470	-47.6529	-50.574	2.92101	0.164894	0.0491246	0.0421074	0.720963	0.236847	0.0421899
4480	-45.5665	-51.2227	5.65618	0.184981	0.0168209	0.0715408	0.463006	0.175778	0.361216
4490	-44.7976	-52.7859	7.98833	0.103059	0.0072019	0.0164375	0.427603	0.421924	0.150473
4500	-45.2769	-52.2521	6.97517	0.163747	0.00375639	0.0915202	0.203643	0.667562	0.128794
4510	-47.7028	-55.3095	7.60664	0.139732	0.00247645	0.0651876	0.317756	0.387203	0.295041
4520	-42.0147	-50.0404	8.02571	0.112751	0.00381361	0.0368907	0.838629	0.0956034	0.0657672
4530	-42.1308	-50.1393	8.00845	0.104062	0.00347842	0.050658	0.448939	0.391314	0.159748
4540	-45.077	-52.2402	7.16316	0.194127	0.00570676	0.0228381	0.345994	0.232274	0.421732
4550	-42.1791	-49.9975	7.81839	0.127655	0.00429829	0.0378711	0.201108	0.128402	0.670489
4560	-43.5971	-50.2976	6.70046	0.172854	0.010029	0.0471582	0.258796	0.241491	0.499713
4570	-44.3022	-51.077	6.77478	0.2295	0.0039389	0.043981	0.568492	0.35347	0.0780379
4580	-44.6122	-49.8793	5.2671	0.111484	0.0304079	0.0480749	0.210622	0.530921	0.258457
4590	-46.496	-52.2799	5.78396	0.251961	0.0103006	0.0569855	0.312561	0.268394	0.419046
4600	-44.3688	-50.9015	6.53269	0.174937	0.00948742	0.0672684	0.237531	0.313199	0.449271
4610	-44.4457	-51.5432	7.09747	0.141604	0.00544468	0.0845504	0.39126	0.271045	0.337695
4620	-42.8075	-51.0799	8.27239	0.0732448	0.00537664	0.0360987	0.549018	0.124297	0.326685
4630	-42.2886	-50.4966	8.20793	0.0908548	0.00215187	0.0571818	0.115367	0.675926	0.208707
4640	-42.7271	-50.5319	7.80487	0.160304	0.00160668	0.033491	0.217604	0.586546	0.19585
4650	-44.0102	-50.371	6.36074	0.0925843	0.0209239	0.0524514	0.510036	0.279004	0.21096
4660	-42.9076	-50.3793	7.47173	0.154982	0.00241582	0.0640351	0.274697	0.463259	0.262044
4670	-42.6909	-50.4842	7.79331	0.0979587	0.00506514	0.0624078	0.233635	0.242291	0.524074
4680	-42.5287	-50.1063	7.57761	0.115137	0.00607071	0.0567437	0.386661	0.515526	0.0978135
4690	-42.9474	-50.2503	7.30289	0.130141	0.00918384	0.0380803	0.113411	0.299969	0.586621
4700	-44.1285	-50.5723	6.44387	0.159367	0.0118183	0.0684123	0.149922	0.434019	0.416059
4710	-46.1539	-51.9245	5.77061	0.0659509	0.0305509	0.0418271	0.0403304	0.490194	0.469475
4720	-42.9969	-50.3176	7.32072	0.103139	0.00982055	0.0569318	0.27563	0.345794	0.378576
4730	-45.2204	-53.697	8.47661	0.0484564	0.00145866	0.0796446	0.3364	0.24263	0.42097
4740	-42.5004	-50.1316	7.63119	0.16132	0.000869707	0.0572125	0.394933	0.15254	0.452527
4750	-41.9405	-50.1019	8.16141	0.109228	0.000652321	0.0584563	0.0130121	0.721548	0.26544
4760	-42.1859	-50.0669	7.88103	0.110882	0.0035855	0.0555079	0.617141	0.0944287	0.288431
4770	-42.1537	-50.5409	8.3872	0.0889985	0.000478785	0.0578429	0.395756	0.375693	0.228551
4780	-43.1033	-51.7527	8.64939	0.0967984	0.000735276	0.0212587	0.564714	0.295509	0.139777
4790	-44.7684	-52.1638	7.39538	0.151162	0.000732086	0.0923284	0.0162199	0.744624	0.239156
4800	-42.3175	-50.6374	8.3199	0.0823744	0.00216076	0.0543767	0.372039	0.290374	0.337588
4810	-43.0276	-50.6155	7.58783	0.16522	0.000246755	0.0638784	0.570558	0.396466	0.0329759
4820	-41.7898	-50.399	8.60921	0.0910984	0.000121754	0.0371114	0.296352	0.605223	0.0984251
4830	-41.7875	-50.3117	8.52425	0.0948711	0.000461016	0.0384424	0.255458	0.269131	0.475411
4840	-42.1724	-50.0593	7.88696	0.151944	4.07675e-05	0.0493006	0.163277	0.354643	0.48208
4850	-41.8639	-50.2207	8.35676	0.103585	0.000189886	0.0491882	0.196357	0.541751	0.261892
4860	-42.9351	-50.8306	7.89556	0.169408	0.000185543	0.0295286	0.351672	0.617415	0.030913
4870	-42.4111	-50.2039	7.79279	0.154283	5.37521e-05	0.05625	0.201778	0.419028	0.379194
4880	-44.0369	-51.8842	7.84731	0.177095	0.000661811	0.021905	0.0742391	0.467347	0.458414
4890	-43.7254	-51.0625	7.33712	0.186127	0.00117182	0.0587923	0.238638	0.369424	0.391938
4900	-42.4013	-50.3236	7.92235	0.107978	0.00542285	0.0359066	0.0114765	0.362868	0.625655
4910	-43.8094	-50.7879	6.97851	0.189574	0.00557335	0.0471896	0.173953	0.481762	0.344286
4920	-42.8271	-50.0643	7.2372	0.160184	0.00669547	0.0394893	0.295922	0.56158	0.142498
4930	-43.2731	-50.5433	7.2702	0.186733	0.00394603	0.0371352	0.237427	0.474606	0.287967
4940	-42.1064	-50.1497	8.04323	0.135131	0.00155506	0.0353437	0.394853	0.369922	0.235225
4950	-42.4228	-50.7802	8.35735	0.0887798	0.00022149	0.0636189	0.0136761	0.73361	0.252714
4960	-41.8848	-50.487	8.60221	0.084609	0.000356771	0.0419511	0.383006	0.339088	0.277906
4970	-42.2772	-50.8934	8.61621	0.0725025	0.000824494	0.0479805	0.0920388	0.484676	0.423285
4980	-41.7872	-50.1988	8.41159	0.101735	0.000236655	0.045088	0.300703	0.380039	0.319258
4990	-42.1024	-50.3825	8.28007	0.0987552	0.000452216	0.0590646	0.566721	0.344237	0.089042
5000	-44.4456	-53.2765	8.83091	0.042204	0.000361785	0.0614355	0.123531	0.430749	0.44572
5010	-42.0272	-50.4	8.37272	0.103824	0.00144642	0.0347878	0.201451	0.245828	0.552721
5020	-44.365	-53.1825	8.81753	0.0424812	0.000734517	0.058769	0.545958	0.144619	0.309423
5030	-42.6282	-50.1211	7.49292	0.157059	0.00285479	0.0554495	0.428909	0.193808	0.377283
5040	-43.7194	-51.3052	7.58583	0.185421	0.00178206	0.0285239	0.217125	0.352589	0.430286
5050	-41.9719	-50.5016	8.52972	0.0886722	0.00111621	0.0375426	0.520745	0.0761287	0.403127
5060	-42.215	-50.2476	8.03256	0.120693	0.00107405	0.0556596	0.582645	0.0493834	0.367972
5070	-40.1886	-48.5697	8.38109	0.110572	0.000534174	0.0363259	0.342097	0.0608051	0.597098
5080	-42.0667	-50.0452	7.97855	0.123266	0.00195797	0.0496487	0.684569	0.0229117	0.292519
5090	-43.3032	-50.4267	7.12355	0.161433	0.00844299	0.0321309	0.221028	0.511942	0.26703
5100	-44.0041	-50.0972	6.0931	0.161654	0.0168999	0.0503856	0.238607	0.496327	0.265065
5110	-43.3034	-50.2274	6.92398	0.152308	0.00911088	0.0545345	0.490771	0.395371	0.113858
5120	-43.1785	-50.9515	7.77292	0.150425	0.00360946	0.0265371	0.429201	0.344459	0.22634
5130	-42.3319	-50.1288	7.79693	0.103576	0.00568708	0.0502091	0.206768	0.501245	0.291987
5140	-43.4142	-51.2203	7.80607	0.0666054	0.00998995	0.0432365	0.0375053	0.469231	0.493264
5150	-42.7979	-49.8914	7.09358	0.134447	0.00998736	0.0466693	0.236331	0.379087	0.384582
5160	-44.452	-50.7816	6.32963	0.102546	0.0185868	0.0689723	0.224269	0.357906	0.417825
5170	-43.3073	-50.0634	6.75607	0.146229	0.011433	0.054183	0.371062	0.143165	0.485772
5180	-43.7338	-50.6212	6.88745	0.0883723	0.0178081	0.0351503	0.367521	0.389523	0.242955
5190	-43.8219	-50.6908	6.86884	0.18876	0.00630482	0.0516571	0.639439	0.0500921	0.310469
5200	-43.4693	-50.4529	6.98357	0.179963	0.00550546	0.0569739	0.311186	0.346266	0.342548
5210	-45.2229	-52.1325	6.90957	0.080836	0.0134555	0.0840011	0.131886	0.377111	0.491003
5220	-43.4792	-50.2283	6.74916	0.181531	0.00812542	0.0526472	0.0382832	0.26436	0.697357
5230	-44.2997	-51.9982	7.69853	0.092244	0.0107813	0.0204395	0.126473	0.548587	0.324939
5240	-42.4768	-49.5379	7.06102	0.182007	0.00570124	0.0452277	0.327986	0.279239	0.392776
5250	-43.1069	-50.7932	7.68624	0.127872	0.00223327	0.0715201	0.628982	0.154946	0.216072
5260	-42.945	-50.843	7.89801	0.0971991	0.00729394	0.0304089	0.290255	0.588604	0.121141
5270	-42.7146	-51.1967	8.48209	0.0709736	0.00377278	0.0334383	0.217852	0.481948	0.300199
5280	-43.3242	-50.7078	7.38358	0.143814	0.00383341	0.0698424	0.569405	0.0665445	0.364051
5290	-42.4221	-50.0627	7.64052	0.144932	0.00420259	0.0393396	0.326281	0.560861	0.112859
5300	-44.8368	-52.4559	7.6191	0.124551	0.000652025	0.0973675	0.158958	0.479703	0.361339
5310	-41.6845	-49.9666	8.28205	0.12142	0.000137673	0.0393473	0.206621	0.456356	0.337023
5320	-43.0236	-50.7631	7.73946	0.181255	0.000209608	0.0330518	0.253405	0.356657	0.389938
5330	-41.983	-49.8894	7.90634	0.152772	5.22904e-05	0.0464202	0.167084	0.562881	0.270035
5340	-42.2391	-50.2085	7.96939	0.14806	0.000339778	0.0419514	0.205988	0.460083	0.333929
5350	-42.9561	-50.912	7.95587	0.148434	0.00176904	0.0286377	0.372177	0.428612	0.199211
5360	-42.6765	-50.4489	7.77237	0.0892886	0.00851138	0.0387093	0.389194	0.413816	0.19699
5370	-42.2594	-50.0002	7.74081	0.136929	0.00301884	0.0491509	0.399075	0.563551	0.0373742
5380	-43.1131	-50.6929	7.57985	0.154738	0.0011053	0.0665723	0.0223073	0.501996	0.475697
5390	-42.1746	-50.5377	8.36318	0.0907528	0.000734279	0.0559353	0.231047	0.659122	0.10983
5400	-41.4023	-49.1455	7.74322	0.159285	0.0015758	0.0409835	0.353731	0.23727	0.408999
5410	-42.66	-51.3718	8.71185	0.0633523	0.000373629	0.0520748	0.136827	0.537933	0.32524
5420	-42.0979	-50.778	8.68013	0.0752058	0.000521938	0.0419101	0.262824	0.384699	0.352477
5430	-42.2022	-50.8754	8.6732	0.0731327	0.000946101	0.0404346	0.398539	0.438975	0.162486
5440	-46.5147	-55.2987	8.784	0.0566699	0.00413601	0.0139191	0.0466982	0.0790869	0.874215
5450	-42.7956	-51.2275	8.43184	0.0762048	0.00394539	0.0315059	0.514413	0.214234	0.271353
5460	-44.1157	-50.0374	5.92171	0.152357	0.0198894	0.0469267	0.433089	0.418814	0.148097
5470	-46.0576	-52.9537	6.89618	0.102877	0.00966463	0.101208	0.364723	0.386065	0.249211
5480	-42.9875	-50.4197	7.43221	0.110036	0.0103979	0.0331118	0.512851	0.333481	0.153668
5490	-43.642	-51.4103	7.7683	0.146526	0.00447317	0.0222604	0.269983	0.386733	0.343284
5500	-45.0427	-51.0926	6.0499	0.195305	0.012683	0.0632239	0.50189	0.135544	0.362566
5510	-43.9302	-50.1866	6.25638	0.0916433	0.0228784	0.0442837	0.47052	0.186179	0.343301
5520	-43.0367	-49.8193	6.78256	0.199011	0.00464131	0.0666682	0.0250349	0.0702099	0.904755
5530	-42.3013	-50.242	7.94074	0.142295	0.00185369	0.0354434	0.196988	0.63143	0.171582
5540	-46.01	-52.5215	6.51157	0.260904	0.00124008	0.0658869	0.564442	0.23662	0.198939
5550	-47.4746	-54.0891	6.61453	0.0991535	0.0116035	0.113708	0.613426	0.163306	0.223268
5560	-44.055	-50.723	6.66806	0.164742	0.00918157	0.066985	0.468853	0.26758	0.263567
5570	-43.3155	-50.0461	6.73061	0.107536	0.0170162	0.0395898	0.579528	0.308993	0.111479
5580	-44.7981	-51.1343	6.33614	0.167046	0.01176	0.0720884	0.418656	0.0914739	0.48987
5590	-42.1683	-49.9911	7.82285	0.125362	0.00408348	0.0418673	0.266302	0.107764	0.625934
5600	-44.8783	-51.0614	6.18308	0.0898707	0.0211779	0.0703911	0.140899	0.469059	0.390041
5610	-43.5558	-50.3931	6.83732	0.167227	0.0090202	0.0491872	0.0873132	0.728665	0.184022
5620	-43.162	-50.4752	7.31316	0.17449	0.00523824	0.0321606	0.493328	0.372611	0.134061
5630	-43.6953	-51.1961	7.50081	0.0706459	0.0134245	0.0353774	0.305578	0.311044	0.383378
5640	-43.294	-50.4645	7.17042	0.181862	0.00335954	0.0578493	0.319535	0.455274	0.225191
5650	-45.0606	-52.5031	7.44255	0.215636	0.000581039	0.0246478	0.583462	0.403558	0.0129796
5660	-44.5467	-51.7301	7.18346	0.187891	0.000689929	0.0772123	0.188752	0.4447	0.366548
5670	-42.8212	-51.646	8.82482	0.0620651	0.00109648	0.0348374	0.0907038	0.320355	0.588941
5680	-42.7141	-50.4121	7.69801	0.154616	0.00336673	0.0322652	0.40849	0.248493	0.343017
5690	-42.2374	-49.8431	7.60569	0.142524	0.0038991	0.0482654	0.564263	0.430204	0.00553321
5700	-43.2068	-50.0947	6.88787	0.155617	0.00977865	0.0481584	0.265306	0.72512	0.00957479
5710	-43.7691	-50.5766	6.80754	0.127045	0.011392	0.0686302	0.363396	0.334162	0.302442
5720	-43.479	-50.5839	7.10485	0.175167	0.00621817	0.0425154	0.318407	0.0734565	0.608137
5730	-44.0795	-50.3929	6.31338	0.178214	0.0129279	0.0515183	0.190396	0.209979	0.599625
5740	-44.47	-51.1808	6.71079	0.189873	0.00592348	0.0701619	0.0855576	0.508628	0.405814
5750	-44.051	-51.072	7.02095	0.0842385	0.013665	0.0673647	0.20275	0.38746	0.409789
5760	-43.6761	-51.369	7.69285	0.123824	0.00159223	0.0813174	0.540979	0.285917	0.173104
5770	-42.7245	-50.096	7.37146	0.162067	0.00484046	0.0427314	0.116577	0.278206	0.605217
5780	-43.0581	-50.168	7.10991	0.104943	0.012538	0.0490352	0.683161	0.230309	0.0865299
5790	-42.4646	-50.0548	7.59018	0.106584	0.00862344	0.0385121	0.349274	0.131496	0.51923
5800	-43.4957	-50.8751	7.37943	0.111517	0.0113449	0.0274396	0.176605	0.31457	0.508825
5810	-44.904	-52.6251	7.72108	0.0633721	0.0130843	0.0240262	0.626186	0.275098	0.0987159
5820	-43.3622	-51.3982	8.03599	0.0668235	0.00602564	0.0596699	0.307431	0.632828	0.0597411
5830	-42.1456	-49.9397	7.79414	0.13716	0.00295122	0.0442627	0.351255	0.503701	0.145044
5840	-42.0589	-50.0806	8.02175	0.0993809	0.00416942	0.0470986	0.35341	0.142843	0.503747
5850	-44.0045	-51.9764	7.9719	0.0539793	0.00974157	0.0417637	0.300853	0.526332	0.172816
5860	-44.2491	-50.0919	5.84279	0.128298	0.0234799	0.0429722	0.308114	0.162147	0.52974
5870	-43.7926	-50.2134	6.4208	0.0936903	0.0209116	0.0454619	0.216218	0.499018	0.284765
5880	-45.5042	-51.4275	5.92337	0.0786104	0.0248153	0.071249	0.453899	0.0994233	0.446677
5890	-45.0789	-50.3493	5.27039	0.141465	0.0289532	0.0323128	0.249722	0.517306	0.232973
5900	-47.6774	-52.4112	4.73384	0.137851	0.0361319	0.017795	0.400692	0.252894	0.346414
5910	-42.6795	-50.1039	7.42441	0.110509	0.008836	0.0490391	0.501549	0.442505	0.0559459
5920	-44.181	-52.3367	8.15572	0.0503358	0.00692233	0.0552173	0.451628	0.229843	0.318529
5930	-42.4672	-50.2765	7.80932	0.144611	0.00292236	0.0355818	0.366378	0.309674	0.323948
5940	-40.1074	-48.2158	8.1084	0.124015	0.00151396	0.0403542	0.110226	0.213188	0.676587
5950	-43.7545	-51.0786	7.32414	0.147941	0.00329643	0.0770285	0.139442	0.394107	0.466451
5960	-44.721	-51.5516	6.83061	0.234491	0.00217119	0.0510852	0.354545	0.232755	0.4127
5970	-43.3858	-49.9261	6.54023	0.13597	0.0145842	0.0545141	0.403853	0.288266	0.307881
5980	-43.8141	-50.1733	6.35922	0.155513	0.0143304	0.0556098	0.373517	0.229143	0.39734
5990	-42.9183	-49.7632	6.84485	0.169119	0.00723096	0.0644354	0.396287	0.149235	0.454478
6000	-45.5087	-52.9444	7.43578	0.0913431	0.0056753	0.0986752	0.431753	0.18205	0.386197
6010	-42.3791	-49.9031	7.52402	0.143503	0.00433719	0.0510719	0.0127457	0.444661	0.542593
6020	-43.1516	-50.035	6.88341	0.126649	0.0125252	0.0501067	0.49598	0.212124	0.291896
6030	-45.0913	-51.9638	6.87246	0.175908	0.0043175	0.0840195	0.797233	0.0969089	0.105858
6040	-43.0588	-50.271	7.21218	0.175396	0.00448158	0.0489188	0.143914	0.211445	0.644641
6050	-42.0754	-50.1532	8.0778	0.123191	0.00262248	0.0331535	0.438827	0.396333	0.16484
6060	-44.1055	-51.2809	7.17548	0.122815	0.00686093	0.0813765	0.40276	0.253496	0.343744
6070	-43.9092	-49.9758	6.06656	0.101939	0.0233518	0.0482364	0.317404	0.159761	0.522835
6080	-48.7914	-54.579	5.78765	0.119026	0.0268041	0.0245174	0.307063	0.22579	0.467147
6090	-45.4311	-51.2966	5.86555	0.175711	0.0203193	0.0248897	0.0486424	0.571068	0.380289
6100	-42.9375	-49.9724	7.03482	0.115906	0.0122503	0.0484579	0.523029	0.382329	0.0946417
6110	-42.6605	-50.315	7.65447	0.0976336	0.00774705	0.049798	0.19211	0.360059	0.447831
6120	-42.7415	-50.0069	7.26535	0.133112	0.00790566	0.0516449	0.34581	0.129834	0.524356
6130	-42.6576	-50.0574	7.39985	0.157522	0.00496912	0.0431506	0.189804	0.478439	0.331757
6140	-43.4931	-50.478	6.9849	0.160505	0.00977897	0.0335644	0.203969	0.513411	0.28262
6150	-43.6055	-50.0934	6.48795	0.132097	0.0170248	0.0392097	0.540938	0.280019	0.179043
6160	-44.3985	-50.9121	6.51361	0.158477	0.0154171	0.0263409	0.369382	0.316157	0.314461
6170	-42.9329	-50.0276	7.09467	0.113962	0.0123116	0.0438043	0.154237	0.518133	0.32763
6180	-45.37	-53.749	8.37894	0.0408335	0.00439791	0.0676421	0.246969	0.169154	0.583876
6190	-42.433	-50.4061	7.97311	0.092383	0.00594271	0.0412272	0.0495185	0.339926	0.610555
6200	-43.161	-50.6271	7.46614	0.134957	0.00396258	0.0691515	0.119659	0.266997	0.613343
6210	-42.8472	-50.0704	7.22318	0.130356	0.00768768	0.0607972	0.265564	0.194842	0.539594
6220	-44.2496	-50.9032	6.65362	0.153116	0.0101177	0.0706933	0.244813	0.361167	0.39402
6230	-42.286	-50.0284	7.74243	0.142019	0.00279456	0.0461407	0.312667	0.442897	0.244436
6240	-46.8415	-55.2649	8.42341	0.0309547	0.00454759	0.0715771	0.666562	0.195482	0.137956
6250	-42.5882	-50.154	7.56581	0.110161	0.00759798	0.0476268	0.412643	0.257755	0.329601
6260	-43.7547	-50.5151	6.76039	0.185786	0.00885005	0.040023	0.371769	0.296458	0.331773
6270	-42.982	-50.0826	7.10059	0.145845	0.00812227	0.053222	0.0995097	0.305212	0.595278
6280	-42.752	-50.1694	7.41735	0.16505	0.00464088	0.0371548	0.223383	0.375434	0.401183
6290	-43.3667	-50.0904	6.72365	0.11741	0.0163106	0.0374674	0.418939	0.475863	0.105198
6300	-43.9047	-50.6054	6.70073	0.210699	0.00622415	0.047336	0.274514	0.594083	0.131403
6310	-43.5301	-50.5323	7.00214	0.103942	0.0122702	0.0634904	0.598524	0.187789	0.213687
6320	-45.79	-52.5774	6.78742	0.233624	0.00544487	0.0235341	0.108358	0.160173	0.731469
6330	-44.0716	-52.3116	8.24	0.0874311	0.00598096	0.0191081	0.0506489	0.300364	0.648987
6340	-43.859	-50.6474	6.78838	0.0903464	0.0188549	0.0326155	0.122271	0.713808	0.163921
6350	-42.2615	-49.8793	7.61771	0.123535	0.00590144	0.0460274	0.565313	0.188121	0.246566
6360	-48.308	-55.339	7.03099	0.210933	0.00639405	0.0123767	0.341325	0.175932	0.482743
6370	-43.2875	-50.4475	7.16004	0.143512	0.00976856	0.0331477	0.11427	0.378194	0.507536
6380	-43.1839	-50.3186	7.13466	0.18188	0.00486474	0.0463559	0.457325	0.140534	0.402141
6390	-42.7774	-50.3029	7.52549	0.14324	0.0033378	0.0611819	0.444688	0.188298	0.367014
6400	-42.6504	-50.2684	7.61794	0.157954	0.00148442	0.055757	0.249368	0.424676	0.325956
6410	-42.3208	-50.7036	8.38271	0.103847	0.00188905	0.0293404	0.264677	0.420959	0.314363
6420	-42.8291	-51.2969	8.4678	0.0696219	0.00412059	0.0327406	0.0885865	0.63848	0.272934
6430	-43.1111	-49.8767	6.76562	0.147291	0.0120852	0.0456451	0.461853	0.0403376	0.497809
6440	-47.0997	-53.8058	6.70612	0.238983	0.00603682	0.020386	0.0859719	0.342497	0.571531
6450	-43.2073	-50.4603	7.25294	0.174016	0.00584077	0.0326306	0.503491	0.41403	0.0824787
6460	-42.2195	-50.3112	8.09173	0.103899	0.00421355	0.0351408	0.166887	0.525218	0.307895
6470	-42.5739	-49.9193	7.34539	0.128682	0.00880416	0.0390867	0.302058	0.644488	0.0534545
6480	-42.4763	-48.6347	6.15836	0.130914	0.02022	0.0413999	0.290078	0.203491	0.506431
6490	-43.1017	-50.758	7.65637	0.146469	0.00515462	0.0266969	0.0675133	0.260737	0.671749
6500	-41.9795	-50.2868	8.30738	0.0940113	0.00270098	0.0385895	0.013018	0.562924	0.424058
6510	-42.8186	-51.2975	8.47889	0.0644195	0.00279927	0.0500471	0.238467	0.60631	0.155222
6520	-42.3579	-50.3731	8.01525	0.0950928	0.00356173	0.0581139	0.325338	0.498256	0.176406
6530	-46.8288	-52.7441	5.91535	0.260972	0.00754222	0.0624195	0.282504	0.450672	0.266824
6540	-43.348	-50.303	6.95501	0.155204	0.00894274	0.0502161	0.338427	0.531189	0.130385
6550	-43.2167	-51.6804	8.46374	0.0575374	0.0042621	0.0438158	0.283088	0.412458	0.304454
6560	-44.1306	-50.5602	6.42964	0.0952602	0.0189109	0.0630153	0.288525	0.144179	0.567297
6570	-43.0799	-50.851	7.77113	0.112497	0.00742603	0.0264784	0.061458	0.251322	0.68722
6580	-44.258	-50.945	6.68697	0.214129	0.00575701	0.0499529	0.390092	0.238833	0.371076
6590	-42.9467	-50.3505	7.40382	0.13345	0.00845842	0.0319322	0.0506121	0.500665	0.448723
6600	-46.4692	-52.8748	6.40563	0.0707983	0.0189119	0.0898676	0.247391	0.516457	0.236152
6610	-44.6994	-49.2789	4.57944	0.24008	0.0237063	0.0552619	0.0443154	0.231048	0.724637
6620	-44.17	-50.8498	6.67985	0.0744065	0.0197514	0.0504432	0.082981	0.358396	0.558623
6630	-48.9774	-50.892	1.91464	0.127615	0.0596945	0.0743242	0.57997	0.208488	0.211542
6640	-42.9147	-50.1517	7.23691	0.11802	0.0111345	0.0372923	0.422842	0.173293	0.403866
6650	-42.1096	-50.2257	8.11617	0.111795	0.00337136	0.0332232	0.291917	0.449034	0.25905
6660	-42.5703	-50.2534	7.68309	0.114593	0.00730725	0.0343749	0.292412	0.350854	0.356734
6670	-43.349	-50.9464	7.59743	0.082724	0.0114899	0.0329828	0.41023	0.20464	0.38513
6680	-44.4531	-52.066	7.61295	0.0977773	0.00424596	0.088817	0.204277	0.35396	0.441763
6690	-48.5839	-55.753	7.16913	0.092149	0.012322	0.0580668	0.297667	0.1587	0.543633
6700	-43.7654	-50.6376	6.87226	0.192115	0.00535303	0.0574769	0.250474	0.106944	0.642582
6710	-43.8816	-50.902	7.02038	0.198691	0.00525916	0.0370282	0.294395	0.518412	0.187193
6720	-42.8723	-50.5124	7.64005	0.147964	0.00124612	0.0659181	0.125763	0.169417	0.704821
6730	-42.6939	-50.248	7.55415	0.157834	0.00245757	0.0525237	0.10129	0.816623	0.0820864
6740	-42.2619	-50.8248	8.56289	0.0872864	0.00127701	0.0340032	0.376017	0.00794016	0.616043
6750	-43.4459	-50.8204	7.37448	0.112869	0.0113719	0.0263129	0.403941	0.140467	0.455592
6760	-43.5213	-50.2749	6.75358	0.152339	0.0111303	0.0513491	0.520396	0.362504	0.1171
6770	-42.7733	-49.8529	7.07964	0.147335	0.00884306	0.0466197	0.478715	0.278696	0.242589
6780	-44.7482	-52.7573	8.00916	0.0862803	0.00854476	0.0177051	0.125813	0.352608	0.521579
6790	-46.6209	-51.6321	5.01121	0.225828	0.0200627	0.0627727	0.0873745	0.692719	0.219906
6800	-43.028	-50.2018	7.17384	0.147065	0.00884404	0.0374597	0.26754	0.234604	0.497856
6810	-43.5588	-52.1436	8.5848	0.0833254	0.00271086	0.0214346	0.553705	0.240437	0.205858
6820	-42.736	-50.7625	8.02651	0.0882489	0.00357147	0.063734	0.428831	0.33259	0.23858
6830	-43.6826	-51.9001	8.21744	0.0545684	0.00704692	0.043567	0.748054	0.0218474	0.230099
6840	-48.3593	-54.7389	6.37959	0.243387	0.00840088	0.0249936	0.745823	0.223585	0.0305922
6850	-42.229	-50.5379	8.30895	0.0832377	0.00312846	0.0449317	0.578614	0.131235	0.29015
6860	-44.2837	-52.3543	8.07052	0.063003	0.00445762	0.0757178	0.681173	0.21805	0.100777
6870	-44.7965	-52.7592	7.9627	0.0638402	0.00466908	0.0835478	0.377772	0.206281	0.415946
6880	-42.4255	-50.2663	7.84086	0.113543	0.0058281	0.0344386	0.142318	0.371209	0.486472
6890	-44.0123	-51.2711	7.25885	0.137659	0.0102147	0.0246574	0.023528	0.348894	0.627578
6900	-43.7348	-50.6188	6.884	0.113246	0.0120001	0.068701	0.591841	0.216502	0.191657
6910	-47.0229	-50.9486	3.92573	0.164403	0.0360732	0.0726405	0.0986843	0.248379	0.652936
6920	-44.1834	-50.6167	6.43327	0.132996	0.0185945	0.0280804	0.222702	0.343772	0.433526
6930	-42.2211	-50.0358	7.81468	0.109098	0.00604612	0.0393216	0.213914	0.698505	0.0875812
6940	-46.7361	-52.971	6.23491	0.139183	0.0178891	0.0487833	0.337908	0.275657	0.386435
6950	-43.979	-50.0223	6.04337	0.114399	0.0222144	0.0494684	0.78798	0.0438468	0.168173
6960	-42.7894	-51.2382	8.4488	0.0669225	0.0039819	0.0387273	0.258386	0.125428	0.616186
6970	-43.4034	-51.0983	7.69486	0.177668	0.00144686	0.0287256	0.29049	0.371053	0.338457
6980	-44.1223	-52.1611	8.03876	0.0864013	0.00132071	0.0868643	0.366602	0.204276	0.429122
6990	-42.2809	-50.5341	8.25316	0.0869012	0.00219279	0.0562034	0.545458	0.282672	0.17187
7000	-46.24	-53.7912	7.55115	0.116178	0.000662988	0.112426	0.272414	0.587777	0.139808
7010	-43.185	-51.5675	8.38249	0.118	0.0012481	0.0216186	0.361887	0.264068	0.374045
7020	-42.5083	-50.7559	8.24758	0.0811249	0.00493315	0.0351339	0.393169	0.335673	0.271158
7030	-42.5648	-50.541	7.97626	0.0868717	0.00500072	0.0558436	0.778077	0.185396	0.0365269
7040	-43.2147	-51.5671	8.35245	0.0626382	0.00342024	0.0582636	0.158633	0.353887	0.48748
7050	-43.2337	-50.72	7.48634	0.0785777	0.0118297	0.0448402	0.633461	0.102045	0.264494
7060	-43.6579	-51.0301	7.37217	0.105394	0.00729403	0.0747978	0.230147	0.476711	0.293142
7070	-43.0684	-49.7594	6.69103	0.116661	0.01321	0.0724849	0.276684	0.361626	0.36169
7080	-42.9928	-51.3393	8.34646	0.0637889	0.00475078	0.0444056	0.433205	0.0447611	0.522034
7090	-43.9084	-52.0778	8.16942	0.0756029	0.00171238	0.0806799	0.759948	0.0332907	0.206761
7100	-42.9863	-51.5993	8.61305	0.0830408	0.00211951	0.0248079	0.266714	0.161191	0.572095
7110	-45.9029	-52.5395	6.63664	0.204785	0.00348612	0.0870392	0.331197	0.299796	0.369007
7120	-45.7316	-52.3821	6.65053	0.166391	0.00654999	0.0934045	0.293207	0.564927	0.141866
7130	-43.4522	-50.2517	6.79955	0.128073	0.0147907	0.0344143	0.459497	0.212817	0.327686
7140	-41.9489	-50.2218	8.27295	0.102933	0.00216367	0.0384835	0.528997	0.263352	0.207652
7150	-43.1224	-50.3246	7.20222	0.0945782	0.0117571	0.0579772	0.294312	0.391869	0.313819
7160	-47.5245	-52.8096	5.28512	0.252745	0.017646	0.0326313	0.0427518	0.621714	0.335534
7170	-44.1516	-50.304	6.15243	0.0990603	0.0219413	0.0566327	0.0456119	0.503658	0.450731
7180	-43.0789	-50.263	7.18412	0.120377	0.00936744	0.0578852	0.362681	0.572896	0.0644226
7190	-42.7719	-50.0961	7.32416	0.121008	0.0101124	0.0358013	0.231968	0.40351	0.364522
7200	-43.2778	-50.3167	7.03898	0.120726	0.0133875	0.0318498	0.446513	0.368799	0.184687
7210	-42.5383	-50.5008	7.96248	0.0970186	0.00638704	0.0332121	0.0633635	0.0493044	0.887332
7220	-42.6102	-50.2138	7.60363	0.0966189	0.00895601	0.0438066	0.58923	0.118748	0.292021
7230	-43.336	-51.1398	7.80386	0.0818397	0.00603743	0.0677486	0.507957	0.130865	0.361178
7240	-46.5363	-53.9778	7.44146	0.0374458	0.014424	0.0645176	0.324248	0.122353	0.553399
7250	-42.9068	-50.1107	7.20388	0.148642	0.00712851	0.0500343	0.468719	0.126236	0.405045
7260	-49.1726	-55.5801	6.40752	0.16436	0.00849863	0.100251	0.506725	0.206422	0.286854
7270	-43.3392	-51.38	8.04084	0.0877943	0.00730419	0.0254289	0.529359	0.211646	0.258995
7280	-44.2671	-51.175	6.90792	0.141812	0.00817912	0.0759526	0.673675	0.0439852	0.28234
7290	-43.2161	-50.678	7.46188	0.0786459	0.0123834	0.0416811	0.466539	0.101165	0.432297
7300	-41.0684	-48.6927	7.62431	0.123333	0.00671589	0.0374253	0.230702	0.288334	0.480964
7310	-42.4938	-50.5652	8.07141	0.0851721	0.00521338	0.0459019	0.453531	0.0132456	0.533223
7320	-43.4436	-50.2197	6.77617	0.152648	0.0115741	0.0443424	0.419835	0.243574	0.336592
7330	-42.6943	-50.5205	7.82617	0.158573	0.00159231	0.033235	0.735901	0.0672809	0.196818
7340	-43.1123	-51.7437	8.63138	0.0590099	0.00112162	0.0569847	0.239487	0.273407	0.487106
7350	-45.8908	-53.2617	7.3709	0.140557	0.000592791	0.106774	0.537139	0.141766	0.321095
7360	-42.0947	-50.5943	8.49959	0.100832	0.000697835	0.0325801	0.0988592	0.197665	0.703476
7370	-44.1507	-51.6434	7.49269	0.200959	0.00100139	0.0301064	0.470926	0.268418	0.260656
7380	-42.36	-50.1643	7.80429	0.106795	0.00515674	0.0515578	0.417502	0.236332	0.346166
7390	-44.0051	-50.4018	6.3967	0.168025	0.0135209	0.0474448	0.379606	0.29859	0.321804
7400	-42.3196	-49.933	7.61337	0.129367	0.00526969	0.0469483	0.383721	0.202868	0.413411
7410	-45.1442	-52.3964	7.25223	0.192239	0.00523254	0.0205617	0.169178	0.258612	0.57221
7420	-43.166	-50.2747	7.10869	0.116894	0.012556	0.0370262	0.249567	0.222307	0.528126
7430	-42.8611	-50.7168	7.85574	0.0829232	0.00867848	0.0350671	0.252557	0.222445	0.524998
7440	-43.5772	-51.8859	8.30869	0.0855116	0.00505742	0.023394	0.371412	0.0616548	0.566933
7450	-42.6642	-50.3393	7.67505	0.129499	0.00611273	0.0322172	0.511984	0.263851	0.224165
7460	-43.3723	-50.4845	7.1122	0.178173	0.00653872	0.0355689	0.487316	0.0868194	0.425865
7470	-42.1316	-50.0546	7.92302	0.134077	0.00255085	0.038461	0.812763	0.148883	0.0383535
7480	-42.6656	-50.3021	7.63654	0.157954	0.00304687	0.0382718	0.381858	0.237679	0.380463
7490	-42.6576	-50.4649	7.80738	0.0870352	0.00763495	0.0462266	0.504113	0.197589	0.298297
7500	-40.7835	-48.2779	7.49445	0.126705	0.00633949	0.0508034	0.202316	0.0948931	0.702791
7510	-42.7731	-50.0919	7.31885	0.103856	0.0107286	0.0473223	0.0956953	0.56221	0.342095
7520	-42.346	-50.408	8.06203	0.111273	0.00365875	0.0362852	0.337825	0.361238	0.300937
7530	-42.7552	-50.281	7.52579	0.147512	0.00282586	0.0619989	0.202261	0.550416	0.247323
7540	-43.47	-51.498	8.02792	0.0604664	0.00820316	0.0450585	0.133302	0.598374	0.268324
7550	-42.2412	-50.3461	8.10495	0.0904381	0.00434827	0.0459326	0.30026	0.223022	0.476718
7560	-43.3938	-51.5614	8.16768	0.0634499	0.00747668	0.0353642	0.652492	0.22249	0.125019
7570	-44.174	-50.3171	6.14313	0.152131	0.0171417	0.052488	0.485089	0.504944	0.00996689
7580	-44.8464	-50.6466	5.80023	0.156624	0.0189592	0.0641089	0.308568	0.352344	0.339088
7590	-47.2086	-52.8508	5.64219	0.180176	0.0228707	0.0172474	0.206629	0.435952	0.357419
7600	-48.8446	-54.2345	5.38992	0.155814	0.0283252	0.0122902	0.567841	0.116269	0.31589
7610	-42.7799	-50.5851	7.80514	0.102466	0.00747954	0.032574	0.315742	0.0378041	0.646454
7620	-44.1792	-49.9988	5.81958	0.144616	0.0219251	0.0445234	0.494355	0.162273	0.343373
7630	-43.8941	-50.9697	7.07563	0.0705662	0.0163275	0.0489448	0.294461	0.256731	0.448809
7640	-42.8705	-50.4261	7.55559	0.119161	0.0085967	0.0296621	0.75453	0.152897	0.0925729
7650	-44.8932	-50.4756	5.58246	0.179365	0.0195455	0.0572831	0.182127	0.439409	0.378464
7660	-45.9714	-52.3719	6.40051	0.222889	0.0100274	0.0271353	0.185214	0.40102	0.413765
7670	-43.9293	-50.3062	6.3769	0.091316	0.0217045	0.044297	0.0871639	0.321134	0.591703
7680	-43.0729	-51.0119	7.93903	0.140039	0.00316445	0.0247625	0.386736	0.149853	0.463411
7690	-43.5999	-50.8184	7.21848	0.168422	0.00697856	0.0302936	0.612536	0.339068	0.0483965
7700	-41.9632	-50.236	8.27281	0.094381	0.0027912	0.0407749	0.333033	0.467615	0.199352
7710	-46.8792	-54.1597	7.2805	0.130492	0.00150342	0.116772	0.479169	0.443728	0.0771032
7720	-41.0205	-49.0455	8.02504	0.0797675	0.00488005	0.0592765	0.132201	0.392605	0.475194
7730	-42.9362	-50.7135	7.77728	0.0940477	0.00537592	0.0648137	0.26059	0.343185	0.396225
7740	-42.6306	-50.4021	7.77142	0.086271	0.00822697	0.0446659	0.760351	0.231102	0.00854742
7750	-43.4272	-51.1935	7.76633	0.098998	0.0089592	0.025126	0.206059	0.769825	0.0241162
7760	-42.3856	-50.6897	8.30413	0.0818903	0.00423868	0.0356586	0.377797	0.370428	0.251775
7770	-42.4637	-50.2591	7.79542	0.14866	0.00296137	0.0325324	0.207312	0.294521	0.498167
7780	-44.1452	-50.6415	6.49624	0.0795258	0.0209687	0.0515123	0.37715	0.53456	0.0882896
7790	-46.0665	-50.2562	4.18968	0.166481	0.0364797	0.0401026	0.275463	0.529563	0.194974
7800	-43.6308	-50.2677	6.63686	0.146419	0.0145584	0.03466	0.571919	0.0753843	0.352697
7810	-46.3417	-53.0642	6.72248	0.182288	0.0036246	0.0995673	0.168979	0.469491	0.36153
7820	-45.1917	-50.2334	5.04172	0.154117	0.0285265	0.0467948	0.105483	0.433023	0.461494
7830	-43.7935	-50.0086	6.21508	0.115882	0.0204792	0.0481668	0.264924	0.490314	0.244763
7840	-43.9874	-51.6973	7.70996	0.0573686	0.0116859	0.0451248	0.329268	0.227587	0.443145
7850	-46.1754	-52.7173	6.54193	0.0522802	0.0214657	0.0692188	0.205029	0.745263	0.0497074
7860	-44.3334	-52.3996	8.06622	0.0788362	0.0084259	0.0206315	0.326501	0.645847	0.0276514
7870	-42.3355	-50.1566	7.8211	0.11466	0.00334736	0.0601049	0.204274	0.208813	0.586914
7880	-42.853	-50.8327	7.97973	0.0947813	0.00293074	0.0682875	0.486427	0.333427	0.180146
7890	-42.6576	-49.9921	7.33453	0.116508	0.010249	0.0378977	0.224657	0.561772	0.213571
7900	-45.6996	-50.0321	4.33255	0.123591	0.0396199	0.0373035	0.552119	0.207014	0.240867
7910	-44.7645	-50.2856	5.52106	0.0924577	0.0296016	0.0497683	0.617014	0.184583	0.198403
7920	-44.3044	-50.2246	5.92013	0.109565	0.0230956	0.0578149	0.605823	0.0861979	0.307979
7930	-45.1577	-50.3693	5.21161	0.156716	0.0279486	0.0329859	0.0213477	0.689289	0.289363
7940	-44.7434	-51.0407	6.29727	0.169539	0.0163164	0.0279185	0.343639	0.356299	0.300063
7950	-42.8168	-50.0662	7.24937	0.140783	0.00857518	0.0388772	0.41307	0.226529	0.360401
7960	-44.3126	-50.1139	5.80134	0.129446	0.0246582	0.034187	0.712845	0.0291397	0.258015
7970	-46.7816	-51.7483	4.9667	0.0645644	0.0398159	0.0309548	0.0981798	0.532066	0.369754
7980	-45.5805	-52.3964	6.81585	0.0817052	0.013874	0.0883181	0.201478	0.512981	0.285541
7990	-43.7131	-49.8921	6.17903	0.115262	0.0206299	0.0508854	0.355574	0.103284	0.541142
8000	-43.8527	-50.9537	7.10102	0.0913992	0.0120498	0.0683495	0.116569	0.837987	0.0454439
8010	-42.7444	-50.0348	7.29036	0.126959	0.00942682	0.0400851	0.279296	0.139173	0.581531
8020	-48.4419	-56.0325	7.59055	0.0804114	0.00202619	0.130621	0.0496932	0.484661	0.465646
8030	-42.3714	-50.9945	8.6231	0.0713373	0.00090531	0.0476481	0.265375	0.370531	0.364094
8040	-42.0846	-50.4128	8.32814	0.0856477	0.00309408	0.0409467	0.171386	0.391884	0.436729
8050	-45.753	-54.3394	8.58644	0.069695	0.00145089	0.0475012	0.528511	0.167348	0.304142
8060	-44.2474	-51.5412	7.29376	0.156329	0.00219856	0.0826578	0.195262	0.399964	0.404775
8070	-42.2335	-50.2756	8.04208	0.0909008	0.00478578	0.0473821	0.420538	0.189772	0.38969
8080	-44.7902	-50.3769	5.5867	0.14183	0.0240964	0.0488849	0.229153	0.623246	0.1476
8090	-43.7222	-51.5427	7.82055	0.0792534	0.00550938	0.0739463	0.167269	0.358844	0.473887
8100	-42.7012	-50.232	7.53089	0.153778	0.00462161	0.0372655	0.309861	0.373776	0.316363
8110	-43.8374	-50.5193	6.68193	0.0945732	0.0167603	0.0599799	0.38274	0.0384255	0.578834
8120	-43.8425	-50.8704	7.02787	0.211001	0.0038971	0.0375895	0.55261	0.195312	0.252078
8130	-43.0488	-50.1478	7.09905	0.163511	0.00630761	0.0538567	0.0271538	0.653386	0.31946
8140	-43.1032	-50.2532	7.14999	0.126695	0.0115933	0.0327207	0.266258	0.253729	0.480014
8150	-43.4682	-50.0089	6.54072	0.122036	0.0174188	0.0400527	0.236234	0.58452	0.179246
8160	-42.1162	-50.1865	8.07029	0.101569	0.00285872	0.0531636	0.491931	0.195584	0.312485
8170	-44.9149	-52.4904	7.57542	0.119409	0.00161378	0.0972604	0.472009	0.212915	0.315076
8180	-42.0318	-50.1121	8.08037	0.0996934	0.00316261	0.0509922	0.276619	0.366842	0.356539
8190	-42.8898	-50.8653	7.97554	0.123732	0.00423538	0.0267092	0.15659	0.262884	0.580526
8200	-43.2277	-51.4817	8.254	0.0777004	0.00591779	0.0280701	0.294672	0.508151	0.197177
8210	-44.271	-51.5241	7.2531	0.183236	0.00567525	0.0250505	0.11985	0.272709	0.607441
8220	-42.8219	-50.5504	7.7285	0.138574	0.00126168	0.0663085	0.672188	0.113373	0.214439
8230	-43.3093	-51.4083	8.09899	0.0945754	0.000821853	0.0776557	0.431935	0.563114	0.00495092
8240	-42.4543	-50.6739	8.21957	0.105668	0.00326711	0.0300525	0.613855	0.242628	0.143517
8250	-44.6839	-51.7081	7.02417	0.073273	0.018701	0.0276486	0.672216	0.304191	0.0235934
8260	-42.2391	-50.0457	7.80654	0.121155	0.00475054	0.041034	0.376156	0.277412	0.346432
8270	-42.5354	-50.1035	7.56812	0.127302	0.0049871	0.056364	0.219047	0.328586	0.452367
8280	-43.317	-51.4162	8.09924	0.0620042	0.00685762	0.0498445	0.469723	0.260883	0.269394
8290	-44.1742	-49.9242	5.75001	0.137288	0.0235153	0.042907	0.220365	0.719022	0.0606127
8300	-47.1247	-52.5557	5.43108	0.0694444	0.0294223	0.0835738	0.418028	0.192257	0.389715
8310	-43.2253	-51.4017	8.17638	0.0629891	0.00568797	0.0528419	0.572151	0.292875	0.134974
8320	-45.1928	-51.1004	5.90769	0.0938254	0.023289	0.072865	0.0975415	0.444062	0.458396
8330	-44.1349	-52.4088	8.27393	0.0580336	0.00769012	0.0280211	0.450874	0.513583	0.0355429
8340	-46.9468	-51.1515	4.20477	0.218632	0.0301589	0.0496508	0.511277	0.217323	0.2714
8350	-42.9245	-50.0947	7.17021	0.121852	0.010685	0.0446255	0.0959526	0.335162	0.568885
8360	-44.3769	-50.484	6.10702	0.104435	0.0243067	0.0321449	0.404533	0.0650906	0.530376
8370	-43.4787	-50.5499	7.07123	0.178433	0.0066383	0.0384093	0.275496	0.366723	0.357781
8380	-43.8743	-50.4187	6.54441	0.103164	0.0170662	0.0620814	0.129912	0.405702	0.464386
8390	-45.4266	-50.273	4.84635	0.0967105	0.0358395	0.050608	0.285882	0.379604	0.334514
8400	-44.2787	-50.4968	6.21815	0.0834909	0.0238547	0.0464965	0.288568	0.209038	0.502394
8410	-42.4834	-50.1138	7.63043	0.108109	0.00705109	0.048686	0.207373	0.363846	0.428781
8420	-43.8522	-50.9385	7.08628	0.134819	0.0120734	0.0261672	0.200187	0.217773	0.58204
8430	-43.1048	-49.9507	6.84589	0.131752	0.0129089	0.0449187	0.423583	0.415837	0.16058
8440	-42.5585	-50.2227	7.66414	0.121457	0.00453185	0.0571595	0.275966	0.215776	0.508258
8450	-43.6381	-50.6485	7.01039	0.0779329	0.0168541	0.0428359	0.297731	0.480386	0.221883
8460	-43.0712	-50.8633	7.79205	0.101864	0.00807428	0.0285368	0.355827	0.249869	0.394304
8470	-43.0665	-49.8877	6.82126	0.131555	0.0131702	0.0449659	0.352851	0.361211	0.285938
8480	-43.0567	-50.0435	6.98686	0.119006	0.0136514	0.0361424	0.531679	0.312286	0.156035
8490	-43.5828	-50.0318	6.44895	0.126073	0.0168612	0.0507679	0.0889837	0.436201	0.474816
8500	-44.3301	-50.4016	6.07155	0.176065	0.0158472	0.0486575	0.37162	0.3608	0.26758
8510	-43.4293	-50.3012	6.87192	0.156298	0.0112492	0.0343662	0.688207	0.25974	0.0520535
8520	-43.7319	-51.7825	8.05052	0.0582179	0.00706214	0.0564573	0.294184	0.548475	0.157341
8530	-43.0267	-50.6405	7.61381	0.135526	0.0064469	0.0289725	0.206051	0.469788	0.324161
8540	-43.3041	-51.4152	8.11112	0.0620957	0.00664664	0.0506751	0.824922	0.0795584	0.0955197
8550	-41.0589	-49.322	8.2631	0.0855869	0.000652205	0.0719299	0.0126046	0.40801	0.579385
8560	-43.1284	-50.5668	7.43838	0.186542	0.000964369	0.0503251	0.386802	0.291399	0.321799
8570	-42.2698	-50.1246	7.85479	0.156703	0.000621699	0.04195	0.0993652	0.462829	0.437806
8580	-42.156	-50.2857	8.12972	0.106505	0.00128307	0.0580415	0.25336	0.613349	0.133291
8590	-43.3001	-51.22	7.91988	0.0703114	0.0068335	0.0597147	0.671316	0.0192467	0.309438
8600	-45.4014	-52.246	6.84461	0.143972	0.00671315	0.0947841	0.674369	0.228513	0.0971182
8610	-44.0578	-50.3561	6.29831	0.184762	0.0126843	0.0489123	0.149793	0.228118	0.622089
8620	-42.6756	-50.189	7.51342	0.108504	0.0092666	0.0378368	0.652003	0.0600657	0.287931
8630	-44.4209	-50.8174	6.39656	0.203421	0.0091715	0.0555577	0.245807	0.679426	0.0747663
8640	-43.9459	-50.5725	6.62666	0.183858	0.00890342	0.0547911	0.378097	0.401549	0.220354
8650	-42.8245	-50.3679	7.54341	0.104655	0.00697401	0.0616134	0.20147	0.0811195	0.71741
8660	-43.7761	-50.7381	6.96205	0.201545	0.00533873	0.0392118	0.393919	0.201623	0.404458
8670	-43.272	-50.456	7.18393	0.177146	0.00361874	0.058623	0.19853	0.214023	0.587447
8680	-43.8217	-50.7277	6.90599	0.152411	0.00805781	0.066761	0.204224	0.590714	0.205062
8690	-42.4076	-49.8979	7.49035	0.140859	0.00594009	0.0410534	0.316122	0.405582	0.278296
8700	-42.7642	-50.1233	7.35911	0.104684	0.00955198	0.0542348	0.0559742	0.635387	0.308638
8710	-44.8938	-50.0945	5.20062	0.153286	0.0261463	0.0555382	0.318445	0.385069	0.296486
8720	-46.2082	-50.7156	4.50741	0.156956	0.0354149	0.0285021	0.301788	0.556229	0.141982
8730	-44.9437	-52.103	7.15932	0.0530177	0.016696	0.0544388	0.484807	0.388581	0.126612
8740	-43.9827	-51.6925	7.70982	0.0961701	0.0100251	0.022945	0.302793	0.399607	0.297599
8750	-44.9433	-50.7821	5.83878	0.160429	0.0217243	0.0287991	0.388058	0.393721	0.218222
8760	-43.4203	-50.1507	6.73037	0.104075	0.0163733	0.0495042	0.387533	0.227057	0.38541
8770	-45.0973	-51.8505	6.75321	0.162213	0.00668745	0.0859401	0.72485	0.0221756	0.252974
8780	-42.7863	-49.8705	7.08425	0.113412	0.0124571	0.0439415	0.427452	0.098171	0.474377
8790	-44.6578	-50.121	5.4632	0.110771	0.0292032	0.0412253	0.458015	0.27963	0.262354
8800	-45.1201	-51.163	6.04288	0.111624	0.0249677	0.0247598	0.503159	0.15053	0.346311
8810	-46.2663	-52.0254	5.75905	0.0955236	0.0298652	0.0202688	0.189	0.328745	0.482255
8820	-44.0677	-50.0352	5.96752	0.100978	0.02463	0.0463182	0.227396	0.322633	0.449971
8830	-43.6941	-50.8786	7.18448	0.0875111	0.0152937	0.0314525	0.228367	0.659071	0.112562
8840	-44.4678	-50.4191	5.95129	0.183552	0.0167713	0.0439542	0.735399	0.20275	0.0618507
8850	-42.7776	-50.6874	7.90981	0.0823936	0.00657216	0.0512526	0.448419	0.171092	0.380489
8860	-49.0323	-55.6598	6.6275	0.0521361	0.0261866	0.0135971	0.590001	0.121132	0.288866
8870	-43.634	-51.9206	8.2866	0.057122	0.0046057	0.05851	0.0508195	0.60857	0.34061
8880	-45.3087	-52.298	6.98928	0.238637	0.00251315	0.0276528	0.165373	0.411733	0.422893
8890	-42.2364	-50.2211	7.98472	0.105808	0.0029241	0.0568278	0.239938	0.526409	0.233653
8900	-42.9515	-50.6824	7.73089	0.168106	0.00204757	0.0286776	0.323506	0.17177	0.504724
8910	-43.0237	-50.3106	7.28692	0.145291	0.00825204	0.0338446	0.301577	0.257984	0.440438
8920	-42.6974	-51.2495	8.5521	0.0729934	0.00303814	0.0317639	0.47343	0.130585	0.395986
8930	-43.6936	-50.6554	6.96182	0.175978	0.00791829	0.0390063	0.606411	0.0252442	0.368344
8940	-43.7747	-51.6508	7.8761	0.0688736	0.0103853	0.030012	0.228996	0.264196	0.506808
8950	-44.2009	-49.9604	5.75947	0.138485	0.0236565	0.0393523	0.422508	0.456919	0.120573
8960	-46.0141	-51.6574	5.64329	0.125941	0.0213505	0.0865743	0.522686	0.260099	0.217216
8970	-44.12	-51.3062	7.18615	0.0779817	0.0124788	0.0689644	0.567664	0.281199	0.151136
8980	-43.1242	-49.9586	6.83442	0.150222	0.0106122	0.0505622	0.186219	0.376564	0.437218
8990	-43.0011	-50.2221	7.22106	0.0974827	0.0130061	0.0406991	0.40756	0.135244	0.457196
9000	-47.0335	-54.5696	7.53608	0.0563438	0.00784278	0.101969	0.553883	0.0576999	0.388417
9010	-43.1461	-50.0083	6.86218	0.115564	0.0135356	0.0532103	0.244603	0.188864	0.566533
9020	-43.6048	-50.2077	6.60288	0.127285	0.0168754	0.0340224	0.501557	0.110495	0.387948
9030	-42.6396	-50.0798	7.44019	0.124915	0.00660036	0.0554114	0.471092	0.441972	0.0869359
9040	-42.7724	-50.1781	7.40573	0.109975	0.00905594	0.0492418	0.417338	0.255585	0.327077
9050	-43.3101	-50.339	7.02893	0.1155	0.0139125	0.0328305	0.198671	0.521189	0.28014
9060	-40.437	-48.4967	8.05969	0.113847	0.00290144	0.0415179	0.393574	0.0816528	0.524773
9070	-42.1629	-49.9814	7.81854	0.13845	0.0022217	0.0478281	0.393779	0.0819643	0.524257
9080	-42.1483	-50.3813	8.23292	0.0953006	0.00351812	0.036575	0.604525	0.247848	0.147627
9090	-42.7936	-50.5803	7.78668	0.0845314	0.00717767	0.0553722	0.510289	0.23372	0.255991
9100	-43.0819	-51.6119	8.52997	0.0649273	0.00391191	0.033305	0.523656	0.00139544	0.474949
9110	-42.6718	-51.0295	8.35775	0.0737349	0.00228287	0.0580098	0.315956	0.244775	0.439269
9120	-43.8661	-50.8926	7.02648	0.0860188	0.013686	0.064822	0.152525	0.415706	0.431769
9130	-44.3394	-52.7296	8.3902	0.0449051	0.0062659	0.0437649	0.427635	0.143971	0.428394
9140	-44.9172	-51.13	6.21287	0.200992	0.0112308	0.0557623	0.69823	0.0837505	0.21802
9150	-46.0122	-52.9887	6.97653	0.139183	0.0137791	0.0157209	0.504952	0.259176	0.235872
9160	-44.4726	-52.6374	8.16479	0.0994996	0.00571447	0.0172252	0.188427	0.173577	0.637996
9170	-44.1564	-52.4903	8.33397	0.0769139	0.00595758	0.0204625	0.384164	0.181909	0.433928
9180	-42.6137	-50.7363	8.1226	0.0808658	0.00422078	0.0550157	0.102757	0.504687	0.392557
9190	-45.5728	-51.807	6.23421	0.248967	0.00798177	0.0381426	0.675919	0.311433	0.0126477
9200	-42.4264	-50.1592	7.73278	0.133245	0.00419823	0.041843	0.405305	0.0960881	0.498607
9210	-42.6519	-50.465	7.81309	0.127362	0.00509045	0.030773	0.578054	0.107985	0.313961
9220	-44.806	-51.6394	6.83336	0.209978	0.00260996	0.0709354	0.453124	0.197905	0.348971
9230	-42.4488	-50.0694	7.62055	0.0995661	0.00807128	0.0480153	0.292308	0.390228	0.317464
9240	-45.1654	-52.8233	7.65789	0.099849	0.0107974	0.0167369	0.323725	0.323476	0.352799
9250	-42.211	-49.8314	7.62043	0.123183	0.00604063	0.0447171	0.025565	0.74283	0.231605
9260	-44.1663	-50.6085	6.44221	0.124338	0.0192626	0.0291647	0.125621	0.104813	0.769566
9270	-43.565	-50.0544	6.48947	0.125888	0.016185	0.053663	0.0805278	0.178768	0.740704
9280	-43.8468	-50.1188	6.27199	0.106023	0.0207977	0.0491493	0.183896	0.281564	0.534539
9290	-42.1556	-50.2992	8.14363	0.0986709	0.0041737	0.035578	0.313763	0.247413	0.438824
9300	-42.905	-50.4235	7.51847	0.156617	0.00488606	0.0330242	0.595607	0.21807	0.186323
9310	-43.098	-51.2294	8.13142	0.0784693	0.00694285	0.029309	0.310043	0.425193	0.264764
9320	-45.8428	-52.8772	7.03435	0.0957443	0.00921858	0.0989837	0.442132	0.376468	0.181401
9330	-42.365	-50.5218	8.15678	0.0824081	0.00466693	0.0455938	0.338332	0.466571	0.195098
9340	-43.5107	-49.7412	6.23048	0.142311	0.0179753	0.0452375	0.527181	0.279069	0.193751
9350	-45.6957	-52.0686	6.37296	0.146312	0.018683	0.0199111	0.480071	0.514138	0.00579063
9360	-43.349	-50.0052	6.65628	0.137961	0.0142729	0.0440314	0.33887	0.36125	0.299881
9370	-42.896	-50.2691	7.37312	0.0901963	0.0111501	0.051339	0.428581	0.0731595	0.498259
9380	-44.3746	-51.7547	7.38009	0.0649993	0.0156444	0.0308964	0.339412	0.160121	0.500467
9390	-43.1026	-50.0914	6.98879	0.128851	0.0105404	0.0572141	0.387151	0.423598	0.189251
9400	-44.8691	-50.8679	5.99876	0.11162	0.0205465	0.0733879	0.238676	0.357177	0.404148
9410	-42.8091	-50.3291	7.51994	0.118025	0.00858394	0.0344906	0.224224	0.531466	0.24431
9420	-43.2644	-51.248	7.98356	0.0877888	0.00770869	0.0271174	0.17668	0.510465	0.312855
9430	-44.224	-51.9596	7.73562	0.06841	0.007476	0.0736172	0.641164	0.266511	0.0923255
9440	-42.4482	-50.0487	7.60051	0.149882	0.00288388	0.051577	0.174095	0.698339	0.127566
9450	-43.9979	-52.3141	8.31621	0.0689331	0.0066545	0.02325	0.266515	0.65558	0.0779048
9460	-42.6573	-50.9404	8.28317	0.0788577	0.00482156	0.0349581	0.38809	0.533683	0.078227
9470	-42.8939	-49.9844	7.09046	0.111273	0.0126907	0.0431215	0.526065	0.163596	0.310339
9480	-44.0723	-50.331	6.25867	0.0900273	0.0224634	0.0498206	0.359624	0.433615	0.206761
9490	-43.4323	-51.5759	8.14368	0.060052	0.00637834	0.0521457	0.599435	0.103694	0.296872
9500	-44.5612	-50.1443	5.58317	0.144892	0.0239096	0.048044	0.317132	0.262698	0.420169
9510	-44.9869	-50.4006	5.41362	0.144192	0.0244967	0.0598267	0.420172	0.539738	0.04009
9520	-43.6429	-50.6974	7.05447	0.0788481	0.0163495	0.0425589	0.096137	0.580126	0.323737
9530	-47.9403	-50.345	2.40465	0.146144	0.0571699	0.0320403	0.212828	0.265607	0.521565
9540	-43.5851	-50.0942	6.50911	0.101615	0.0197862	0.0399612	0.418602	0.229207	0.35219
9550	-44.3343	-51.3322	6.99798	0.0657505	0.0169989	0.0548116	0.494321	0.126497	0.379182
9560	-44.4924	-50.7509	6.25853	0.0914115	0.0208924	0.0641605	0.830407	0.0327745	0.136818
9570	-43.4014	-50.3756	6.97424	0.18166	0.0071525	0.0397398	0.64749	0.0618973	0.290612
9580	-42.0911	-50.6433	8.55224	0.0820937	0.0013876	0.0391547	0.528246	0.140828	0.330926
9590	-44.6958	-51.3807	6.68486	0.225821	0.00469222	0.04912	0.234041	0.382152	0.383807
9600	-42.4488	-50.5175	8.06864	0.0896684	0.00351838	0.0586324	0.14179	0.486903	0.371306
