Iteration	start_0	end_0	start_1	end_1	start_2	end_2	start_3	end_3	start_4	end_4	start_5	end_5	start_6	end_6	start_7	end_7	start_8	end_8	start_9	end_9	start_10	end_10	start_11	end_11	start_12	end_12	start_13	end_13	start_14	end_14	start_15	end_15	start_16	end_16	start_17	end_17	start_18	end_18	start_19	end_19	start_20	end_20	start_21	end_21	start_22	end_22	start_23	end_23	start_24	end_24	start_25	end_25	start_26	end_26	start_27	end_27	start_28	end_28	start_29	end_29	start_30	end_30	start_31	end_31	start_32	end_32	start_33	end_33	start_34	end_34	start_35	end_35	start_36	end_36	start_37	end_37	start_38	end_38	start_39	end_39	start_40	end_40	start_41	end_41	start_42	end_42	start_43	end_43	start_44	end_44
0	4	4	2	2	1	1	4	4	2	2	2	2	2	2	4	4	2	2	2	2	4	4	1	1	2	6	1	1	2	2	1	1	2	2	2	2	1	1	2	2	2	2	2	2	2	2	4	4	1	1	2	2	2	2	2	2	2	2	1	1	1	1	2	2	6	6	2	2	2	2	2	2	6	6	2	2	4	4	1	1	5	7	6	6	2	2	4	6	5	5
10	4	4	2	2	1	1	4	4	2	2	2	2	2	2	2	4	2	2	2	2	4	4	1	1	2	6	1	1	2	2	1	1	2	2	2	2	1	1	2	2	2	2	2	2	2	2	4	4	1	1	2	2	2	2	2	2	2	2	1	1	1	1	2	2	2	2	2	2	2	2	2	2	6	6	2	2	2	2	1	1	3	3	2	2	2	2	2	6	3	3
20	4	4	2	2	1	1	6	4	2	2	2	2	2	2	4	4	2	2	2	2	4	4	1	1	2	6	1	1	2	2	1	1	2	2	2	2	1	1	2	2	2	2	2	2	2	2	6	6	1	1	2	2	2	2	2	2	2	2	1	1	1	1	2	2	2	6	2	2	2	2	2	2	6	6	2	2	2	6	1	1	3	3	2	2	2	2	6	6	3	3
30	4	4	2	2	1	1	4	4	2	2	2	2	2	2	4	4	2	2	2	2	4	4	1	1	2	6	1	1	2	2	1	1	2	2	2	2	1	1	2	2	2	2	2	2	2	2	4	4	1	1	2	2	2	2	2	2	2	2	1	1	1	1	2	2	2	6	2	2	2	2	2	2	4	6	2	2	2	6	1	1	3	3	2	2	2	2	4	4	3	3
40	4	4	2	2	1	1	4	4	2	2	2	2	2	2	4	4	2	2	2	2	4	4	1	1	2	6	1	1	2	2	1	1	2	2	2	2	1	1	2	2	2	2	2	2	2	2	4	4	1	1	2	2	2	2	2	2	2	2	1	1	1	1	2	2	2	6	2	2	2	2	2	2	2	6	2	2	2	6	1	1	3	3	2	2	6	6	2	2	3	3
50	4	4	2	2	1	1	4	4	2	2	2	2	2	2	4	4	2	2	2	2	4	4	1	1	2	6	1	1	2	2	1	1	2	2	2	2	1	1	2	2	2	2	2	2	2	2	4	4	1	1	2	2	2	2	2	2	2	2	1	1	1	1	2	2	2	6	2	2	2	2	2	2	6	6	2	2	2	2	1	1	3	3	2	2	2	6	6	6	3	3
60	4	4	2	2	1	1	4	4	2	2	2	2	2	2	4	4	2	2	2	2	4	4	1	1	2	6	1	1	2	2	1	1	2	2	2	2	1	1	2	2	2	2	2	2	2	2	4	4	1	1	2	2	2	2	2	2	2	2	1	1	1	1	2	2	2	6	2	2	2	2	2	2	6	6	2	2	2	2	1	1	3	3	2	2	2	6	2	2	3	3
70	4	4	2	2	1	1	4	4	2	2	2	2	2	2	4	4	2	2	2	2	4	4	1	1	2	6	1	1	4	2	1	1	2	2	2	2	1	1	2	2	2	2	2	2	2	2	4	4	1	1	2	2	2	2	2	2	2	2	1	1	1	1	2	2	4	4	2	2	2	2	2	2	4	6	2	2	4	6	1	1	1	3	2	6	4	4	2	2	5	5
80	4	4	2	2	1	1	4	4	2	2	2	2	2	2	4	4	2	2	2	2	4	4	1	1	2	6	1	1	2	2	1	1	2	2	2	2	1	1	2	2	2	2	2	2	2	2	4	4	1	1	2	2	2	2	2	2	2	2	1	1	1	1	2	2	2	6	2	2	2	2	2	2	6	6	2	2	2	6	2	1	2	2	2	2	6	6	2	2	2	2
90	4	4	2	2	1	1	4	4	2	2	2	2	2	2	4	4	2	2	2	2	4	4	1	1	6	6	1	1	2	2	1	1	2	2	2	2	1	1	2	2	2	2	2	2	2	2	4	4	1	1	2	2	2	2	2	2	2	2	1	1	1	1	6	6	6	6	6	6	2	2	2	2	6	6	2	2	6	6	1	1	2	3	2	6	2	2	6	6	6	6
100	4	4	2	2	1	1	4	4	2	2	2	2	2	2	4	4	2	2	2	2	4	4	1	1	2	6	1	1	2	2	1	1	2	2	2	2	1	1	2	2	2	2	2	2	2	2	4	4	1	1	2	2	2	2	2	2	2	2	1	1	1	1	2	2	2	6	2	2	2	2	2	2	6	6	2	2	2	6	1	1	3	3	2	2	2	2	6	6	3	3
110	4	4	2	2	1	1	4	4	2	2	2	2	2	2	4	4	2	2	2	2	4	4	1	1	2	6	1	1	2	2	1	1	2	2	2	2	1	1	2	2	2	2	2	2	2	2	4	4	1	1	2	2	2	2	2	2	2	2	1	1	1	1	2	2	2	6	2	2	2	2	2	2	6	6	2	2	6	6	1	1	2	3	2	2	2	2	6	6	6	6
120	4	4	2	2	1	1	4	4	2	2	2	2	2	2	4	4	2	2	2	2	4	4	1	1	2	6	1	1	2	2	1	1	2	2	2	2	1	1	2	2	2	2	2	2	2	2	4	4	1	1	2	2	2	2	2	2	2	2	1	1	1	1	2	2	2	6	2	2	2	2	2	2	6	6	2	2	2	6	1	1	3	3	2	2	2	2	6	6	3	3
130	4	4	2	2	1	1	4	4	2	2	2	2	2	2	4	4	2	2	2	2	4	4	1	1	2	6	1	1	2	2	1	1	2	2	2	2	1	1	2	2	2	2	2	2	2	2	4	4	1	1	2	2	2	2	2	2	2	2	1	1	1	1	2	2	6	6	2	2	2	2	2	2	6	6	2	2	4	6	1	1	5	5	4	6	6	6	6	6	5	5
140	4	4	2	2	1	1	4	4	2	2	2	2	2	2	4	4	2	2	2	2	4	4	1	1	2	6	1	1	2	2	1	1	2	2	2	2	1	1	2	2	2	2	2	2	2	2	4	4	1	1	2	2	2	2	2	2	2	2	1	1	1	1	2	2	6	6	2	2	2	2	2	2	6	6	2	2	2	6	1	1	3	3	2	6	6	6	2	2	3	3
150	4	4	2	2	1	1	4	4	2	2	2	2	2	2	4	4	2	2	2	2	4	4	1	1	2	6	1	1	2	2	1	1	2	2	2	2	1	1	2	2	2	2	2	2	2	2	4	4	1	1	2	2	2	2	2	2	2	2	1	1	1	1	2	2	2	6	2	2	2	2	2	2	6	6	2	2	2	6	1	1	3	3	2	2	6	6	2	2	3	3
160	4	4	2	2	1	1	4	4	2	2	2	2	2	2	4	4	2	2	2	2	4	4	1	1	2	6	1	1	2	2	1	1	2	2	2	2	1	1	2	2	2	2	2	2	2	2	4	4	1	1	2	2	2	2	2	2	2	2	1	1	1	1	2	2	2	6	2	2	2	2	2	2	6	6	2	2	2	6	1	1	3	3	2	2	6	6	2	2	3	3
170	4	4	2	2	1	1	4	4	2	2	2	2	2	2	4	4	2	2	2	2	4	4	1	1	2	6	1	1	2	2	1	1	2	2	2	2	1	1	2	2	2	2	2	2	2	2	4	4	1	1	2	2	2	2	2	2	2	2	1	1	1	1	2	2	2	6	2	2	2	2	2	2	6	6	2	2	2	6	1	1	3	3	2	2	6	6	2	2	3	3
180	2	4	2	2	1	1	4	4	2	2	2	2	2	2	4	4	2	2	2	2	4	4	1	1	2	6	1	1	2	2	1	1	2	2	2	2	1	1	2	2	2	2	2	2	2	2	4	4	1	1	2	2	2	2	2	2	2	2	1	1	1	1	2	2	2	6	2	2	2	2	2	2	2	6	2	2	2	2	1	1	3	3	2	2	2	2	2	2	3	3
190	4	4	2	2	1	1	4	4	2	2	2	2	2	2	2	4	2	2	2	2	4	4	1	1	2	6	1	1	2	2	1	1	2	2	2	2	1	1	2	2	2	2	2	2	2	2	4	4	1	1	2	2	2	2	2	2	2	2	1	1	1	1	2	2	2	2	2	2	2	2	2	2	6	6	2	2	2	6	1	1	3	3	2	2	6	6	2	2	3	3
200	4	4	2	2	1	1	4	4	2	2	2	2	2	2	4	4	2	2	2	2	4	4	1	1	2	6	1	1	2	2	1	1	2	2	2	2	1	1	2	2	2	2	2	2	2	2	4	4	1	1	2	2	2	2	2	2	2	2	1	1	1	1	2	2	6	6	2	2	2	2	2	2	2	6	2	2	2	6	1	1	3	3	2	6	2	2	2	2	3	3
210	4	4	2	2	1	1	4	4	2	2	2	2	2	2	4	4	2	2	2	2	4	4	1	1	2	6	1	1	2	2	1	1	2	2	2	2	1	1	2	2	2	2	2	2	2	2	4	4	1	1	2	2	2	2	2	2	2	2	1	1	1	1	2	2	2	6	2	2	2	2	2	2	2	6	2	2	2	6	1	1	3	3	2	2	2	2	2	2	3	3
220	4	4	2	2	1	1	4	4	2	2	2	2	2	2	4	4	2	2	2	2	4	4	1	1	6	6	1	1	2	2	1	1	2	2	2	2	1	1	2	2	2	2	2	2	2	2	4	4	1	1	2	2	2	2	2	2	2	2	1	1	1	1	6	6	6	6	6	6	2	2	2	2	6	6	2	2	2	6	1	1	3	3	2	6	6	6	2	2	3	3
230	4	4	2	2	1	1	4	4	2	2	2	2	2	2	4	4	2	2	2	2	4	4	1	1	6	6	1	1	2	2	1	1	2	2	2	2	1	1	2	2	2	2	2	2	2	2	4	4	1	1	2	2	2	2	2	2	2	2	1	1	1	1	6	6	4	6	4	6	2	2	2	2	4	6	2	2	6	6	1	1	4	5	4	4	4	4	2	2	6	6
240	4	4	2	2	1	1	4	4	2	2	2	2	2	2	4	4	2	2	2	2	4	4	1	1	2	6	1	1	2	2	1	1	2	2	2	2	1	1	2	2	2	2	2	2	2	2	4	4	1	1	2	2	2	2	2	2	2	2	1	1	1	1	2	2	2	6	2	2	2	2	2	2	6	6	2	2	2	6	1	1	3	3	2	2	6	6	2	2	3	3
250	2	4	2	2	1	1	4	4	2	2	2	2	2	2	4	4	2	2	2	2	4	4	1	1	6	6	1	1	2	2	1	1	2	2	2	2	1	1	2	2	2	2	2	2	2	2	4	4	1	1	2	2	2	2	2	2	2	2	1	1	1	1	2	6	2	6	2	2	2	2	2	2	2	6	2	2	2	2	1	1	3	3	2	2	2	2	2	2	3	3
260	4	4	2	2	1	1	4	4	2	2	2	2	2	2	4	4	2	2	2	2	4	4	1	1	2	6	1	1	2	2	1	1	2	2	2	2	1	1	2	2	2	2	2	2	2	2	4	4	1	1	2	2	2	2	2	2	2	2	1	1	1	1	2	2	2	6	2	2	2	2	2	2	6	6	2	2	2	6	1	1	3	3	2	2	6	6	2	2	3	3
270	4	4	2	2	1	1	4	4	2	2	2	2	2	2	4	4	2	2	2	2	4	4	1	1	2	6	1	1	2	2	1	1	2	2	2	2	1	1	2	2	2	2	2	2	2	2	4	4	1	1	2	2	2	2	2	2	2	2	1	1	1	1	2	2	2	6	2	2	2	2	2	2	2	6	2	2	2	6	1	1	3	3	2	2	2	2	2	2	3	3
280	2	4	2	2	1	1	4	4	2	2	2	2	2	2	4	4	2	2	2	2	4	4	1	1	2	6	1	1	2	2	1	1	2	2	2	2	1	1	2	2	2	2	2	2	2	2	4	4	1	1	2	2	2	2	2	2	2	2	1	1	1	1	2	2	2	6	2	2	2	2	2	2	2	6	2	2	2	2	1	1	3	3	2	2	2	2	2	2	3	3
290	4	4	2	2	1	1	4	4	2	2	2	2	2	2	4	4	2	2	2	2	4	4	1	1	2	6	1	1	2	2	1	1	2	2	2	2	1	1	2	2	2	2	2	2	2	2	4	4	1	1	2	2	2	2	2	2	2	2	1	1	1	1	2	2	2	6	2	2	2	2	2	2	6	6	2	2	2	6	1	1	3	3	2	2	6	6	6	6	3	3
300	4	4	2	2	1	1	4	4	2	2	2	2	2	2	4	4	2	2	2	2	4	4	1	1	2	6	1	1	2	2	1	1	2	2	2	2	1	1	2	2	2	2	2	2	2	2	4	4	1	1	2	2	2	2	2	2	2	2	1	1	1	1	2	2	2	6	2	2	2	2	2	2	6	6	2	2	2	6	1	1	3	3	2	2	6	6	6	6	3	3
310	4	4	2	2	1	1	4	4	2	2	2	2	2	2	4	4	2	2	2	2	4	4	1	1	2	6	1	1	2	2	1	1	2	2	2	2	1	1	2	2	2	2	2	2	2	2	4	4	1	1	2	2	2	2	2	2	2	2	1	1	1	1	2	2	2	6	2	2	2	2	2	2	6	6	2	2	2	6	1	1	3	3	2	2	6	6	2	2	3	3
320	4	4	2	2	1	1	4	4	2	2	2	2	2	2	4	4	2	2	2	2	4	4	1	1	6	6	1	1	2	2	1	1	2	2	2	2	1	1	2	2	2	2	2	2	2	2	4	4	1	1	2	2	2	2	2	2	2	2	1	1	1	1	6	6	6	6	6	6	2	2	2	2	6	6	2	2	4	6	1	1	5	5	4	6	6	6	2	2	5	5
330	4	4	2	2	1	1	4	4	2	2	2	2	2	2	4	4	2	2	2	2	4	4	1	1	2	6	1	1	2	2	1	1	2	2	2	2	1	1	2	2	2	2	2	2	2	2	4	4	1	1	2	2	2	2	2	2	2	2	1	1	1	1	2	2	2	6	2	2	2	2	2	2	6	6	2	2	4	6	1	1	1	3	2	2	6	6	2	2	5	5
340	4	4	2	2	1	1	4	4	2	2	2	2	2	2	4	4	2	2	2	2	4	4	1	1	2	6	1	1	2	2	1	1	2	2	2	2	1	1	2	2	2	2	2	2	2	2	4	4	1	1	2	2	2	2	2	2	2	2	1	1	1	1	2	2	2	6	2	2	2	2	2	2	6	6	2	2	2	6	1	1	3	3	2	2	6	6	2	2	3	3
350	4	4	2	2	1	1	4	4	2	2	2	2	2	2	4	4	2	2	2	2	4	4	1	1	6	6	1	1	2	2	1	1	2	2	2	2	1	1	2	2	2	2	2	2	2	2	4	4	1	1	2	2	2	2	2	2	2	2	1	1	1	1	6	6	4	6	4	6	2	2	2	2	6	6	2	2	6	6	1	1	4	5	4	4	6	6	2	2	6	6
360	4	4	2	2	1	1	4	4	2	2	2	2	2	2	4	4	2	2	2	2	4	4	1	1	2	6	1	1	2	2	1	1	2	2	2	2	1	1	2	2	2	2	2	2	2	2	4	4	1	1	2	2	2	2	2	2	2	2	1	1	1	1	2	2	6	6	2	2	2	2	2	2	6	6	2	2	6	6	1	1	6	7	6	6	6	6	2	2	6	6
370	4	4	2	2	1	1	4	4	2	2	2	2	2	2	4	4	2	2	2	2	4	4	1	1	6	6	1	1	2	2	1	1	2	2	2	2	1	1	2	2	2	2	2	2	2	2	4	4	1	1	2	2	2	2	2	2	2	2	1	1	1	1	6	6	6	6	6	6	2	2	2	2	6	6	2	2	4	6	1	1	5	7	6	6	6	6	2	2	5	5
380	4	4	2	2	1	1	4	4	2	2	2	2	2	2	4	4	2	2	2	2	4	4	1	1	2	6	1	1	2	2	1	1	2	2	2	2	1	1	2	2	2	2	2	2	2	2	4	4	1	1	2	2	2	2	2	2	2	2	1	1	1	1	2	2	2	6	2	2	2	2	2	2	6	6	2	2	2	6	1	1	3	3	2	2	6	6	2	2	3	3
390	4	4	2	2	1	1	4	4	2	2	2	2	2	2	4	4	2	2	2	2	4	4	1	1	2	6	1	1	2	2	1	1	2	2	2	2	1	1	2	2	2	2	2	2	2	2	4	4	1	1	2	2	2	2	2	2	2	2	1	1	1	1	2	2	4	6	2	2	2	2	2	2	6	6	2	2	4	6	1	1	5	5	4	6	2	2	6	6	5	5
400	4	4	2	2	1	1	4	4	2	2	2	2	2	2	4	4	2	2	2	2	4	4	1	1	2	6	1	1	2	2	1	1	2	2	2	2	1	1	2	2	2	2	2	2	2	2	4	4	1	1	2	2	2	2	2	2	2	2	1	1	1	1	2	2	2	6	2	2	2	2	2	2	6	6	2	2	2	6	1	1	3	3	2	2	2	2	6	6	3	3
410	4	4	2	2	1	1	4	4	2	2	2	2	2	2	4	4	2	2	2	2	4	4	1	1	2	6	1	1	2	2	1	1	2	2	2	2	1	1	2	2	2	2	2	2	2	2	4	4	1	1	2	2	2	2	2	2	2	2	1	1	1	1	2	2	2	6	2	2	2	2	2	2	6	6	2	2	6	6	1	1	2	3	2	2	2	2	6	6	6	6
420	4	4	2	2	1	1	4	4	2	2	2	2	2	2	4	4	2	2	2	2	4	4	1	1	2	6	1	1	2	2	1	1	2	2	2	2	1	1	2	2	2	2	2	2	2	2	4	4	1	1	2	2	2	2	2	2	2	2	1	1	1	1	2	2	2	6	2	2	2	2	2	2	6	6	2	2	2	6	1	1	3	3	2	2	2	2	6	6	3	3
430	4	4	2	2	1	1	4	4	2	2	2	2	2	2	4	4	2	2	2	2	4	4	1	1	2	6	1	1	2	2	1	1	2	2	2	2	1	1	2	2	2	2	2	2	2	2	4	4	1	1	2	2	2	2	2	2	2	2	1	1	1	1	2	2	2	6	2	2	2	2	2	2	6	6	2	2	2	6	1	1	3	3	2	2	2	2	6	6	3	3
440	4	4	2	2	1	1	4	4	2	2	2	2	2	2	4	4	2	2	2	2	4	4	1	1	4	6	1	1	2	2	1	1	2	2	2	2	1	1	2	2	2	2	2	2	2	2	4	4	1	1	2	2	2	2	2	2	2	2	1	1	1	1	6	6	6	6	6	6	2	2	2	2	6	6	2	2	4	6	1	1	5	5	4	6	2	2	6	6	5	5
450	4	4	2	2	1	1	4	4	2	2	2	2	2	2	4	4	2	2	2	2	4	4	1	1	2	6	1	1	2	2	1	1	2	2	2	2	1	1	2	2	2	2	2	2	2	2	4	4	1	1	2	2	2	2	2	2	2	2	1	1	1	1	2	2	6	6	2	2	2	2	2	2	6	6	2	2	6	6	1	1	6	7	6	6	2	2	6	6	6	6
460	4	4	2	2	1	1	4	4	2	2	2	2	2	2	4	4	2	2	2	2	4	4	1	1	6	6	1	1	2	2	1	1	2	2	2	2	1	1	2	2	2	2	2	2	2	2	4	4	1	1	2	2	2	2	2	2	2	2	1	1	1	1	6	6	6	6	6	6	2	2	2	2	6	6	2	2	6	6	1	1	2	7	6	6	2	2	6	6	6	6
470	4	4	2	2	1	1	4	4	2	2	2	2	2	2	4	4	2	2	2	2	4	4	1	1	2	6	1	1	2	2	1	1	2	2	2	2	1	1	2	2	2	2	2	2	2	2	4	4	1	1	2	2	2	2	2	2	2	2	1	1	1	1	2	2	2	6	2	2	2	2	2	2	6	6	2	2	2	2	1	1	3	3	2	2	2	2	2	6	3	3
480	4	4	2	2	1	1	4	4	2	2	2	2	2	2	4	4	2	2	2	2	4	4	1	1	2	6	1	1	2	2	1	1	2	2	2	2	1	1	2	2	2	2	2	2	2	2	4	4	1	1	2	2	2	2	2	2	2	2	1	1	1	1	2	2	2	6	2	2	2	2	2	2	6	6	2	2	2	2	1	1	3	3	2	2	2	6	6	6	3	3
490	4	4	2	2	1	1	4	4	2	2	2	2	2	2	4	4	2	2	2	2	4	4	1	1	2	6	1	1	2	2	1	1	2	2	2	2	1	1	2	2	2	2	2	2	2	2	4	4	1	1	2	2	2	2	2	2	2	2	1	1	1	1	2	2	2	6	2	2	2	2	2	2	4	6	2	2	2	6	1	1	3	3	2	2	2	2	4	4	3	3
500	4	4	2	2	1	1	4	4	2	2	2	2	2	2	4	4	2	2	2	2	4	4	1	1	2	6	1	1	2	2	1	1	2	2	2	2	1	1	2	2	2	2	2	2	2	2	4	4	1	1	2	2	2	2	2	2	2	2	1	1	1	1	2	2	2	6	2	2	2	2	2	2	6	6	2	2	2	6	1	1	2	3	2	2	2	2	6	6	2	2
510	4	4	2	2	1	1	4	4	2	2	2	2	2	2	4	4	2	2	2	2	4	4	1	1	6	6	1	1	2	2	1	1	2	2	2	2	1	1	2	2	2	2	2	2	2	2	4	4	1	1	2	2	2	2	2	2	2	2	1	1	1	1	6	6	6	6	6	6	2	2	2	2	6	6	2	2	4	6	1	1	5	5	4	6	2	2	6	6	5	5
520	4	4	2	2	1	1	4	4	2	2	2	2	2	2	4	4	2	2	2	2	4	4	1	1	2	6	1	1	2	2	1	1	2	2	2	2	1	1	2	2	2	2	2	2	2	2	4	4	1	1	2	2	2	2	2	2	2	2	1	1	1	1	2	2	2	6	2	2	2	2	2	2	6	6	2	2	2	6	1	1	3	3	2	2	2	2	6	6	3	3
530	4	4	2	2	1	1	4	4	2	2	2	2	2	2	4	4	2	2	2	2	4	4	1	1	2	6	1	1	2	2	1	1	2	2	2	2	1	1	2	2	2	2	2	2	2	2	4	4	1	1	2	2	2	2	2	2	2	2	1	1	1	1	2	2	2	6	2	2	2	2	2	2	6	6	2	2	2	6	1	1	3	3	2	2	2	2	6	6	3	3
540	4	4	2	2	1	1	4	4	2	2	2	2	2	2	4	4	2	2	2	2	4	4	1	1	2	6	1	1	2	2	1	1	2	2	2	2	1	1	2	2	2	2	2	2	2	2	4	4	1	1	2	2	2	2	2	2	2	2	1	1	1	1	2	2	2	6	2	2	2	2	2	2	6	6	2	2	6	6	1	1	2	3	2	2	2	2	6	6	6	6
550	4	4	2	2	1	1	4	4	2	2	2	2	2	2	4	4	2	2	2	2	4	4	1	1	2	6	1	1	2	2	1	1	2	2	2	2	1	1	2	2	2	2	2	2	2	2	4	4	1	1	2	2	2	2	2	2	2	2	1	1	1	1	2	2	2	6	2	2	2	2	2	2	6	6	2	2	2	6	1	1	3	3	2	2	6	6	6	6	3	3
560	4	4	2	2	1	1	4	4	2	2	2	2	2	2	4	4	2	2	2	2	4	4	1	1	2	6	1	1	2	2	1	1	2	2	2	2	1	1	2	2	2	2	2	2	2	2	4	4	1	1	2	2	2	2	2	2	2	2	1	1	1	1	2	2	2	6	2	2	2	2	2	2	2	6	2	2	2	6	1	1	3	3	2	2	2	2	2	2	3	3
570	2	4	2	2	1	1	4	4	2	2	2	2	2	2	4	4	2	2	2	2	4	4	1	1	2	6	1	1	2	2	1	1	2	2	2	2	1	1	2	2	2	2	2	2	2	2	4	4	1	1	2	2	2	2	2	2	2	2	1	1	1	1	2	2	2	6	2	2	2	2	2	2	2	6	2	2	2	2	1	1	3	3	2	2	2	2	2	2	3	3
580	4	4	2	2	1	1	4	4	2	2	2	2	6	2	4	4	2	2	2	2	4	4	1	1	6	6	1	1	2	2	1	1	2	2	2	2	1	1	2	2	2	2	2	2	2	2	4	4	1	1	2	2	2	2	2	2	2	2	1	1	1	1	6	6	6	6	6	6	2	2	2	2	6	6	2	2	6	6	1	1	6	7	6	6	6	6	6	6	6	6
590	4	4	2	2	1	1	4	4	2	2	2	2	2	2	4	4	2	2	2	2	4	4	1	1	2	6	1	1	2	2	1	1	2	2	2	2	1	1	2	2	2	2	2	2	2	2	4	4	1	1	2	2	2	2	2	2	2	2	1	1	1	1	2	2	2	6	2	2	2	2	2	2	6	6	2	2	2	6	1	1	3	3	2	2	6	6	6	6	3	3
600	4	4	2	2	1	1	4	4	2	2	2	2	2	2	4	4	2	2	2	2	4	4	1	1	2	6	1	1	2	2	1	1	2	2	2	2	1	1	2	2	2	2	2	2	2	2	4	4	1	1	2	2	2	2	2	2	2	2	1	1	1	1	2	2	2	6	2	2	2	2	2	2	2	6	2	2	2	6	1	1	3	3	2	2	2	2	6	6	3	3
610	4	4	2	2	1	1	4	4	2	2	2	2	2	2	2	4	2	2	2	2	4	4	1	1	6	6	1	1	2	2	1	1	2	2	2	2	1	1	2	2	2	2	2	2	2	2	4	4	1	1	2	2	2	2	2	2	2	2	1	1	1	1	2	6	2	2	2	2	2	2	2	2	6	6	2	2	2	6	1	1	3	3	2	2	6	6	6	6	3	3
620	4	4	2	2	1	1	4	4	2	2	2	2	2	2	4	4	2	2	2	2	4	4	1	1	6	6	1	1	2	2	1	1	2	2	2	2	1	1	2	2	2	2	2	2	2	2	4	4	1	1	2	2	2	2	2	2	2	2	1	1	1	1	6	6	6	6	6	6	2	2	2	2	6	6	2	2	6	6	2	1	2	2	2	6	6	6	6	6	6	6
630	4	4	2	2	1	1	4	4	2	2	2	2	2	2	4	4	2	2	2	2	4	4	1	1	2	6	1	1	2	2	1	1	2	2	2	2	1	1	2	2	2	2	2	2	2	2	4	4	1	1	2	2	2	2	2	2	2	2	1	1	1	1	2	2	2	6	2	2	2	2	2	2	6	6	2	2	2	2	1	1	3	3	2	2	2	2	2	6	3	3
640	4	4	2	2	1	1	4	4	2	2	2	2	2	2	4	4	2	2	2	2	4	4	1	1	2	6	1	1	2	2	1	1	2	2	2	2	1	1	2	2	2	2	2	2	2	2	4	4	1	1	2	2	2	2	2	2	2	2	1	1	1	1	2	2	6	6	6	2	2	2	2	2	6	6	2	2	6	6	1	1	6	7	6	6	2	2	6	6	6	6
650	4	4	2	2	1	1	4	4	2	2	2	2	2	2	4	4	2	2	2	2	4	4	1	1	2	6	1	1	2	2	1	1	2	2	2	2	1	1	2	2	2	2	2	2	2	2	4	4	1	1	2	2	2	2	2	2	2	2	1	1	1	1	2	2	2	6	2	2	2	2	2	2	6	6	2	2	6	6	1	1	2	3	2	2	2	2	6	6	6	6
660	4	4	2	2	1	1	4	4	2	2	2	2	2	2	4	4	2	2	2	2	4	4	1	1	2	6	1	1	2	2	1	1	2	2	2	2	1	1	2	2	2	2	2	2	2	2	4	4	1	1	2	2	2	2	2	2	2	2	1	1	1	1	2	2	2	6	2	2	2	2	2	2	6	6	2	2	3	6	1	1	3	3	2	2	2	2	6	6	3	3
670	4	4	2	2	1	1	4	4	2	2	2	2	2	2	4	4	2	2	2	2	4	4	1	1	6	6	1	1	2	2	1	1	2	2	2	2	1	1	2	2	2	2	2	2	2	2	4	4	1	1	2	2	2	2	2	2	2	2	1	1	1	1	6	6	6	6	6	6	2	2	2	2	6	6	2	2	4	6	1	1	4	4	4	6	2	2	6	6	5	5
680	4	4	2	2	1	1	4	4	2	2	2	2	2	2	4	4	2	2	2	2	4	4	1	1	2	6	1	1	2	2	1	1	2	2	2	2	1	1	2	2	2	2	2	2	2	2	4	4	1	1	2	2	2	2	2	2	2	2	1	1	1	1	2	2	6	6	2	2	2	2	2	2	6	6	2	2	4	4	1	1	4	4	4	6	2	2	4	6	5	5
690	4	4	2	2	1	1	4	4	2	2	2	2	2	2	4	4	2	2	2	2	4	4	1	1	6	6	1	1	2	2	1	1	2	2	2	2	1	1	2	2	2	2	2	2	2	2	4	4	1	1	2	2	2	2	2	2	2	2	1	1	1	1	2	6	6	6	2	2	2	2	2	2	6	6	2	2	4	6	1	1	4	4	4	6	2	2	6	6	5	5
700	4	4	2	2	1	1	4	4	2	2	2	2	2	2	2	4	2	2	2	2	4	4	1	1	2	6	1	1	2	2	1	1	2	2	2	2	1	1	2	2	2	2	2	2	2	2	4	4	1	1	2	2	2	2	2	2	2	2	1	1	1	1	2	2	2	2	2	2	2	2	2	2	6	6	2	2	2	6	2	1	2	2	2	2	2	2	6	6	2	2
710	4	4	2	2	1	1	4	4	2	2	2	2	2	2	4	4	2	2	2	2	4	4	1	1	2	6	1	1	2	2	1	1	2	2	2	2	1	1	2	2	2	2	2	2	2	2	4	4	1	1	2	2	2	2	2	2	2	2	1	1	1	1	2	2	2	6	2	2	2	2	2	2	6	6	2	2	2	2	1	1	3	3	2	2	6	6	2	6	3	3
720	4	4	2	2	1	1	4	4	2	2	2	2	2	2	4	4	2	2	2	2	4	4	1	1	6	6	1	1	2	2	1	1	2	2	2	2	1	1	2	2	2	2	2	2	2	2	4	4	1	1	2	2	2	2	2	2	2	2	1	1	1	1	6	6	6	6	6	6	2	2	2	2	6	6	2	2	3	6	1	1	3	7	6	6	6	6	6	6	3	3
730	4	4	2	2	1	1	4	4	2	2	2	2	2	2	4	4	2	2	2	2	4	4	1	1	2	6	1	1	2	2	1	1	2	2	2	2	1	1	2	2	2	2	2	2	2	2	4	4	1	1	2	2	2	2	2	2	2	2	1	1	1	1	2	2	2	6	2	2	2	2	2	2	2	6	2	2	2	2	1	1	3	3	2	2	2	2	2	6	3	3
740	4	4	2	2	1	1	4	4	2	2	2	2	2	2	4	4	2	2	2	2	4	4	1	1	2	6	1	1	2	2	1	1	2	2	2	2	1	1	2	2	2	2	2	2	2	2	4	4	1	1	2	2	2	2	2	2	2	2	1	1	1	1	2	2	2	6	2	2	2	2	2	2	6	6	2	2	2	6	1	1	3	3	2	2	6	6	2	2	3	3
750	1	4	2	2	1	1	4	4	2	2	2	2	2	2	4	4	2	2	2	2	4	4	1	1	2	6	1	1	2	2	1	1	2	2	2	2	1	1	2	2	2	2	2	2	2	2	4	4	1	1	2	2	2	2	2	2	2	2	1	1	1	1	2	2	2	6	2	2	2	2	2	2	2	6	2	2	3	3	1	1	3	3	2	2	3	3	2	2	3	3
760	4	4	2	2	1	1	4	4	2	2	2	2	2	2	4	4	2	2	2	2	4	4	1	1	6	6	1	1	2	2	1	1	2	2	2	2	1	1	2	2	2	2	2	2	2	2	4	4	1	1	2	2	2	2	2	2	2	2	1	1	1	1	6	6	6	6	6	6	2	2	2	2	6	6	2	2	6	6	1	1	6	7	6	6	6	6	2	2	6	6
770	4	4	2	2	1	1	4	4	2	2	2	2	2	2	4	4	2	2	2	2	4	4	1	1	2	6	1	1	2	2	1	1	2	2	2	2	1	1	2	2	2	2	2	2	2	2	6	6	1	1	2	2	2	2	2	2	2	2	1	1	1	1	2	2	2	6	2	2	2	2	2	2	2	6	2	2	2	6	1	1	3	3	2	2	2	2	2	2	3	3
780	2	4	2	2	1	1	4	4	2	2	2	2	2	2	4	4	2	2	2	2	4	4	1	1	2	6	1	1	2	2	1	1	2	2	2	2	1	1	2	2	2	2	2	2	2	2	4	4	1	1	2	2	2	2	2	2	2	2	1	1	1	1	2	2	6	6	2	2	2	2	2	2	2	6	2	2	2	2	1	1	3	3	2	6	2	2	2	2	3	3
790	4	4	2	2	1	1	4	4	2	2	2	2	2	2	4	4	2	2	2	2	4	4	1	1	2	6	1	1	2	2	1	1	2	2	2	2	1	1	2	2	2	2	2	2	2	2	4	4	1	1	2	2	2	2	2	2	2	2	1	1	1	1	2	2	2	6	2	2	2	2	2	2	6	6	2	2	2	6	1	1	3	3	2	2	6	6	2	2	3	3
800	4	4	2	2	1	1	4	4	2	2	2	2	2	2	4	4	2	2	2	2	4	4	1	1	6	6	1	1	2	2	1	1	2	2	2	2	1	1	2	2	2	2	2	2	2	2	4	4	1	1	2	2	2	2	2	2	2	2	1	1	1	1	2	6	2	6	2	2	2	2	2	2	6	6	2	2	2	6	1	1	3	3	2	2	6	6	2	2	3	3
810	4	4	2	2	1	1	4	4	2	2	2	2	2	2	4	4	2	2	2	2	4	4	1	1	2	6	1	1	2	2	1	1	2	2	2	2	1	1	2	2	2	2	2	2	2	2	4	4	1	1	2	2	2	2	2	2	2	2	1	1	1	1	2	2	2	6	2	2	2	2	2	2	6	6	2	2	2	6	1	1	3	3	2	2	6	6	2	2	3	3
820	4	4	2	2	1	1	4	4	2	2	2	2	2	2	4	4	2	2	2	2	4	4	1	1	2	6	1	1	2	2	1	1	2	2	2	2	1	1	2	2	2	2	2	2	2	2	4	4	1	1	2	2	2	2	2	2	2	2	1	1	1	1	2	2	2	6	2	2	2	2	2	2	6	6	2	2	6	6	1	1	3	7	2	2	6	6	2	2	3	3
830	4	4	2	2	1	1	4	4	2	2	2	2	2	2	4	4	2	2	2	2	4	4	1	1	6	6	1	1	2	2	1	1	2	2	2	2	1	1	2	2	2	2	2	2	2	2	4	4	1	1	2	2	2	2	2	2	2	2	1	1	1	1	6	6	6	6	6	6	2	2	2	2	6	6	2	2	6	6	1	1	6	7	6	6	6	6	2	2	6	6
840	4	4	2	2	1	1	4	4	2	2	2	2	2	2	4	4	2	2	2	2	4	4	1	1	2	6	1	1	2	2	1	1	2	2	2	2	1	1	2	2	2	2	2	2	2	2	4	4	1	1	2	2	2	2	2	2	2	2	1	1	1	1	2	2	2	6	2	2	2	2	2	2	6	6	2	2	6	6	1	1	2	3	2	2	6	6	2	2	6	6
850	4	4	2	2	1	1	4	4	2	2	2	2	2	2	4	4	2	2	2	2	4	4	1	1	2	6	1	1	2	2	1	1	2	2	2	2	1	1	2	2	2	2	2	2	2	2	4	4	1	1	2	2	2	2	2	2	2	2	1	1	1	1	2	2	6	6	2	2	2	2	2	2	6	6	2	2	6	6	1	1	6	7	6	6	6	6	2	2	6	6
860	4	4	2	2	1	1	4	4	2	2	2	2	2	2	4	4	2	2	2	2	4	4	1	1	2	6	1	1	2	2	1	1	2	2	2	2	1	1	2	2	2	2	2	2	2	2	4	4	1	1	2	2	2	2	2	2	2	2	1	1	1	1	2	2	2	6	2	2	2	2	2	2	6	6	2	2	4	6	1	1	2	3	2	2	6	6	2	2	6	6
870	4	4	2	2	1	1	4	4	2	2	2	2	2	2	4	4	2	2	6	2	4	4	1	1	6	6	1	1	2	2	1	1	2	2	2	2	1	1	2	2	2	2	2	2	2	2	4	4	1	1	2	2	2	2	2	2	2	2	1	1	1	1	6	6	6	6	6	6	2	2	2	2	6	6	2	2	5	6	1	1	5	5	4	6	6	6	2	2	5	5
880	4	4	2	2	1	1	4	4	2	2	2	2	2	2	4	4	2	2	2	2	4	4	1	1	2	6	1	1	2	2	1	1	2	2	2	2	1	1	2	2	2	2	2	2	2	2	4	4	1	1	2	2	2	2	2	2	2	2	1	1	1	1	2	2	6	6	2	2	2	2	2	2	6	6	2	2	4	4	1	1	5	5	4	6	4	6	2	2	5	5
890	4	4	2	2	1	1	4	4	2	2	2	2	2	2	4	4	2	2	2	2	4	4	1	1	2	6	1	1	2	2	1	1	2	2	2	2	1	1	2	2	2	2	2	2	2	2	4	4	1	1	2	2	2	2	2	2	2	2	1	1	1	1	2	2	2	6	2	2	2	2	2	2	2	6	2	2	2	6	1	1	3	3	2	2	2	2	2	2	3	3
900	4	4	2	2	1	1	4	4	2	2	2	2	2	2	4	4	2	2	2	2	4	4	1	1	6	6	1	1	2	2	1	1	2	2	2	2	1	1	2	2	2	2	2	2	2	2	4	4	1	1	2	2	2	2	2	2	2	2	1	1	1	1	6	6	6	6	6	6	2	2	2	2	6	6	2	2	6	6	3	1	2	3	2	6	6	6	6	6	6	6
910	4	4	2	2	1	1	4	4	2	2	2	2	2	2	4	4	2	2	2	2	4	4	1	1	2	6	1	1	2	2	1	1	2	2	2	2	1	1	2	2	2	2	2	2	2	2	4	4	1	1	2	2	2	2	2	2	2	2	1	1	1	1	2	2	2	6	2	2	2	2	2	2	2	6	2	2	2	2	1	1	3	3	2	2	2	2	2	6	3	3
920	4	4	2	2	1	1	4	4	2	2	2	2	2	2	4	4	2	2	2	2	4	4	1	1	2	6	1	1	2	2	1	1	2	2	2	2	1	1	2	2	2	2	2	2	2	2	4	4	1	1	2	2	2	2	2	2	2	2	1	1	1	1	2	2	6	6	2	2	2	2	2	2	2	6	2	2	2	6	1	1	3	3	2	6	2	2	2	2	3	3
930	4	4	2	2	1	1	4	4	2	2	2	2	2	2	4	4	2	2	2	2	4	4	1	1	6	6	1	1	2	2	1	1	2	2	2	2	1	1	6	2	2	2	2	2	2	2	4	4	1	1	2	2	2	2	2	2	2	2	1	1	1	1	6	6	6	6	6	6	2	2	2	2	6	6	2	2	4	4	1	1	5	5	4	6	4	6	2	2	5	5
940	4	4	2	2	1	1	4	4	2	2	2	2	2	2	4	4	2	2	2	2	4	4	1	1	2	6	1	1	2	2	1	1	2	2	2	2	1	1	2	2	2	2	2	2	2	2	4	4	1	1	2	2	2	2	2	2	2	2	1	1	1	1	2	2	2	6	2	2	2	2	2	2	2	6	2	2	2	6	1	1	3	3	2	2	2	2	2	2	3	3
950	4	4	2	2	1	1	4	4	2	2	2	2	2	2	4	4	2	2	2	2	4	4	1	1	2	6	1	1	2	2	1	1	2	2	2	2	1	1	2	2	2	2	2	2	2	2	4	4	1	1	2	2	2	2	2	2	2	2	1	1	1	1	2	2	2	6	2	2	2	2	2	2	2	6	2	2	2	6	1	1	3	3	2	2	2	2	2	2	3	3
960	4	4	2	2	1	1	4	4	2	2	2	2	2	2	4	4	2	2	2	2	4	4	1	1	2	6	1	1	2	2	1	1	2	2	2	2	1	1	2	2	2	2	2	2	2	2	4	4	1	1	2	2	2	2	2	2	2	2	1	1	1	1	2	2	2	6	2	2	2	2	2	2	2	6	2	2	2	6	1	1	3	3	2	2	2	2	2	2	3	3
970	4	4	2	2	1	1	4	4	2	2	2	2	2	2	4	4	2	2	2	2	4	4	1	1	2	6	1	1	2	2	1	1	2	2	2	2	1	1	2	2	2	2	2	2	2	2	4	4	1	1	2	2	2	2	2	2	2	2	1	1	1	1	2	2	6	6	2	2	2	2	2	2	2	6	2	2	2	2	1	1	3	3	2	6	2	2	2	6	3	3
980	4	4	2	2	1	1	4	4	2	2	2	2	2	2	4	4	2	2	2	2	4	4	1	1	2	6	1	1	2	2	1	1	2	2	2	2	1	1	2	2	2	2	2	2	2	2	4	4	1	1	2	2	2	2	2	2	2	2	1	1	1	1	2	2	2	6	2	2	2	2	2	2	6	6	2	2	2	6	1	1	3	3	2	2	6	6	6	6	3	3
990	4	4	2	2	1	1	4	4	2	2	2	2	2	2	4	4	2	2	2	2	4	4	1	1	2	6	1	1	2	2	1	1	2	2	2	2	1	1	2	2	2	2	2	2	2	2	4	4	1	1	2	2	2	2	2	2	2	2	1	1	1	1	2	2	2	6	2	2	2	2	2	2	6	6	2	2	2	2	1	1	3	3	2	2	2	2	2	6	3	3
1000	4	4	2	2	1	1	4	4	2	2	2	2	2	2	4	4	2	2	2	2	4	4	1	1	2	6	1	1	2	2	1	1	2	2	2	2	1	1	2	2	2	2	2	2	2	2	4	4	1	1	2	2	2	2	2	2	2	2	1	1	1	1	2	2	2	6	2	2	2	2	2	2	6	6	2	2	2	6	1	1	3	3	2	2	6	6	2	2	3	3
1010	4	4	2	2	1	1	4	4	2	2	2	2	2	2	4	4	2	2	2	2	4	4	1	1	2	6	1	1	2	2	1	1	2	2	2	2	1	1	2	2	2	2	2	2	2	2	4	4	1	1	2	2	2	2	2	2	2	2	1	1	1	1	2	2	6	6	2	2	2	2	2	2	6	6	2	2	4	6	1	1	5	5	4	6	6	6	2	2	5	5
1020	4	4	2	2	1	1	4	4	2	2	2	2	2	2	4	4	2	2	2	2	4	4	1	1	2	6	1	1	2	2	1	1	2	2	2	2	1	1	2	2	2	2	2	2	2	2	4	4	1	1	2	2	2	2	2	2	2	2	1	1	1	1	2	2	2	6	2	2	2	2	2	2	6	6	2	2	2	6	1	1	3	3	2	2	6	6	2	2	3	3
1030	4	4	2	2	1	1	4	4	2	2	2	2	2	2	4	4	2	2	2	2	4	4	1	1	2	6	1	1	2	2	1	1	2	2	2	2	1	1	2	2	2	2	2	2	2	2	4	4	1	1	2	2	2	2	2	2	2	2	1	1	1	1	2	2	2	6	2	2	2	2	2	2	6	6	2	2	6	6	1	1	2	3	2	2	6	6	2	2	6	6
1040	4	4	2	2	1	1	4	4	2	2	2	2	2	2	4	4	2	2	2	2	4	4	1	1	2	6	1	1	2	2	1	1	2	2	2	2	1	1	2	2	2	2	2	2	2	2	4	4	1	1	2	2	2	2	2	2	2	2	1	1	1	1	2	2	2	6	2	2	2	2	2	2	4	6	2	2	2	6	1	1	3	3	2	2	4	4	2	2	3	3
1050	4	4	2	2	1	1	4	4	2	2	2	2	2	2	4	4	2	2	2	2	4	4	1	1	2	6	1	1	2	2	1	1	2	2	2	2	1	1	2	2	2	2	2	2	2	2	4	4	1	1	2	2	2	2	2	2	2	2	1	1	1	1	2	2	2	6	2	2	2	2	2	2	6	6	2	2	2	6	1	1	3	3	2	2	6	6	2	2	3	3
1060	4	4	2	2	1	1	4	4	2	2	2	2	2	2	4	4	2	2	2	2	4	4	1	1	6	6	1	1	2	2	1	1	2	2	2	2	1	1	2	2	2	2	2	2	2	2	4	4	1	1	2	2	2	2	2	2	2	2	1	1	1	1	6	6	6	6	6	6	2	2	2	2	6	6	2	2	2	6	1	1	3	7	6	6	6	6	2	2	3	3
1070	4	4	2	2	1	1	4	4	2	2	2	2	2	2	4	4	2	2	2	2	4	4	1	1	2	6	1	1	2	2	1	1	2	2	2	2	1	1	2	2	2	2	2	2	2	2	4	4	1	1	2	2	2	2	2	2	2	2	1	1	1	1	2	2	2	6	2	2	2	2	2	2	6	6	2	2	2	6	1	1	3	3	2	2	6	6	2	2	3	3
1080	4	4	2	2	1	1	4	4	2	2	2	2	2	2	4	4	2	2	2	2	4	4	1	1	6	6	1	1	2	2	1	1	2	2	2	2	1	1	2	2	2	2	2	2	2	2	4	4	1	1	2	2	2	2	2	2	2	2	1	1	1	1	2	6	2	6	2	2	2	2	2	2	6	6	2	2	2	6	1	1	3	3	2	2	6	6	2	2	3	3
1090	4	4	2	2	1	1	4	4	2	2	2	2	2	2	4	4	2	2	2	2	4	4	1	1	2	6	1	1	2	2	1	1	2	2	2	2	1	1	2	2	2	2	2	2	2	2	4	4	1	1	2	2	2	2	2	2	2	2	1	1	1	1	2	2	6	6	2	2	2	2	2	2	6	6	2	2	4	6	1	1	4	5	4	6	6	6	2	2	4	4
1100	4	4	2	2	1	1	4	4	2	2	2	2	2	2	4	4	2	2	2	2	4	4	1	1	2	6	1	1	2	2	1	1	2	2	2	2	1	1	2	2	2	2	2	2	2	2	4	4	1	1	2	2	2	2	2	2	2	2	1	1	1	1	2	2	2	6	2	2	2	2	2	2	6	6	2	2	2	6	1	1	2	2	2	2	6	6	2	2	3	3
1110	4	4	2	2	1	1	4	4	2	2	2	2	2	2	4	4	2	2	2	2	4	4	1	1	2	6	1	1	2	2	1	1	2	2	2	2	1	1	2	2	2	2	2	2	2	2	4	4	1	1	2	2	2	2	2	2	2	2	1	1	1	1	2	2	2	6	2	2	2	2	2	2	6	6	2	2	2	6	1	1	2	2	2	2	6	6	2	2	3	3
1120	4	4	2	2	1	1	4	4	2	2	2	2	2	2	4	4	2	2	2	2	4	4	1	1	6	6	1	1	2	2	1	1	2	2	2	2	1	1	2	2	2	2	2	2	2	2	4	4	1	1	2	2	2	2	2	2	2	2	1	1	1	1	6	6	6	6	6	6	2	2	2	2	6	6	2	2	2	6	1	1	2	2	2	6	6	6	2	2	3	3
1130	4	4	2	2	1	1	4	4	2	2	2	2	2	2	4	4	2	2	2	2	4	4	1	1	2	6	1	1	2	2	1	1	2	2	2	2	1	1	2	2	2	2	2	2	2	2	4	4	1	1	2	2	2	2	2	2	2	2	1	1	1	1	2	2	2	6	2	2	2	2	2	2	6	6	2	2	2	2	1	1	3	3	2	2	2	6	2	2	3	3
1140	4	4	2	2	1	1	4	4	2	2	2	2	2	2	4	4	2	2	2	2	4	4	1	1	2	6	1	1	2	2	1	1	2	2	2	2	1	1	2	2	2	2	2	2	2	2	4	4	1	1	2	2	2	2	2	2	2	2	1	1	1	1	2	2	2	6	2	2	2	2	2	2	6	6	2	2	2	2	1	1	3	3	2	2	2	6	2	2	3	3
1150	4	4	2	2	1	1	4	4	2	2	2	2	2	2	4	4	2	2	2	2	4	4	1	1	6	6	1	1	2	2	1	1	2	2	2	2	1	1	2	2	2	2	2	2	2	2	4	4	1	1	2	2	2	2	2	2	2	2	1	1	1	1	6	6	6	6	6	6	2	2	2	2	6	6	2	2	6	6	2	1	6	6	6	6	6	6	6	6	6	6
1160	4	4	2	2	1	1	4	4	2	2	2	2	2	2	4	4	2	2	2	2	4	4	1	1	2	6	1	1	2	2	1	1	2	2	2	2	1	1	2	2	2	2	2	2	2	2	4	4	1	1	2	2	2	2	2	2	2	2	1	1	1	1	2	2	2	6	2	2	2	2	2	2	6	6	2	2	2	6	1	1	3	3	2	2	6	6	6	6	3	3
1170	2	4	2	2	1	1	4	4	2	2	2	2	2	2	2	4	2	2	2	2	4	4	1	1	2	6	1	1	2	2	1	1	2	2	2	2	1	1	2	2	2	2	2	2	2	2	4	4	1	1	2	2	2	2	2	2	2	2	1	1	1	1	2	2	2	2	2	2	2	2	2	2	2	6	2	2	2	2	1	1	3	3	2	2	2	2	2	2	3	3
1180	4	4	2	2	1	1	4	4	2	2	2	2	2	2	4	4	2	2	2	2	4	4	1	1	2	6	1	1	2	2	1	1	2	2	2	2	1	1	2	2	2	2	2	2	2	2	4	4	1	1	2	2	2	2	2	2	2	2	1	1	1	1	2	2	6	6	2	2	2	2	2	2	6	6	2	2	2	6	1	1	3	7	6	6	6	6	6	6	3	3
1190	2	4	2	2	1	1	4	4	2	2	2	2	2	2	4	4	2	2	2	2	4	4	1	1	2	6	1	1	2	2	1	1	2	2	2	2	1	1	2	2	2	2	2	2	2	2	4	4	1	1	2	2	2	2	2	2	2	2	1	1	1	1	2	2	2	6	2	2	2	2	2	2	2	6	2	2	2	2	1	1	3	3	2	2	2	2	2	2	3	3
1200	4	4	2	2	1	1	4	4	2	2	2	2	2	2	4	4	2	2	2	2	4	4	1	1	2	6	1	1	2	2	1	1	2	2	2	2	1	1	2	2	2	2	2	2	2	2	4	4	1	1	2	2	2	2	2	2	2	2	1	1	1	1	2	2	2	6	2	2	2	2	2	2	6	6	2	2	2	6	1	1	3	3	2	2	6	6	6	6	3	3
1210	4	4	2	2	1	1	4	4	2	2	2	2	2	2	4	4	2	2	2	2	4	4	1	1	2	6	1	1	2	2	1	1	2	2	2	2	1	1	2	2	2	2	2	2	2	2	4	4	1	1	2	2	2	2	2	2	2	2	1	1	1	1	2	2	2	6	2	2	2	2	2	2	2	6	2	2	2	2	1	1	3	3	2	2	6	6	2	6	3	3
1220	4	4	2	2	1	1	4	4	2	2	2	2	2	2	4	4	2	2	2	2	4	4	1	1	2	6	1	1	2	2	1	1	2	2	2	2	1	1	2	2	2	2	2	2	2	2	4	4	1	1	2	2	2	2	2	2	2	2	1	1	1	1	2	2	2	6	2	2	2	2	2	2	2	6	2	2	2	2	3	1	3	3	2	2	2	2	2	6	3	3
1230	4	4	2	2	1	1	4	4	2	2	2	2	6	2	4	4	2	2	2	2	4	4	1	1	2	6	1	1	2	2	1	1	2	2	2	2	1	1	2	2	2	2	2	2	2	2	4	4	1	1	2	2	2	2	2	2	2	2	1	1	1	1	2	2	2	6	2	2	2	2	2	2	6	6	2	2	2	6	1	1	3	3	2	2	6	6	6	6	3	3
1240	2	4	2	2	1	1	4	4	2	2	2	2	2	2	4	4	2	2	2	2	4	4	1	1	2	6	1	1	2	2	1	1	2	2	2	2	1	1	2	2	2	2	2	2	2	2	4	4	1	1	2	2	2	2	2	2	2	2	1	1	1	1	2	2	2	6	2	2	2	2	2	2	2	6	2	2	2	2	1	1	3	3	2	2	2	2	2	2	3	3
1250	4	4	2	2	1	1	4	4	2	2	2	2	2	2	4	4	2	2	2	2	4	4	1	1	6	6	1	1	2	2	1	1	2	2	2	2	1	1	2	2	2	2	2	2	2	2	4	4	1	1	2	2	2	2	2	2	2	2	1	1	1	1	2	6	2	6	2	2	2	2	2	2	2	6	2	2	2	6	1	1	3	3	2	2	2	2	2	2	3	3
1260	4	4	2	2	1	1	4	4	2	2	2	2	2	2	2	4	2	2	2	2	4	4	1	1	2	6	1	1	2	2	1	1	2	2	2	2	1	1	2	2	2	2	2	2	2	2	4	4	1	1	2	2	2	2	2	2	2	2	1	1	1	1	2	2	2	2	2	2	2	2	2	2	2	6	2	2	6	6	1	1	2	3	3	2	2	2	2	2	6	6
1270	4	4	2	2	1	1	4	4	2	2	2	2	2	2	4	4	2	2	2	2	4	4	1	1	6	6	1	1	2	2	1	1	2	2	2	2	1	1	2	2	2	2	2	2	2	2	4	4	1	1	2	2	2	2	2	2	2	2	1	1	1	1	6	6	6	6	6	6	2	2	2	2	6	6	2	2	6	6	1	1	6	7	6	6	2	2	6	6	6	6
1280	2	4	2	2	1	1	4	4	2	2	2	2	2	2	4	4	2	2	2	2	4	4	1	1	2	6	1	1	2	2	1	1	2	2	2	2	1	1	2	2	2	2	2	2	2	2	4	4	1	1	2	2	2	2	2	2	2	2	1	1	1	1	2	2	2	6	2	2	2	2	2	2	2	6	2	2	2	2	1	1	3	3	2	2	2	2	2	2	3	3
1290	4	4	2	2	1	1	4	4	2	2	2	2	2	2	4	4	2	2	2	2	6	4	1	1	6	6	1	1	2	2	1	1	2	2	2	2	1	1	6	2	2	2	2	2	2	2	6	6	1	1	2	2	2	2	2	2	2	2	1	1	1	1	6	6	6	6	6	6	2	2	2	2	6	6	2	2	6	6	1	1	6	7	6	6	2	2	6	6	6	6
1300	2	4	2	2	1	1	4	4	2	2	2	2	2	2	4	4	2	2	2	2	4	4	1	1	2	6	1	1	2	2	1	1	2	2	2	2	1	1	2	2	2	2	2	2	2	2	4	4	1	1	2	2	2	2	2	2	2	2	1	1	1	1	2	2	2	6	2	2	2	2	2	2	2	6	2	2	2	2	1	1	3	3	2	2	2	2	2	2	3	3
1310	4	4	2	2	1	1	4	4	2	2	2	2	2	2	4	4	2	2	2	2	4	4	1	1	2	6	1	1	2	2	1	1	2	2	2	2	1	1	2	2	2	2	2	2	2	2	4	4	1	1	2	2	2	2	2	2	2	2	1	1	1	1	2	2	2	6	2	2	2	2	2	2	2	6	2	2	2	2	1	1	3	3	2	2	2	6	2	2	3	3
1320	4	4	2	2	1	1	4	4	2	2	2	2	2	2	6	4	2	2	2	2	4	4	1	1	6	6	1	1	2	2	1	1	2	2	2	2	1	1	2	2	2	2	2	2	2	2	4	4	1	1	2	2	2	2	2	2	2	2	1	1	1	1	2	6	2	6	2	2	2	2	2	2	6	6	2	2	2	6	1	1	3	3	2	2	2	2	6	6	3	3
1330	4	4	2	2	1	1	4	4	2	2	2	2	2	2	4	4	2	2	2	2	4	4	1	1	2	6	1	1	2	2	1	1	2	2	2	2	1	1	2	2	2	2	2	2	2	2	4	4	1	1	2	2	2	2	2	2	2	2	1	1	1	1	2	2	2	6	2	2	2	2	2	2	6	6	2	2	2	6	1	1	3	3	2	2	2	2	6	6	3	3
1340	4	4	2	2	1	1	4	4	2	2	2	2	2	2	4	4	2	2	2	2	4	4	1	1	2	6	1	1	2	2	1	1	2	2	2	2	1	1	2	2	2	2	2	2	2	2	4	4	1	1	2	2	2	2	2	2	2	2	1	1	1	1	2	2	6	6	2	2	2	2	2	2	6	6	2	2	4	6	1	1	5	5	4	6	2	2	6	6	5	5
1350	4	4	2	2	1	1	4	4	2	2	2	2	2	2	4	4	2	2	2	2	4	4	1	1	2	6	1	1	2	2	1	1	2	2	2	2	1	1	2	2	2	2	2	2	2	2	4	4	1	1	2	2	2	2	2	2	2	2	1	1	1	1	2	2	2	6	2	2	2	2	2	2	6	6	2	2	2	6	1	1	2	2	2	2	2	2	6	6	3	3
1360	4	4	2	2	1	1	4	4	2	2	2	2	2	2	4	4	2	2	2	2	4	4	1	1	4	6	1	1	2	2	1	1	2	2	2	2	1	1	2	2	2	2	2	2	2	2	4	4	1	1	2	2	2	2	2	2	2	2	1	1	1	1	6	6	6	6	6	6	2	2	2	2	6	6	2	2	6	6	1	1	2	6	6	6	2	2	6	6	3	3
1370	4	4	2	2	1	1	4	4	2	2	2	2	2	2	4	4	2	2	2	2	4	4	1	1	2	6	1	1	2	2	1	1	2	2	2	2	1	1	2	2	2	2	2	2	2	2	4	4	1	1	2	2	2	2	2	2	2	2	1	1	1	1	2	2	2	6	2	2	2	2	2	2	6	6	2	2	2	6	1	1	2	2	2	2	2	2	6	6	3	3
1380	4	4	2	2	1	1	4	4	2	2	2	2	2	2	4	4	2	2	2	2	4	4	1	1	2	6	1	1	2	2	1	1	2	2	2	2	1	1	2	2	2	2	2	2	2	2	4	4	1	1	2	2	2	2	2	2	2	2	1	1	1	1	2	2	2	6	2	2	2	2	2	2	6	6	2	2	2	6	1	1	2	2	2	2	2	2	6	6	3	3
1390	4	4	2	2	1	1	4	4	2	2	2	2	2	2	4	4	2	2	2	2	4	4	1	1	2	6	1	1	2	2	1	1	2	2	2	2	1	1	2	2	2	2	2	2	2	2	4	4	1	1	2	2	2	2	2	2	2	2	1	1	1	1	2	2	2	6	2	2	2	2	2	2	6	6	2	2	2	6	1	1	2	2	2	2	2	2	6	6	3	3
1400	4	4	2	2	1	1	4	4	2	2	2	2	2	2	4	4	2	2	2	2	4	4	1	1	2	6	1	1	2	2	1	1	2	2	2	2	1	1	2	2	2	2	2	2	2	2	4	4	1	1	2	2	2	2	2	2	2	2	1	1	1	1	2	2	2	6	2	2	2	2	2	2	6	6	2	2	2	6	1	1	2	2	2	2	2	2	6	6	3	3
1410	2	4	2	2	1	1	4	4	2	2	2	2	2	2	4	4	2	2	2	2	4	4	1	1	2	6	1	1	2	2	1	1	2	2	2	2	1	1	2	2	2	2	2	2	2	2	4	4	1	1	2	2	2	2	2	2	2	2	1	1	1	1	2	2	6	6	2	2	2	2	2	2	2	6	2	2	2	2	1	1	2	2	2	6	2	2	2	2	3	3
1420	4	4	2	2	1	1	4	4	2	2	2	2	2	2	4	4	2	2	2	2	4	4	1	1	2	6	1	1	2	2	1	1	2	2	2	2	1	1	2	2	2	2	2	2	2	2	4	4	1	1	2	2	2	2	2	2	2	2	1	1	1	1	2	2	2	6	2	2	2	2	2	2	4	6	2	2	2	6	1	1	3	3	2	2	4	4	2	2	3	3
1430	4	4	2	2	1	1	4	4	2	2	2	2	2	2	4	4	2	2	2	2	4	4	1	1	2	6	1	1	2	2	1	1	2	2	2	2	1	1	2	2	2	2	2	2	2	2	4	4	1	1	2	2	2	2	2	2	2	2	1	1	1	1	2	2	2	6	2	2	2	2	2	2	6	6	2	2	2	2	1	1	3	3	2	2	2	6	2	2	3	3
1440	4	4	2	2	1	1	4	4	2	2	2	2	2	2	4	4	2	2	6	2	4	4	1	1	6	6	1	1	2	2	1	1	2	2	2	2	1	1	2	2	2	2	2	2	2	2	4	4	1	1	2	2	2	2	2	2	2	2	1	1	1	1	2	6	2	6	2	2	2	2	2	2	6	6	2	2	3	2	1	1	3	3	2	2	2	6	2	2	3	3
1450	4	4	2	2	1	1	4	4	2	2	2	2	2	2	4	4	2	2	2	2	4	4	1	1	2	6	1	1	2	2	1	1	2	2	2	2	1	1	2	2	2	2	2	2	2	2	4	4	1	1	2	2	2	2	2	2	2	2	1	1	1	1	2	2	2	6	2	2	2	2	2	2	6	6	2	2	2	6	1	1	3	3	2	2	6	6	2	2	3	3
1460	4	4	2	2	1	1	4	4	2	2	2	2	2	2	4	4	2	2	2	2	4	4	1	1	2	6	1	1	2	2	1	1	2	2	2	2	1	1	2	2	2	2	2	2	2	2	4	4	1	1	2	2	2	2	2	2	2	2	1	1	1	1	2	2	2	6	2	2	2	2	2	2	6	6	2	2	2	6	1	1	3	3	2	2	6	6	2	2	3	3
1470	4	4	2	2	1	1	4	4	2	2	2	2	2	2	4	4	2	2	2	2	4	4	1	1	2	6	1	1	2	2	1	1	2	2	2	2	1	1	2	2	2	2	2	2	2	2	4	4	1	1	2	2	2	2	2	2	2	2	1	1	1	1	2	2	2	6	2	2	2	2	2	2	6	6	2	2	2	6	1	1	3	3	2	2	6	6	2	2	3	3
1480	4	4	2	2	1	1	4	4	2	2	2	2	2	2	4	4	2	2	2	2	4	4	1	1	2	6	1	1	2	2	1	1	2	2	2	2	1	1	2	2	2	2	2	2	2	2	4	4	1	1	2	2	2	2	2	2	2	2	1	1	1	1	2	2	6	6	2	2	2	2	2	2	6	6	2	2	6	6	1	1	6	7	6	6	6	6	2	2	6	6
1490	4	4	2	2	1	1	4	4	2	2	2	2	2	2	4	4	2	2	2	2	4	4	1	1	6	6	1	1	2	2	1	1	2	2	2	2	1	1	2	2	2	2	2	2	2	2	4	4	1	1	2	2	2	2	2	2	2	2	1	1	1	1	2	6	2	6	2	2	2	2	2	2	6	6	2	2	2	6	1	1	3	3	2	2	6	6	2	2	3	3
1500	4	4	2	2	1	1	4	4	2	2	2	2	2	2	4	4	2	2	2	2	4	4	1	1	2	6	1	1	2	2	1	1	2	2	2	2	1	1	2	2	2	2	2	2	2	2	4	4	1	1	2	2	2	2	2	2	2	2	1	1	1	1	2	2	6	6	2	2	2	2	2	2	6	6	2	2	2	6	1	1	3	3	3	6	6	6	2	2	3	3
1510	2	4	2	2	1	1	4	4	2	2	2	2	2	2	2	4	2	2	2	2	4	4	1	1	2	6	1	1	2	2	1	1	2	2	2	2	1	1	2	2	2	2	2	2	2	2	4	4	1	1	2	2	2	2	2	2	2	2	1	1	1	1	2	2	2	2	2	2	2	2	2	2	2	6	2	2	2	2	1	1	3	3	2	2	2	2	2	2	3	3
1520	4	4	2	2	1	1	4	4	2	2	2	2	2	2	4	4	2	2	2	2	4	4	1	1	2	6	1	1	2	2	1	1	2	2	2	2	1	1	2	2	2	2	2	2	2	2	4	4	1	1	2	2	2	2	2	2	2	2	1	1	1	1	2	2	2	6	2	2	2	2	2	2	2	6	2	2	2	2	1	1	3	3	2	2	2	6	2	2	3	3
1530	4	4	2	2	1	1	4	4	2	2	2	2	2	2	4	4	2	2	2	2	4	4	1	1	2	6	1	1	2	2	1	1	2	2	2	2	1	1	2	2	2	2	2	2	2	2	4	4	1	1	2	2	2	2	2	2	2	2	1	1	1	1	2	2	6	6	2	2	2	2	2	2	2	6	2	2	2	6	1	1	3	3	2	6	6	6	2	2	3	3
1540	4	4	2	2	1	1	4	4	2	2	2	2	2	2	4	4	2	2	2	2	4	4	1	1	2	6	1	1	2	2	1	1	2	2	2	2	1	1	2	2	2	2	2	2	2	2	4	4	1	1	2	2	2	2	2	2	2	2	1	1	1	1	2	2	2	6	2	2	2	2	2	2	6	6	2	2	2	2	1	1	3	3	2	2	2	2	2	6	3	3
1550	4	4	2	2	1	1	4	4	2	2	2	2	2	2	4	4	2	2	2	2	4	4	1	1	2	6	1	1	2	2	1	1	2	2	2	2	1	1	2	2	2	2	2	2	2	2	4	4	1	1	2	2	2	2	2	2	2	2	1	1	1	1	2	2	2	6	2	2	2	2	2	2	6	6	2	2	2	6	1	1	3	3	2	2	6	6	6	6	3	3
1560	4	4	2	2	1	1	4	4	2	2	2	2	2	2	4	4	2	2	2	2	4	4	1	1	6	6	1	1	2	2	1	1	2	2	2	2	1	1	2	2	2	2	2	2	2	2	4	4	1	1	2	2	2	2	2	2	2	2	1	1	1	1	6	6	6	6	6	6	2	2	2	2	6	6	2	2	4	6	1	1	5	5	4	6	6	6	6	6	5	5
1570	4	4	2	2	1	1	4	4	2	2	2	2	2	2	4	4	2	2	2	2	4	4	1	1	2	6	1	1	2	2	1	1	2	2	2	2	1	1	2	2	2	2	2	2	2	2	4	4	1	1	2	2	2	2	2	2	2	2	1	1	1	1	2	2	2	6	2	2	2	2	2	2	6	6	2	2	3	6	1	1	3	3	2	2	6	6	2	2	3	3
1580	4	4	2	2	1	1	4	4	2	2	2	2	2	2	4	4	2	2	2	2	4	4	1	1	2	6	1	1	2	2	1	1	2	2	2	2	1	1	2	2	2	2	2	2	2	2	4	4	1	1	2	2	2	2	2	2	2	2	1	1	1	1	2	2	2	6	2	2	2	2	2	2	6	6	2	2	2	6	1	1	3	3	2	2	6	6	2	2	3	3
1590	4	4	2	2	1	1	4	4	2	2	2	2	2	2	4	4	2	2	2	2	4	4	1	1	2	6	1	1	2	2	1	1	2	2	2	2	1	1	2	2	2	2	2	2	2	2	4	4	1	1	2	2	2	2	2	2	2	2	1	1	1	1	2	2	6	6	2	2	2	2	2	2	6	6	2	2	3	6	1	1	3	3	2	6	6	6	2	2	3	3
1600	2	4	2	2	1	1	4	4	2	2	2	2	2	2	4	4	2	2	2	2	4	4	1	1	2	6	1	1	2	2	1	1	2	2	2	2	1	1	2	2	2	2	2	2	2	2	4	4	1	1	2	2	2	2	2	2	2	2	1	1	1	1	2	2	6	6	2	2	2	2	2	2	2	6	2	2	2	2	1	1	3	3	2	6	2	2	2	2	3	3
1610	4	4	2	2	1	1	4	4	2	2	2	2	2	2	4	4	2	2	2	2	4	4	1	1	2	6	1	1	2	2	1	1	2	2	2	2	1	1	2	2	2	2	2	2	2	2	4	4	1	1	2	2	2	2	2	2	2	2	1	1	1	1	2	2	2	6	2	2	2	2	2	2	6	6	2	2	2	2	1	1	3	3	2	2	2	6	2	2	3	3
1620	4	4	2	2	1	1	4	4	2	2	2	2	2	2	4	4	2	2	2	2	4	4	1	1	2	6	1	1	2	2	1	1	2	2	2	2	1	1	2	2	2	2	2	2	2	2	4	4	1	1	2	2	2	2	2	2	2	2	1	1	1	1	2	2	6	6	2	2	2	2	2	2	6	6	2	2	4	6	1	1	5	5	4	6	6	6	2	2	5	5
1630	4	4	2	2	1	1	4	4	2	2	2	2	2	2	4	4	2	2	2	2	4	4	1	1	2	6	1	1	2	2	1	1	2	2	2	2	1	1	2	2	2	2	2	2	2	2	4	4	1	1	2	2	2	2	2	2	2	2	1	1	1	1	2	2	2	6	2	2	2	2	2	2	6	6	2	2	2	6	1	1	3	3	2	2	6	6	2	2	3	3
1640	4	4	2	2	1	1	4	4	2	2	2	2	2	2	4	4	2	2	2	2	4	4	1	1	2	6	1	1	2	2	1	1	2	2	2	2	1	1	2	2	2	2	2	2	2	2	4	4	1	1	2	2	2	2	2	2	2	2	1	1	1	1	2	2	2	6	2	2	2	2	2	2	6	6	2	2	6	6	1	1	2	3	2	2	6	6	2	2	6	6
1650	4	4	2	2	1	1	4	4	2	2	2	2	2	2	4	4	2	2	2	2	4	4	1	1	2	6	1	1	2	2	1	1	2	2	2	2	1	1	2	2	2	2	2	2	2	2	4	4	1	1	2	2	2	2	2	2	2	2	1	1	1	1	2	2	2	6	2	2	2	2	2	2	6	6	2	2	2	6	1	1	2	3	2	2	6	6	2	2	2	2
1660	4	4	2	2	1	1	4	4	2	2	2	2	2	2	2	4	2	2	2	2	4	4	1	1	2	6	1	1	2	2	1	1	2	2	2	2	1	1	2	2	2	2	2	2	2	2	4	4	1	1	2	2	2	2	2	2	2	2	1	1	1	1	2	2	2	2	2	2	2	2	2	2	6	6	2	2	6	6	1	1	2	3	2	2	6	6	2	2	6	6
1670	4	4	2	2	1	1	4	4	2	2	2	2	2	2	4	4	2	2	2	2	4	4	1	1	2	6	1	1	2	2	1	1	2	2	2	2	1	1	2	2	2	2	2	2	2	2	4	4	1	1	2	2	2	2	2	2	2	2	1	1	1	1	2	2	2	6	2	2	2	2	2	2	6	6	2	2	6	6	1	1	2	3	2	2	6	6	2	2	6	6
1680	4	4	2	2	1	1	4	4	2	2	2	2	2	2	4	4	2	2	2	2	4	4	1	1	2	6	1	1	2	2	1	1	2	2	2	2	1	1	2	2	2	2	2	2	2	2	4	4	1	1	2	2	2	2	2	2	2	2	1	1	1	1	2	2	2	6	2	2	2	2	2	2	6	6	2	2	2	6	1	1	3	3	2	2	6	6	2	2	3	3
1690	4	4	2	2	1	1	4	4	2	2	2	2	2	2	4	4	2	2	2	2	4	4	1	1	6	6	1	1	2	2	1	1	2	2	2	2	1	1	2	2	2	2	2	2	2	2	4	4	1	1	2	2	2	2	2	2	2	2	1	1	1	1	6	6	6	6	6	6	2	2	2	2	6	6	2	2	2	6	1	1	3	3	2	6	6	6	2	2	3	3
1700	4	4	2	2	1	1	4	4	2	2	2	2	2	2	4	4	2	2	2	2	4	4	1	1	2	6	1	1	2	2	1	1	2	2	2	2	1	1	2	2	2	2	2	2	2	2	4	4	1	1	2	2	2	2	2	2	2	2	1	1	1	1	2	2	2	6	2	2	2	2	2	2	6	6	2	2	3	6	1	1	3	3	2	2	6	6	2	2	3	3
1710	4	4	2	2	1	1	4	4	2	2	2	2	2	2	4	4	2	2	2	2	4	4	1	1	2	6	1	1	2	2	1	1	2	2	2	2	1	1	2	2	2	2	2	2	2	2	4	4	1	1	2	2	2	2	2	2	2	2	1	1	1	1	2	2	2	6	2	2	2	2	2	2	6	6	2	2	2	6	1	1	3	3	2	2	6	6	6	6	3	3
1720	4	4	2	2	1	1	4	4	2	2	2	2	2	2	4	4	2	2	2	2	4	4	1	1	2	6	1	1	2	2	1	1	2	2	2	2	1	1	2	2	2	2	2	2	2	2	4	4	1	1	2	2	2	2	2	2	2	2	1	1	1	1	2	2	2	6	2	2	2	2	2	2	6	6	2	2	2	6	1	1	3	3	2	2	6	6	2	2	3	3
1730	2	4	2	2	1	1	4	4	2	2	2	2	2	2	4	4	2	2	2	2	4	4	1	1	2	6	1	1	2	2	1	1	2	2	2	2	1	1	2	2	2	2	2	2	2	2	4	4	1	1	2	2	2	2	2	2	2	2	1	1	1	1	2	2	2	6	2	2	2	2	2	2	2	6	2	2	2	2	1	1	2	2	2	2	2	2	2	2	3	3
1740	4	4	2	2	1	1	4	4	2	2	2	2	2	2	4	4	2	2	2	2	4	4	1	1	2	6	1	1	2	2	1	1	2	2	2	2	1	1	2	2	2	2	2	2	2	2	4	4	1	1	2	2	2	2	2	2	2	2	1	1	1	1	2	2	6	6	2	2	2	2	2	2	6	6	2	2	2	2	1	1	2	2	2	6	2	6	2	2	3	3
1750	4	4	2	2	1	1	4	4	2	2	2	2	2	2	4	4	2	2	2	2	4	4	1	1	2	6	1	1	2	2	1	1	2	2	2	2	1	1	2	2	2	2	2	2	2	2	4	4	1	1	2	2	2	2	2	2	2	2	1	1	1	1	2	2	6	6	2	2	2	2	2	2	6	6	2	2	6	6	1	1	6	7	6	6	6	6	2	2	6	6
1760	4	4	2	2	1	1	4	4	2	2	2	2	2	2	4	4	2	2	2	2	4	4	1	1	4	6	1	1	2	2	1	1	2	2	2	2	1	1	2	2	2	2	2	2	2	2	4	4	1	1	2	2	2	2	2	2	2	2	1	1	1	1	2	6	2	6	2	2	2	2	2	2	2	6	2	2	2	6	1	1	3	3	2	2	2	2	2	2	3	3
1770	4	4	2	2	1	1	4	4	2	2	2	2	2	2	4	4	2	2	2	2	4	4	1	1	2	6	1	1	2	2	1	1	2	2	2	2	1	1	2	2	2	2	2	2	2	2	4	4	1	1	2	2	2	2	2	2	2	2	1	1	1	1	2	2	6	6	6	2	2	2	2	2	6	6	2	2	6	6	1	1	4	5	4	6	6	6	6	6	6	6
1780	4	4	2	2	1	1	4	4	2	2	2	2	6	2	4	4	2	2	2	2	4	4	1	1	2	6	1	1	2	2	1	1	2	2	2	2	1	1	2	2	2	2	2	2	2	2	4	4	1	1	2	2	2	2	2	2	2	2	1	1	1	1	2	2	2	6	2	2	2	2	2	2	6	6	2	2	2	6	1	1	3	3	2	2	6	6	6	6	3	3
1790	2	4	2	2	1	1	4	4	2	2	2	2	2	2	4	4	2	2	2	2	4	4	1	1	2	6	1	1	2	2	1	1	2	2	2	2	1	1	2	2	2	2	2	2	2	2	4	4	1	1	2	2	2	2	2	2	2	2	1	1	1	1	2	2	2	6	2	2	2	2	2	2	2	6	2	2	2	2	1	1	3	3	2	2	2	2	2	2	3	3
1800	4	4	2	2	1	1	4	4	2	2	2	2	2	2	4	4	2	2	2	2	4	4	1	1	2	6	1	1	2	2	1	1	2	2	2	2	1	1	2	2	2	2	2	2	2	2	4	4	1	1	2	2	2	2	2	2	2	2	1	1	1	1	2	2	2	6	2	2	2	2	2	2	6	6	2	2	2	2	1	1	3	3	2	2	2	6	2	2	3	3
1810	4	4	2	2	1	1	4	4	2	2	2	2	2	2	2	4	2	2	2	2	4	4	1	1	2	6	1	1	2	2	1	1	2	2	2	2	1	1	2	2	2	2	2	2	2	2	4	4	1	1	2	2	2	2	2	2	2	2	1	1	1	1	2	2	2	2	2	2	2	2	2	2	4	6	2	2	2	6	2	1	2	2	2	2	4	4	6	6	2	2
1820	4	4	2	2	1	1	4	4	2	2	2	2	2	2	4	4	2	2	2	2	4	4	1	1	2	6	1	1	2	2	1	1	2	2	2	2	1	1	2	2	2	2	2	2	2	2	4	4	1	1	2	2	2	2	2	2	2	2	1	1	1	1	2	2	6	6	2	2	2	2	2	2	6	6	2	2	2	2	1	1	3	3	2	6	2	6	2	2	3	3
1830	2	4	2	2	1	1	4	4	2	2	2	2	2	2	4	4	2	2	2	2	4	4	1	1	2	6	1	1	2	2	1	1	2	2	2	2	1	1	2	2	2	2	2	2	2	2	4	4	1	1	2	2	2	2	2	2	2	2	1	1	1	1	2	2	2	6	2	2	2	2	2	2	2	6	2	2	3	2	1	1	3	3	2	2	2	2	2	2	3	3
1840	4	4	2	2	1	1	4	4	2	2	2	2	2	2	4	4	2	2	2	2	4	4	1	1	2	6	1	1	2	2	1	1	2	2	2	2	1	1	2	2	2	2	2	2	2	2	4	4	1	1	2	2	2	2	2	2	2	2	1	1	1	1	2	2	2	6	2	2	2	2	2	2	6	6	2	2	2	6	1	1	3	3	2	2	6	6	6	6	3	3
1850	4	4	2	2	1	1	4	4	2	2	2	2	2	2	4	4	2	2	2	2	4	4	1	1	2	6	1	1	2	2	1	1	2	2	2	2	1	1	2	2	2	2	2	2	2	2	4	4	1	1	2	2	2	2	2	2	2	2	1	1	1	1	2	2	2	6	2	2	2	2	2	2	6	6	2	2	6	6	2	1	2	2	2	2	2	2	6	6	6	6
1860	4	4	2	2	1	1	4	4	2	2	2	2	2	2	4	4	2	2	2	2	4	4	1	1	2	6	1	1	2	2	1	1	2	2	2	2	1	1	2	2	2	2	2	2	2	2	4	4	1	1	2	2	2	2	2	2	2	2	1	1	1	1	2	2	6	6	2	2	2	2	2	2	6	6	2	2	6	6	1	1	2	3	2	6	6	6	6	6	6	6
1870	4	4	2	2	1	1	4	4	2	2	2	2	2	2	4	4	2	2	2	2	4	4	1	1	2	6	1	1	2	2	1	1	2	2	2	2	1	1	2	2	2	2	2	2	2	2	4	4	1	1	2	2	2	2	2	2	2	2	1	1	1	1	2	2	2	6	2	2	2	2	2	2	6	6	2	2	2	2	1	1	3	3	2	2	2	6	2	2	3	3
1880	4	4	2	2	1	1	4	4	2	2	2	2	2	2	4	4	2	2	2	2	4	4	1	1	6	6	1	1	2	2	1	1	2	2	2	2	1	1	2	2	2	2	2	2	2	2	4	4	1	1	2	2	2	2	2	2	2	2	1	1	1	1	6	6	6	6	6	6	2	2	2	2	6	6	2	2	6	6	1	1	6	7	6	6	6	6	2	2	6	6
1890	4	4	2	2	1	1	4	4	2	2	2	2	2	2	4	4	2	2	2	2	4	4	1	1	2	6	1	1	2	2	1	1	2	2	2	2	1	1	2	2	2	2	2	2	2	2	4	4	1	1	2	2	2	2	2	2	2	2	1	1	1	1	2	2	6	6	2	2	2	2	2	2	6	6	2	2	4	6	1	1	5	5	4	6	6	6	2	2	5	5
1900	2	4	2	2	1	1	4	4	2	2	2	2	2	2	4	4	2	2	2	2	4	4	1	1	2	6	1	1	2	2	1	1	2	2	2	2	1	1	2	2	2	2	2	2	2	2	4	4	1	1	2	2	2	2	2	2	2	2	1	1	1	1	2	2	2	6	2	2	2	2	2	2	2	6	2	2	2	2	1	1	2	3	2	2	2	2	2	2	2	2
1910	4	4	2	2	1	1	4	4	2	2	2	2	2	2	4	4	2	2	2	2	4	4	1	1	2	6	1	1	2	2	1	1	2	2	2	2	1	1	2	2	2	2	2	2	2	2	4	4	1	1	2	2	2	2	2	2	2	2	1	1	1	1	2	2	2	6	2	2	2	2	2	2	2	6	2	2	6	6	1	1	2	3	2	2	2	2	2	2	6	6
1920	4	4	2	2	1	1	4	4	2	2	2	2	2	2	4	4	2	2	2	2	4	4	1	1	2	6	1	1	2	2	1	1	2	2	2	2	1	1	2	2	2	2	2	2	2	2	4	4	1	1	2	2	2	2	2	2	2	2	1	1	1	1	2	2	6	6	2	2	2	2	2	2	2	6	2	2	2	6	1	1	3	3	2	6	2	2	2	2	3	3
1930	4	4	2	2	1	1	4	4	2	2	2	2	2	2	2	4	2	2	2	2	4	4	1	1	2	6	1	1	2	2	1	1	2	2	2	2	1	1	2	2	2	2	2	2	2	2	4	4	1	1	2	2	2	2	2	2	2	2	1	1	1	1	2	2	2	2	2	2	2	2	2	2	6	6	2	2	2	6	1	1	1	3	2	2	2	2	6	6	3	3
1940	4	4	2	2	1	1	4	4	2	2	2	2	2	2	4	4	2	2	2	2	4	4	1	1	2	6	1	1	2	2	1	1	2	2	2	2	1	1	2	2	2	2	2	2	2	2	4	4	1	1	2	2	2	2	2	2	2	2	1	1	1	1	2	2	2	6	2	2	2	2	2	2	6	6	2	2	2	2	1	1	2	3	2	2	2	2	2	6	2	2
1950	4	4	2	2	1	1	4	4	2	2	2	2	2	2	4	4	2	2	2	2	4	4	1	1	6	6	1	1	2	2	1	1	2	2	2	2	1	1	2	2	2	2	2	2	2	2	4	4	1	1	2	2	2	2	2	2	2	2	1	1	1	1	6	6	6	6	6	6	2	2	2	2	6	6	2	2	2	2	1	1	3	3	2	6	2	2	2	6	3	3
1960	4	4	2	2	1	1	4	4	2	2	2	2	2	2	4	4	2	2	2	2	4	4	1	1	2	6	1	1	2	2	1	1	2	2	2	2	1	1	2	2	2	2	2	2	2	2	4	4	1	1	2	2	2	2	2	2	2	2	1	1	1	1	2	2	2	6	2	2	2	2	2	2	2	6	2	2	2	6	1	1	3	3	2	2	6	6	2	2	3	3
1970	4	4	2	2	1	1	4	4	2	2	2	2	2	2	4	4	2	2	2	2	4	4	1	1	2	6	1	1	2	2	1	1	2	2	2	2	1	1	2	2	2	2	2	2	2	2	4	4	1	1	2	2	2	2	2	2	2	2	1	1	1	1	2	2	2	6	2	2	2	2	2	2	6	6	2	2	6	6	3	1	2	3	2	2	6	6	6	6	6	6
1980	4	4	2	2	1	1	4	4	2	2	2	2	2	2	4	4	2	2	2	2	4	4	1	1	2	6	1	1	2	2	1	1	2	2	2	2	1	1	2	2	2	2	2	2	2	2	4	4	1	1	2	2	2	2	2	2	2	2	1	1	1	1	2	2	2	6	2	2	2	2	2	2	6	6	2	2	2	6	1	1	3	3	2	2	6	6	2	2	3	3
1990	4	4	2	2	1	1	4	4	2	2	2	2	2	2	4	4	2	2	2	2	4	4	1	1	6	6	1	1	2	2	1	1	2	2	2	2	1	1	2	2	2	2	2	2	2	2	4	4	1	1	2	2	2	2	2	2	2	2	1	1	1	1	6	6	6	6	6	6	2	2	2	2	6	6	2	2	6	6	1	1	6	7	6	6	6	6	2	2	6	6
2000	4	4	2	2	1	1	4	4	2	2	2	2	2	2	4	4	2	2	2	2	4	4	1	1	2	6	1	1	2	2	1	1	2	2	2	2	1	1	2	2	2	2	2	2	2	2	4	4	1	1	2	2	2	2	2	2	2	2	1	1	1	1	2	2	2	6	2	2	2	2	2	2	6	6	2	2	2	6	1	1	2	2	2	2	6	6	2	2	3	3
2010	6	4	2	2	1	1	4	4	2	2	2	2	2	2	4	4	2	2	2	2	4	4	1	1	2	6	1	1	2	2	1	1	2	2	2	2	1	1	2	2	2	2	2	2	2	2	4	4	1	1	2	2	2	2	2	2	2	2	1	1	1	1	2	2	2	6	2	2	2	2	2	2	2	6	2	2	2	6	1	1	3	3	2	2	6	6	2	2	3	3
2020	2	4	2	2	1	1	4	4	2	2	2	2	2	2	4	4	2	2	2	2	4	4	1	1	6	6	1	1	2	2	1	1	2	2	2	2	1	1	2	2	2	2	2	2	2	2	4	4	1	1	2	2	2	2	2	2	2	2	1	1	1	1	6	6	6	6	6	6	2	2	2	2	2	6	2	2	2	2	1	1	2	2	2	6	2	2	2	2	3	3
2030	4	4	2	2	1	1	4	4	2	2	2	2	2	2	4	4	2	2	2	2	4	4	1	1	2	6	1	1	2	2	1	1	2	2	2	2	1	1	2	2	2	2	2	2	2	2	4	4	1	1	2	2	2	2	2	2	2	2	1	1	1	1	2	2	2	6	2	2	2	2	2	2	6	6	2	2	2	2	1	1	2	2	2	2	2	6	2	6	3	3
2040	6	4	2	2	1	1	4	4	2	2	2	2	2	2	4	4	2	2	2	2	4	4	1	1	2	6	1	1	2	2	1	1	2	2	2	2	1	1	2	2	2	2	2	2	2	2	4	4	1	1	2	2	2	2	2	2	2	2	1	1	1	1	2	2	2	6	2	2	2	2	2	2	6	6	2	2	2	2	1	1	3	3	2	2	2	6	2	2	3	3
2050	4	4	2	2	1	1	4	4	2	2	2	2	2	2	4	4	2	2	2	2	4	4	1	1	2	6	1	1	2	2	1	1	2	2	2	2	1	1	2	2	2	2	2	2	2	2	4	4	1	1	2	2	2	2	2	2	2	2	1	1	1	1	2	2	6	6	2	2	2	2	2	2	6	6	2	2	2	2	1	1	3	3	2	6	6	6	2	6	3	3
2060	4	4	2	2	1	1	4	4	2	2	2	2	2	2	4	4	2	2	2	2	4	4	1	1	2	6	1	1	2	2	1	1	2	2	2	2	1	1	2	2	2	2	2	2	2	2	4	4	1	1	2	2	2	2	2	2	2	2	1	1	1	1	2	2	6	6	2	2	2	2	2	2	2	6	2	2	2	2	1	1	3	3	2	6	2	6	2	2	3	3
2070	4	4	2	2	1	1	4	4	2	2	2	2	2	2	4	4	2	2	2	2	4	4	1	1	2	6	1	1	2	2	1	1	2	2	2	2	1	1	2	2	2	2	2	2	2	2	4	4	1	1	2	2	2	2	2	2	2	2	1	1	1	1	2	2	2	6	2	2	2	2	2	2	6	6	2	2	2	6	1	1	3	3	2	2	6	6	2	2	3	3
2080	4	4	2	2	1	1	4	4	2	2	2	2	2	2	4	4	2	2	2	2	4	4	1	1	2	6	1	1	2	2	1	1	2	2	2	2	1	1	2	2	2	2	2	2	2	2	4	4	1	1	2	2	2	2	2	2	2	2	1	1	1	1	2	2	2	6	2	2	2	2	2	2	6	6	2	2	2	2	1	1	3	3	2	2	2	6	2	2	3	3
2090	4	4	2	2	1	1	4	4	2	2	2	2	2	2	4	4	2	2	2	2	4	4	1	1	2	6	1	1	2	2	1	1	2	2	2	2	1	1	2	2	2	2	2	2	2	2	4	4	1	1	2	2	2	2	2	2	2	2	1	1	1	1	2	2	2	6	2	2	2	2	2	2	6	6	2	2	2	6	1	1	3	3	2	2	6	6	6	6	3	3
2100	4	4	2	2	1	1	4	4	2	2	2	2	2	2	4	4	2	2	2	2	4	4	1	1	6	6	1	1	2	2	1	1	2	2	2	2	1	1	2	2	2	2	2	2	2	2	4	4	1	1	2	2	2	2	2	2	2	2	1	1	1	1	6	6	6	6	6	6	2	2	2	2	6	6	2	2	6	6	4	1	6	6	6	6	2	2	6	6	6	6
2110	4	4	2	2	1	1	4	4	2	2	2	2	2	2	4	4	2	2	6	2	4	4	1	1	6	6	1	1	2	2	1	1	2	2	2	2	1	1	6	2	2	2	2	2	2	2	4	4	1	1	2	2	2	2	2	2	2	2	1	1	1	1	6	6	6	6	6	6	2	2	2	2	6	6	2	2	4	6	4	1	4	4	4	6	2	2	6	6	4	4
2120	4	4	2	2	1	1	4	4	2	2	2	2	2	2	4	4	2	2	2	2	4	4	1	1	2	6	1	1	2	2	1	1	2	2	2	2	1	1	2	2	2	2	2	2	2	2	4	4	1	1	2	2	2	2	2	2	2	2	1	1	1	1	2	2	2	6	2	2	2	2	2	2	6	6	2	2	2	6	1	1	3	3	2	2	2	2	6	6	3	3
2130	4	4	2	2	1	1	4	4	2	2	2	2	2	2	4	4	2	2	2	2	4	4	1	1	6	6	1	1	2	2	1	1	2	2	2	2	1	1	2	2	2	2	2	2	2	2	4	4	1	1	2	2	2	2	2	2	2	2	1	1	1	1	6	6	2	6	6	6	2	2	2	2	6	6	2	2	2	6	1	1	3	3	2	6	2	2	6	6	3	3
2140	4	4	2	2	1	1	4	4	2	2	2	2	2	2	4	4	2	2	2	2	4	4	1	1	2	6	1	1	2	2	1	1	2	2	2	2	1	1	2	2	2	2	2	2	2	2	4	4	1	1	2	2	2	2	2	2	2	2	1	1	1	1	2	2	2	6	2	2	2	2	2	2	6	6	2	2	2	6	1	1	3	3	2	2	2	2	6	6	3	3
2150	4	4	2	2	1	1	4	4	2	2	2	2	2	2	4	4	2	2	2	2	4	4	1	1	2	6	1	1	2	2	1	1	2	2	2	2	1	1	2	2	2	2	2	2	2	2	4	4	1	1	2	2	2	2	2	2	2	2	1	1	1	1	2	2	2	6	2	2	2	2	2	2	6	6	2	2	2	6	1	1	3	3	2	2	2	2	6	6	3	3
2160	4	4	2	2	1	1	4	4	2	2	2	2	2	2	4	4	2	2	2	2	4	4	1	1	2	6	1	1	2	2	1	1	2	2	2	2	1	1	2	2	2	2	2	2	2	2	4	4	1	1	2	2	2	2	2	2	2	2	1	1	1	1	2	2	2	6	2	2	2	2	2	2	6	6	2	2	2	6	1	1	3	3	2	2	2	2	6	6	3	3
2170	4	4	2	2	1	1	4	4	2	2	2	2	2	2	4	4	2	2	2	2	4	4	1	1	2	6	1	1	2	2	1	1	2	2	2	2	1	1	2	2	2	2	2	2	2	2	4	4	1	1	2	2	2	2	2	2	2	2	1	1	1	1	2	2	2	6	2	2	2	2	2	2	2	6	2	2	2	2	1	1	3	3	2	2	2	6	2	2	3	3
2180	4	4	2	2	1	1	4	4	2	2	2	2	2	2	4	4	2	2	2	2	4	4	1	1	2	6	1	1	2	2	1	1	2	2	2	2	1	1	2	2	2	2	2	2	2	2	4	4	1	1	2	2	2	2	2	2	2	2	1	1	1	1	2	2	6	6	2	2	2	2	2	2	6	6	2	2	2	6	1	1	3	3	2	6	2	2	6	6	3	3
2190	4	4	2	2	1	1	4	4	2	2	2	2	2	2	4	4	2	2	2	2	4	4	1	1	2	6	1	1	2	2	1	1	2	2	2	2	1	1	2	2	2	2	2	2	2	2	4	4	1	1	2	2	2	2	2	2	2	2	1	1	1	1	2	2	6	6	2	2	2	2	2	2	2	6	2	2	2	6	1	1	3	3	2	6	2	2	2	2	3	3
2200	4	4	2	2	1	1	4	4	2	2	2	2	2	2	4	4	2	2	2	2	4	4	1	1	2	6	1	1	2	2	1	1	2	2	2	2	1	1	2	2	2	2	2	2	2	2	4	4	1	1	2	2	2	2	2	2	2	2	1	1	1	1	2	2	2	6	2	2	2	2	2	2	2	6	2	2	2	6	1	1	3	3	2	2	2	2	2	2	3	3
2210	4	4	2	2	1	1	4	4	2	2	2	2	2	2	4	4	2	2	2	2	4	4	1	1	2	6	1	1	2	2	1	1	2	2	2	2	1	1	2	2	2	2	2	2	2	2	4	4	1	1	2	2	2	2	2	2	2	2	1	1	1	1	2	2	2	6	2	2	2	2	2	2	6	6	2	2	2	2	1	1	3	3	2	2	2	6	2	2	3	3
2220	2	4	2	2	1	1	4	4	2	2	2	2	2	2	4	4	2	2	2	2	4	4	1	1	2	6	1	1	2	2	1	1	2	2	2	2	1	1	2	2	2	2	2	2	2	2	4	4	1	1	2	2	2	2	2	2	2	2	1	1	1	1	2	2	2	6	2	2	2	2	2	2	2	6	2	2	2	2	1	1	3	3	2	2	2	2	2	2	3	3
2230	4	4	2	2	1	1	4	4	2	2	2	2	2	2	4	4	2	2	2	2	4	4	1	1	2	6	1	1	2	2	1	1	2	2	2	2	1	1	2	2	2	2	2	2	2	2	4	4	1	1	2	2	2	2	2	2	2	2	1	1	1	1	2	2	2	6	2	2	2	2	2	2	6	6	2	2	3	6	1	1	3	3	2	2	6	6	2	2	3	3
2240	4	4	2	2	1	1	4	4	2	2	2	2	2	2	4	4	2	2	2	2	4	4	1	1	2	6	1	1	2	2	1	1	2	2	2	2	1	1	2	2	2	2	2	2	2	2	4	4	1	1	2	2	2	2	2	2	2	2	1	1	1	1	2	2	6	6	2	2	2	2	2	2	6	6	2	2	6	6	1	1	2	3	2	6	6	6	6	6	6	6
2250	4	4	2	2	1	1	4	4	2	2	2	2	6	2	4	4	2	2	2	2	4	4	1	1	2	6	1	1	2	2	1	1	2	2	2	2	1	1	2	2	2	2	2	2	2	2	4	4	1	1	2	2	2	2	2	2	2	2	1	1	1	1	2	2	2	6	2	2	2	2	2	2	6	6	2	2	2	6	1	1	3	3	2	2	6	6	6	6	3	3
2260	4	4	2	2	1	1	4	4	2	2	2	2	2	2	4	4	2	2	2	2	4	4	1	1	6	6	1	1	6	2	1	1	2	2	2	2	1	1	2	2	2	2	2	2	2	2	4	4	1	1	2	2	2	2	2	2	2	2	1	1	1	1	2	6	2	6	2	2	2	2	2	2	2	6	2	2	6	6	2	1	2	2	2	2	2	2	6	6	6	6
2270	4	4	2	2	1	1	4	4	2	2	2	2	2	2	4	4	2	2	2	2	4	4	1	1	2	6	1	1	2	2	1	1	2	2	2	2	1	1	2	2	2	2	2	2	2	2	4	4	1	1	2	2	2	2	2	2	2	2	1	1	1	1	2	2	2	6	2	2	2	2	2	2	6	6	2	2	2	6	1	1	3	3	2	2	6	6	6	6	3	3
2280	4	4	2	2	1	1	4	4	2	2	2	2	2	2	4	4	2	2	2	2	4	4	1	1	2	6	1	1	2	2	1	1	2	2	2	2	1	1	2	2	2	2	2	2	2	2	4	4	1	1	2	2	2	2	2	2	2	2	1	1	1	1	2	2	6	6	2	2	2	2	2	2	6	6	2	2	2	6	1	1	3	3	2	6	6	6	6	6	3	3
2290	2	4	2	2	1	1	4	4	2	2	2	2	2	2	4	4	2	2	2	2	4	4	1	1	2	6	1	1	2	2	1	1	2	2	2	2	1	1	2	2	2	2	2	2	2	2	4	4	1	1	2	2	2	2	2	2	2	2	1	1	1	1	2	2	2	6	2	2	2	2	2	2	2	6	2	2	3	2	1	1	3	3	2	2	2	2	2	2	3	3
2300	4	4	2	2	1	1	4	4	2	2	2	2	2	2	4	4	2	2	2	2	4	4	1	1	2	6	1	1	2	2	1	1	2	2	2	2	1	1	2	2	2	2	2	2	2	2	4	4	1	1	2	2	2	2	2	2	2	2	1	1	1	1	2	2	2	6	2	2	2	2	2	2	4	6	2	2	2	6	1	1	3	3	2	2	6	6	6	6	3	3
2310	4	4	2	2	1	1	4	4	2	2	2	2	2	2	4	4	2	2	2	2	4	4	1	1	2	6	1	1	2	2	1	1	2	2	2	2	1	1	2	2	2	2	2	2	2	2	4	4	1	1	2	2	2	2	2	2	2	2	1	1	1	1	2	2	6	6	2	2	2	2	2	2	2	6	2	2	2	6	1	1	3	7	6	6	2	2	2	2	3	3
2320	4	4	2	2	1	1	4	4	2	2	2	2	2	2	4	4	2	2	2	2	4	4	1	1	2	6	1	1	2	2	1	1	2	2	2	2	1	1	2	2	2	2	2	2	2	2	4	4	1	1	2	2	2	2	2	2	2	2	1	1	1	1	2	2	2	6	2	2	2	2	2	2	6	6	2	2	2	2	1	1	3	3	2	2	2	6	2	2	3	3
2330	6	4	2	2	1	1	4	4	2	2	2	2	2	2	4	4	2	2	2	2	4	4	1	1	2	6	1	1	2	2	1	1	2	2	2	2	1	1	2	2	2	2	2	2	2	2	4	4	1	1	2	2	2	2	2	2	2	2	1	1	1	1	2	2	2	6	2	2	2	2	2	2	6	6	2	2	2	2	1	1	1	3	2	2	2	6	2	2	3	3
2340	4	4	2	2	1	1	4	4	2	2	2	2	2	2	4	4	2	2	2	2	4	4	1	1	2	6	1	1	2	2	1	1	2	2	2	2	1	1	2	2	2	2	2	2	2	2	4	4	1	1	2	2	2	2	2	2	2	2	1	1	1	1	2	2	6	6	2	2	2	2	2	2	6	6	2	2	2	2	1	1	3	3	2	6	2	6	2	2	3	3
2350	4	4	2	2	1	1	4	4	2	2	2	2	2	2	4	4	2	2	2	2	4	4	1	1	6	6	1	1	2	2	1	1	2	2	2	2	1	1	2	2	2	2	2	2	2	2	4	4	1	1	2	2	2	2	2	2	2	2	1	1	1	1	6	6	6	6	6	6	2	2	2	2	6	6	2	2	4	4	1	1	5	5	4	6	6	6	4	6	5	5
2360	4	4	2	2	1	1	4	4	2	2	2	2	2	2	4	4	2	2	2	2	4	4	1	1	2	6	1	1	2	2	1	1	2	2	2	2	1	1	2	2	2	2	2	2	2	2	4	4	1	1	2	2	2	2	2	2	2	2	1	1	1	1	2	2	6	6	2	2	2	2	2	2	6	6	2	2	2	2	1	1	3	3	2	6	2	2	2	6	3	3
2370	4	4	2	2	1	1	4	4	2	2	2	2	2	2	4	4	2	2	2	2	4	4	1	1	2	6	1	1	2	2	1	1	2	2	2	2	1	1	2	2	2	2	2	2	2	2	4	4	1	1	2	2	2	2	2	2	2	2	1	1	1	1	2	2	2	6	2	2	2	2	2	2	6	6	2	2	2	2	1	1	3	3	2	2	2	2	2	6	3	3
2380	4	4	2	2	1	1	4	4	2	2	2	2	2	2	4	4	2	2	2	2	4	4	1	1	2	6	1	1	2	2	1	1	2	2	2	2	1	1	2	2	2	2	2	2	2	2	4	4	1	1	2	2	2	2	2	2	2	2	1	1	1	1	2	2	2	6	2	2	2	2	2	2	6	6	2	2	2	6	1	1	3	3	2	2	6	6	6	6	3	3
2390	4	4	2	2	1	1	4	4	2	2	2	2	2	2	4	4	2	2	2	2	4	4	1	1	2	6	1	1	2	2	1	1	2	2	2	2	1	1	2	2	2	2	2	2	2	2	4	4	1	1	2	2	2	2	2	2	2	2	1	1	1	1	2	2	2	6	2	2	2	2	2	2	6	6	2	2	2	2	1	1	3	3	2	2	2	2	2	6	3	3
2400	4	4	2	2	1	1	4	4	2	2	2	2	2	2	4	4	2	2	2	2	4	4	1	1	2	6	1	1	2	2	1	1	2	2	2	2	1	1	2	2	2	2	2	2	2	2	4	4	1	1	2	2	2	2	2	2	2	2	1	1	1	1	2	2	6	6	2	2	2	2	2	2	2	6	2	2	6	6	1	1	6	7	6	6	2	2	2	2	6	6
2410	4	4	2	2	1	1	4	4	2	2	2	2	2	2	4	4	2	2	2	2	4	4	1	1	2	6	1	1	2	2	1	1	2	2	2	2	1	1	2	2	2	2	2	2	2	2	4	4	1	1	2	2	2	2	2	2	2	2	1	1	1	1	2	2	2	6	2	2	2	2	2	2	2	6	2	2	2	6	1	1	3	3	2	2	2	2	2	2	3	3
2420	4	4	2	2	1	1	4	4	2	2	2	2	2	2	4	4	2	2	2	2	4	4	1	1	2	6	1	1	2	2	1	1	2	2	2	2	1	1	2	2	2	2	2	2	2	2	4	4	1	1	2	2	2	2	2	2	2	2	1	1	1	1	2	2	2	6	2	2	2	2	2	2	2	6	2	2	2	6	1	1	3	3	2	2	2	2	2	2	3	3
2430	4	4	2	2	1	1	4	4	2	2	2	2	2	2	2	4	2	2	2	2	4	4	1	1	2	6	1	1	2	2	1	1	2	2	2	2	1	1	2	2	2	2	2	2	2	2	4	4	1	1	2	2	2	2	2	2	2	2	1	1	1	1	2	2	2	2	2	2	2	2	2	2	6	6	2	2	6	6	1	1	2	3	2	2	6	6	2	2	6	6
2440	4	4	2	2	1	1	4	4	2	2	2	2	2	2	4	4	2	2	2	2	4	4	1	1	2	6	1	1	2	2	1	1	2	2	2	2	1	1	2	2	2	2	2	2	2	2	4	4	1	1	2	2	2	2	2	2	2	2	1	1	1	1	2	2	2	6	2	2	2	2	2	2	6	6	2	2	2	6	1	1	1	3	2	2	6	6	2	2	3	3
2450	2	4	2	2	1	1	4	4	2	2	2	2	2	2	4	4	2	2	2	2	4	4	1	1	2	6	1	1	2	2	1	1	2	2	2	2	1	1	2	2	2	2	2	2	2	2	4	4	1	1	2	2	2	2	2	2	2	2	1	1	1	1	2	2	2	6	2	2	2	2	2	2	2	6	2	2	2	2	1	1	3	3	2	2	2	2	2	2	3	3
2460	4	4	2	2	1	1	4	4	2	2	2	2	2	2	4	4	2	2	2	2	4	4	1	1	2	6	1	1	2	2	1	1	2	2	2	2	1	1	2	2	2	2	2	2	2	2	4	4	1	1	2	2	2	2	2	2	2	2	1	1	1	1	2	2	2	6	2	2	2	2	2	2	6	6	2	2	2	6	1	1	3	3	2	2	6	6	2	2	3	3
2470	4	4	2	2	1	1	4	4	2	2	2	2	2	2	4	4	2	2	2	2	4	4	1	1	2	6	1	1	2	2	1	1	2	2	2	2	1	1	2	2	2	2	2	2	2	2	4	4	1	1	2	2	2	2	2	2	2	2	1	1	1	1	2	2	2	6	2	2	2	2	2	2	6	6	2	2	2	6	1	1	3	3	2	2	6	6	2	2	3	3
2480	4	4	2	2	1	1	4	4	2	2	2	2	2	2	4	4	2	2	2	2	4	4	1	1	2	6	1	1	2	2	1	1	2	2	2	2	1	1	2	2	2	2	2	2	2	2	4	4	1	1	2	2	2	2	2	2	2	2	1	1	1	1	2	2	2	6	2	2	2	2	2	2	6	6	2	2	2	6	1	1	3	3	2	2	6	6	2	2	3	3
2490	4	4	2	2	1	1	4	4	2	2	2	2	2	2	4	4	2	2	2	2	4	4	1	1	6	6	1	1	2	2	1	1	2	2	2	2	1	1	2	2	2	2	2	2	2	2	4	4	1	1	2	2	2	2	2	2	2	2	1	1	1	1	6	6	2	6	2	6	2	2	2	2	6	6	2	2	2	6	1	1	3	3	2	2	6	6	2	2	3	3
2500	4	4	2	2	1	1	4	4	2	2	2	2	2	2	4	4	2	2	2	2	4	4	1	1	2	6	1	1	2	2	1	1	2	2	2	2	1	1	2	2	2	2	2	2	2	2	4	4	1	1	2	2	2	2	2	2	2	2	1	1	1	1	2	2	2	6	2	2	2	2	2	2	6	6	2	2	2	6	1	1	3	3	2	2	6	6	2	2	3	3
2510	4	4	2	2	1	1	4	4	2	2	2	2	2	2	4	4	2	2	2	2	4	4	1	1	6	6	1	1	2	2	1	1	2	2	2	2	1	1	2	2	2	2	2	2	2	2	4	4	1	1	2	2	2	2	2	2	2	2	1	1	1	1	2	6	2	6	2	2	2	2	2	2	6	6	2	2	2	6	1	1	3	3	2	2	6	6	2	2	3	3
2520	4	4	2	2	1	1	4	4	2	2	2	2	2	2	4	4	2	2	2	2	4	4	1	1	2	6	1	1	2	2	1	1	2	2	2	2	1	1	2	2	2	2	2	2	2	2	4	4	1	1	2	2	2	2	2	2	2	2	1	1	1	1	2	2	2	6	2	2	2	2	2	2	6	6	2	2	2	6	1	1	3	3	2	2	6	6	2	2	3	3
2530	4	4	2	2	1	1	4	4	2	2	2	2	2	2	4	4	2	2	2	2	4	4	1	1	4	6	1	1	2	2	1	1	2	2	2	2	1	1	2	2	2	2	2	2	2	2	4	4	1	1	2	2	2	2	2	2	2	2	1	1	1	1	6	6	4	6	4	6	2	2	2	2	6	6	2	2	4	6	1	1	5	5	4	4	6	6	2	2	5	5
2540	4	4	2	2	1	1	4	4	2	2	2	2	2	2	4	4	2	2	2	2	4	4	1	1	2	6	1	1	2	2	1	1	2	2	2	2	1	1	2	2	2	2	2	2	2	2	4	4	1	1	2	2	2	2	2	2	2	2	1	1	1	1	2	2	2	6	2	2	2	2	2	2	6	6	2	2	3	6	1	1	3	3	2	2	6	6	2	2	3	3
2550	4	4	2	2	1	1	4	4	2	2	2	2	2	2	4	4	2	2	2	2	4	4	1	1	6	6	1	1	2	2	1	1	2	2	2	2	1	1	2	2	2	2	2	2	2	2	4	4	1	1	2	2	2	2	2	2	2	2	1	1	1	1	6	6	2	6	2	6	2	2	2	2	2	6	2	2	2	2	1	1	3	3	2	2	2	6	2	2	3	3
2560	4	4	2	2	1	1	4	4	2	2	2	2	2	2	4	4	2	2	2	2	4	4	1	1	2	6	1	1	2	2	1	1	2	2	2	2	1	1	2	2	2	2	2	2	2	2	4	4	1	1	2	2	2	2	2	2	2	2	1	1	1	1	2	2	2	6	2	2	2	2	2	2	2	6	2	2	6	6	4	1	6	6	2	2	6	6	6	6	6	6
2570	4	4	2	2	1	1	4	4	2	2	2	2	2	2	4	4	2	2	2	2	4	4	1	1	2	6	1	1	2	2	1	1	2	2	2	2	1	1	2	2	2	2	2	2	2	2	4	4	1	1	2	2	2	2	2	2	2	2	1	1	1	1	2	2	2	6	2	2	2	2	2	2	2	6	2	2	2	6	1	1	3	3	2	2	2	2	2	2	3	3
2580	4	4	2	2	1	1	4	4	2	2	2	2	2	2	4	4	2	2	2	2	4	4	1	1	2	6	1	1	2	2	1	1	2	2	2	2	1	1	2	2	2	2	2	2	2	2	4	4	1	1	2	2	2	2	2	2	2	2	1	1	1	1	2	2	2	6	2	2	2	2	2	2	6	6	2	2	2	6	1	1	1	3	2	2	6	6	2	2	3	3
2590	4	4	2	2	1	1	4	4	2	2	2	2	2	2	4	4	2	2	2	2	4	4	1	1	2	6	1	1	2	2	1	1	2	2	2	2	1	1	2	2	2	2	2	2	2	2	4	4	1	1	2	2	2	2	2	2	2	2	1	1	1	1	2	2	2	6	2	2	2	2	2	2	6	6	2	2	2	6	1	1	3	3	2	2	6	6	2	2	3	3
2600	4	4	2	2	1	1	4	4	2	2	2	2	2	2	4	4	2	2	2	2	4	4	1	1	2	6	1	1	2	2	1	1	2	2	2	2	1	1	2	2	2	2	2	2	2	2	4	4	1	1	2	2	2	2	2	2	2	2	1	1	1	1	2	2	2	6	2	2	2	2	2	2	6	6	2	2	2	2	1	1	3	3	2	2	2	6	2	2	3	3
2610	2	4	2	2	1	1	4	4	2	2	2	2	2	2	2	4	2	2	2	2	4	4	1	1	2	6	1	1	2	2	1	1	2	2	2	2	1	1	2	2	2	2	2	2	2	2	4	4	1	1	2	2	2	2	2	2	2	2	1	1	1	1	2	2	2	2	2	2	2	2	2	2	2	6	2	2	2	2	1	1	3	3	2	2	2	2	2	2	3	3
2620	4	4	2	2	1	1	4	4	2	2	2	2	2	2	4	4	2	2	2	2	4	4	1	1	2	6	1	1	2	2	1	1	2	2	2	2	1	1	2	2	2	2	2	2	2	2	4	4	1	1	2	2	2	2	2	2	2	2	1	1	1	1	2	2	2	6	2	2	2	2	2	2	2	6	2	2	2	6	1	1	3	3	2	2	2	2	2	2	3	3
2630	4	4	2	2	1	1	4	4	2	2	2	2	2	2	4	4	2	2	2	2	4	4	1	1	2	6	1	1	2	2	1	1	2	2	2	2	1	1	2	2	2	2	2	2	2	2	4	4	1	1	2	2	2	2	2	2	2	2	1	1	1	1	2	2	2	6	2	2	2	2	2	2	2	6	2	2	2	6	1	1	3	3	2	2	2	2	2	2	3	3
2640	4	4	2	2	1	1	4	4	2	2	2	2	2	2	4	4	2	2	2	2	4	4	1	1	2	6	1	1	2	2	1	1	2	2	2	2	1	1	2	2	2	2	2	2	2	2	4	4	1	1	2	2	2	2	2	2	2	2	1	1	1	1	2	2	2	6	2	2	2	2	2	2	2	6	2	2	2	6	1	1	3	3	2	2	2	2	2	2	3	3
2650	4	4	2	2	1	1	4	4	2	2	2	2	2	2	4	4	2	2	2	2	4	4	1	1	2	6	1	1	2	2	1	1	2	2	2	2	1	1	2	2	2	2	2	2	2	2	4	4	1	1	2	2	2	2	2	2	2	2	1	1	1	1	2	2	2	6	2	2	2	2	2	2	6	6	2	2	2	6	1	1	3	3	2	2	6	6	6	6	3	3
2660	4	4	2	2	1	1	4	4	2	2	2	2	6	2	4	4	2	2	2	2	4	4	1	1	2	6	1	1	2	2	1	1	2	2	2	2	1	1	2	2	2	2	2	2	2	2	4	4	1	1	2	2	2	2	2	2	2	2	1	1	1	1	2	2	2	6	2	2	2	2	2	2	6	6	2	2	6	6	4	1	6	6	2	2	6	6	6	6	6	6
2670	4	4	2	2	1	1	4	4	2	2	2	2	2	2	4	4	2	2	2	2	4	4	1	1	6	6	1	1	2	2	1	1	2	2	2	2	1	1	2	2	2	2	2	2	2	2	4	4	1	1	2	2	2	2	2	2	2	2	1	1	1	1	6	6	4	6	4	6	2	2	2	2	6	6	2	2	4	4	1	1	5	5	4	4	4	6	2	2	5	5
2680	4	4	2	2	1	1	4	4	2	2	2	2	2	2	2	4	2	2	2	2	4	4	1	1	2	6	1	1	2	2	1	1	2	2	2	2	1	1	2	2	2	2	2	2	2	2	4	4	1	1	2	2	2	2	2	2	2	2	1	1	1	1	2	2	2	2	2	2	2	2	2	2	6	6	2	2	2	6	1	1	3	3	2	2	6	6	2	2	3	3
2690	4	4	2	2	1	1	4	4	2	2	2	2	2	2	4	4	2	2	2	2	4	4	1	1	2	6	1	1	2	2	3	1	2	2	2	2	1	1	2	2	2	2	2	2	2	2	4	4	1	1	2	2	2	2	2	2	2	2	1	1	1	1	2	2	2	6	2	2	2	2	2	2	6	6	2	2	2	2	3	3	3	3	2	2	2	6	2	2	3	3
2700	4	4	2	2	1	1	4	4	2	2	2	2	2	2	4	4	2	2	2	2	4	4	1	1	2	6	1	1	2	2	1	1	2	2	2	2	1	1	2	2	2	2	2	2	2	2	4	4	1	1	2	2	2	2	2	2	2	2	1	1	1	1	2	2	2	6	2	2	2	2	2	2	6	6	2	2	2	2	1	1	3	3	2	2	2	6	2	2	3	3
2710	4	4	2	2	1	1	4	4	2	2	2	2	2	2	4	4	2	2	2	2	4	4	1	1	2	6	1	1	2	2	1	1	2	2	2	2	1	1	2	2	2	2	2	2	2	2	4	4	1	1	2	2	2	2	2	2	2	2	1	1	1	1	2	2	2	6	2	2	2	2	2	2	6	6	2	2	2	6	1	1	3	3	2	2	6	6	2	2	3	3
2720	6	4	2	2	1	1	4	4	2	2	2	2	2	2	4	4	2	2	2	2	4	4	1	1	6	6	1	1	2	2	1	1	2	2	2	2	1	1	2	2	2	2	2	2	2	2	4	4	1	1	2	2	2	2	2	2	2	2	1	1	1	1	2	6	2	6	2	2	2	2	2	2	6	6	2	2	2	2	1	1	3	3	2	2	2	6	2	2	3	3
2730	4	4	2	2	1	1	4	4	2	2	2	2	2	2	4	4	2	2	2	2	4	4	1	1	2	6	1	1	2	2	1	1	2	2	2	2	1	1	2	2	2	2	2	2	2	2	4	4	1	1	2	2	2	2	2	2	2	2	1	1	1	1	2	2	2	6	2	2	2	2	2	2	6	6	2	2	2	6	1	1	3	3	2	2	6	6	2	2	3	3
2740	4	4	2	2	1	1	4	4	2	2	2	2	2	2	4	4	2	2	2	2	4	4	1	1	2	6	1	1	2	2	1	1	2	2	2	2	1	1	2	2	2	2	2	2	2	2	4	4	1	1	2	2	2	2	2	2	2	2	1	1	1	1	2	2	2	6	2	2	2	2	2	2	6	6	2	2	2	2	1	1	3	3	2	2	2	6	2	2	3	3
2750	2	4	2	2	1	1	4	4	2	2	2	2	2	2	4	4	2	2	2	2	4	4	1	1	2	6	1	1	2	2	1	1	2	2	2	2	1	1	2	2	2	2	2	2	2	2	4	4	1	1	2	2	2	2	2	2	2	2	1	1	1	1	2	2	2	6	2	2	2	2	2	2	2	6	2	2	3	2	1	1	3	3	2	2	2	2	2	2	3	3
2760	4	4	2	2	1	1	4	4	2	2	2	2	2	2	4	4	2	2	2	2	4	4	1	1	2	6	1	1	2	2	1	1	2	2	2	2	1	1	2	2	2	2	2	2	2	2	4	4	1	1	2	2	2	2	2	2	2	2	1	1	1	1	2	2	6	6	2	2	2	2	2	2	2	6	2	2	2	2	1	1	1	3	2	6	2	6	2	2	3	3
2770	4	4	2	2	1	1	4	4	2	2	2	2	2	2	4	4	2	2	2	2	4	4	1	1	6	6	1	1	2	2	1	1	2	2	2	2	1	1	2	2	2	2	2	2	2	2	4	4	1	1	2	2	2	2	2	2	2	2	1	1	1	1	6	6	6	6	6	6	2	2	2	2	6	6	2	2	2	2	1	1	3	3	2	6	2	6	2	2	3	3
2780	4	4	2	2	1	1	4	4	2	2	2	2	2	2	4	4	2	2	2	2	4	4	1	1	2	6	1	1	2	2	1	1	2	2	2	2	1	1	2	2	2	2	2	2	2	2	4	4	1	1	2	2	2	2	2	2	2	2	1	1	1	1	2	2	6	6	6	2	2	2	2	2	6	6	2	2	2	2	1	1	3	3	2	6	2	6	2	2	3	3
2790	4	4	2	2	1	1	4	4	2	2	2	2	2	2	4	4	2	2	2	2	4	4	1	1	2	6	1	1	2	2	1	1	2	2	2	2	1	1	2	2	2	2	2	2	2	2	4	4	1	1	2	2	2	2	2	2	2	2	1	1	1	1	2	2	2	6	2	2	2	2	2	2	6	6	2	2	2	6	1	1	3	3	2	2	6	6	2	2	3	3
2800	4	4	2	2	1	1	4	4	2	2	2	2	2	2	4	4	2	2	2	2	4	4	1	1	2	6	1	1	2	2	1	1	2	2	2	2	1	1	2	2	2	2	2	2	2	2	4	4	1	1	2	2	2	2	2	2	2	2	1	1	1	1	2	2	6	6	2	2	2	2	2	2	6	6	2	2	6	6	1	1	6	7	6	6	6	6	2	2	6	6
2810	2	4	2	2	1	1	4	4	2	2	2	2	2	2	4	4	2	2	2	2	4	4	1	1	2	6	1	1	2	2	1	1	2	2	2	2	1	1	2	2	2	2	2	2	2	2	4	4	1	1	2	2	2	2	2	2	2	2	1	1	1	1	2	2	6	6	6	2	2	2	2	2	2	6	2	2	2	2	1	1	3	3	2	6	2	2	2	2	3	3
2820	4	4	2	2	1	1	4	4	2	2	2	2	2	2	4	4	2	2	2	2	4	4	1	1	2	6	1	1	2	2	1	1	2	2	2	2	1	1	2	2	2	2	2	2	2	2	4	4	1	1	2	2	2	2	2	2	2	2	1	1	1	1	2	2	2	6	2	2	2	2	2	2	4	6	2	2	2	6	1	1	3	3	2	2	4	4	6	6	3	3
2830	4	4	2	2	1	1	4	4	2	2	2	2	2	2	4	4	2	2	2	2	4	4	1	1	2	6	1	1	2	2	1	1	2	2	2	2	1	1	2	2	2	2	2	2	2	2	4	4	1	1	2	2	2	2	2	2	2	2	1	1	1	1	2	2	6	6	2	2	2	2	2	2	2	6	2	2	2	6	1	1	3	3	2	6	6	6	6	6	3	3
2840	4	4	2	2	1	1	4	4	2	2	2	2	2	2	4	4	2	2	2	2	4	4	1	1	2	6	1	1	2	2	1	1	2	2	2	2	1	1	6	2	2	2	2	2	2	2	4	4	1	1	2	2	2	2	2	2	2	2	1	1	1	1	2	2	6	6	6	6	2	2	2	2	6	6	2	2	2	6	1	1	3	3	2	6	2	2	6	6	3	3
2850	4	4	2	2	1	1	4	4	2	2	2	2	2	2	4	4	2	2	2	2	4	4	1	1	2	6	1	1	2	2	1	1	2	2	2	2	1	1	2	2	2	2	2	2	2	2	4	4	1	1	2	2	2	2	2	2	2	2	1	1	1	1	2	2	2	6	2	2	2	2	2	2	6	6	2	2	2	6	1	1	3	3	2	2	2	2	6	6	3	3
2860	4	4	2	2	1	1	4	4	2	2	2	2	2	2	4	4	2	2	2	2	4	4	1	1	2	6	1	1	2	2	1	1	2	2	2	2	1	1	2	2	2	2	2	2	2	2	4	4	1	1	2	2	2	2	2	2	2	2	1	1	1	1	2	2	2	6	2	2	2	2	2	2	6	6	2	2	2	2	1	1	3	3	2	2	2	6	2	2	3	3
2870	4	4	2	2	1	1	4	4	2	2	2	2	2	2	4	4	2	2	2	2	4	4	1	1	2	6	1	1	2	2	1	1	2	2	2	2	1	1	2	2	2	2	2	2	2	2	4	4	1	1	2	2	2	2	2	2	2	2	1	1	1	1	2	2	6	6	2	2	2	2	2	2	6	6	2	2	2	2	1	1	3	3	2	6	2	6	2	2	3	3
2880	4	4	2	2	1	1	4	4	2	2	2	2	2	2	4	4	2	2	2	2	4	4	1	1	2	6	1	1	2	2	1	1	2	2	2	2	1	1	2	2	2	2	2	2	2	2	4	4	1	1	2	2	2	2	2	2	2	2	1	1	1	1	2	2	2	6	2	2	2	2	2	2	6	6	2	2	3	6	1	1	3	3	2	2	6	6	2	2	3	3
2890	4	4	2	2	1	1	4	4	2	2	2	2	2	2	4	4	2	2	2	2	4	4	1	1	2	6	1	1	2	2	1	1	2	2	2	2	1	1	2	2	2	2	2	2	2	2	4	4	1	1	2	2	2	2	2	2	2	2	1	1	1	1	2	2	6	6	2	2	2	2	2	2	6	6	2	2	2	2	1	1	3	3	2	6	2	6	2	2	3	3
2900	4	4	2	2	1	1	4	4	2	2	2	2	2	2	4	4	2	2	2	2	4	4	1	1	6	6	1	1	2	2	1	1	2	2	2	2	1	1	6	2	2	2	2	2	2	2	4	4	1	1	2	2	2	2	2	2	2	2	1	1	1	1	6	6	6	6	6	6	2	2	2	2	6	6	2	2	5	6	1	1	5	7	6	6	2	2	6	6	5	5
2910	4	4	2	2	1	1	4	4	2	2	2	2	2	2	4	4	2	2	2	2	4	4	1	1	2	6	1	1	2	2	1	1	2	2	2	2	1	1	2	2	2	2	2	2	2	2	4	4	1	1	2	2	2	2	2	2	2	2	1	1	1	1	2	2	2	6	2	2	2	2	2	2	6	6	2	2	2	6	1	1	3	3	2	2	2	2	6	6	3	3
2920	4	4	2	2	1	1	4	4	2	2	2	2	2	2	4	4	2	2	2	2	4	4	1	1	6	6	5	1	2	2	1	1	2	2	2	2	1	1	2	2	2	2	2	2	2	2	4	4	5	5	2	2	2	2	2	2	2	2	1	1	1	1	6	6	6	6	6	6	2	2	2	2	6	6	2	2	6	6	4	5	2	6	6	6	2	2	6	6	6	6
2930	4	4	2	2	1	1	4	4	2	2	2	2	2	2	4	4	2	2	2	2	4	4	1	1	2	6	1	1	2	2	1	1	2	2	2	2	1	1	2	2	2	2	2	2	2	2	4	4	1	1	2	2	2	2	2	2	2	2	1	1	1	1	2	2	2	6	2	2	2	2	2	2	6	6	2	2	3	6	1	1	3	3	2	2	2	2	6	6	3	3
2940	4	4	2	2	1	1	4	4	2	2	2	2	2	2	4	4	2	2	2	2	4	4	1	1	6	6	1	1	2	2	1	1	2	2	2	2	1	1	2	2	2	2	2	2	2	2	4	4	1	1	2	2	2	2	2	2	2	2	1	1	1	1	6	6	6	6	6	6	2	2	2	2	6	6	2	2	4	6	1	1	5	7	6	6	2	2	6	6	5	5
2950	4	4	2	2	1	1	4	4	2	2	2	2	2	2	4	4	2	2	2	2	4	4	1	1	6	6	1	1	2	2	1	1	2	2	2	2	1	1	2	2	2	2	2	2	2	2	4	4	1	1	2	2	2	2	2	2	2	2	1	1	1	1	6	6	6	6	6	6	2	2	2	2	6	6	2	2	6	6	1	1	6	7	6	6	2	2	6	6	6	6
2960	4	4	2	2	1	1	4	4	2	2	2	2	2	2	4	4	2	2	2	2	4	4	1	1	2	6	1	1	2	2	1	1	2	2	2	2	1	1	2	2	2	2	2	2	2	2	4	4	1	1	2	2	2	2	2	2	2	2	1	1	1	1	2	2	6	6	2	2	2	2	2	2	6	6	2	2	2	6	1	1	3	3	2	6	2	2	6	6	3	3
2970	4	4	2	2	1	1	4	4	2	2	2	2	2	2	4	4	2	2	2	2	4	4	1	1	2	6	1	1	2	2	1	1	2	2	2	2	1	1	2	2	2	2	2	2	2	2	4	4	1	1	2	2	2	2	2	2	2	2	1	1	1	1	2	2	4	6	2	2	2	2	2	2	6	6	2	2	4	6	1	1	1	1	1	6	2	2	6	6	5	5
2980	4	4	2	2	1	1	4	4	2	2	2	2	2	2	4	4	2	2	2	2	4	4	1	1	2	6	1	1	2	2	1	1	2	2	2	2	1	1	2	2	2	2	2	2	2	2	4	4	1	1	2	2	2	2	2	2	2	2	1	1	1	1	2	2	2	6	2	2	2	2	2	2	6	6	2	2	2	6	1	1	3	3	2	2	2	2	6	6	3	3
2990	4	4	2	2	1	1	4	4	2	2	2	2	2	2	4	4	2	2	6	2	4	4	1	1	6	6	1	1	2	2	1	1	2	2	2	2	1	1	2	2	2	2	2	2	2	2	4	4	1	1	2	2	2	2	2	2	2	2	1	1	1	1	6	6	6	6	6	6	2	2	2	2	6	6	2	2	6	6	1	1	6	7	6	6	2	2	6	6	6	6
3000	2	4	2	2	1	1	4	4	2	2	2	2	2	2	4	4	2	2	2	2	4	4	1	1	2	6	1	1	2	2	1	1	2	2	2	2	1	1	2	2	2	2	2	2	2	2	4	4	1	1	2	2	2	2	2	2	2	2	1	1	1	1	2	2	2	6	2	2	2	2	2	2	2	6	2	2	2	2	1	1	3	3	2	2	2	2	2	2	3	3
3010	4	4	2	2	1	1	4	4	2	2	2	2	2	2	4	4	2	2	2	2	4	4	1	1	6	6	1	1	2	2	1	1	2	2	2	2	1	1	2	2	2	2	2	2	2	2	4	4	1	1	2	2	2	2	2	2	2	2	1	1	1	1	4	6	4	6	6	6	2	2	2	2	6	6	2	2	2	6	1	1	3	3	2	6	6	6	6	6	3	3
3020	4	4	2	2	1	1	4	4	2	2	2	2	2	2	4	4	2	2	2	2	4	4	1	1	2	6	1	1	2	2	1	1	2	2	2	2	1	1	2	2	2	2	2	2	2	2	4	4	1	1	2	2	2	2	2	2	2	2	1	1	1	1	2	2	2	6	2	2	2	2	2	2	6	6	2	2	2	2	1	1	3	3	2	2	2	2	2	6	3	3
3030	4	4	2	2	1	1	4	4	2	2	2	2	2	2	4	4	2	2	2	2	4	4	1	1	2	6	1	1	2	2	1	1	2	2	2	2	1	1	2	2	2	2	2	2	2	2	4	4	1	1	2	2	2	2	2	2	2	2	1	1	1	1	2	2	2	6	2	2	2	2	2	2	6	6	2	2	3	6	1	1	3	3	2	2	6	6	2	2	3	3
3040	4	4	2	2	1	1	4	4	2	2	2	2	2	2	4	4	2	2	2	2	4	4	1	1	2	6	1	1	2	2	1	1	2	2	2	2	1	1	2	2	2	2	2	2	2	2	4	4	1	1	2	2	2	2	2	2	2	2	1	1	1	1	2	2	2	6	2	2	2	2	2	2	2	6	2	2	2	6	1	1	3	3	2	2	2	2	2	2	3	3
3050	4	4	2	2	1	1	4	4	2	2	2	2	2	2	4	4	2	2	2	2	4	4	1	1	2	6	1	1	2	2	1	1	2	2	2	2	1	1	2	2	2	2	2	2	2	2	4	4	1	1	2	2	2	2	2	2	2	2	1	1	1	1	2	2	6	6	2	2	2	2	2	2	2	6	2	2	2	6	1	1	3	7	6	6	2	2	2	2	3	3
3060	2	4	2	2	1	1	4	4	2	2	2	2	2	2	4	4	2	2	2	2	4	4	1	1	2	6	1	1	2	2	1	1	2	2	2	2	1	1	2	2	2	2	2	2	2	2	4	4	1	1	2	2	2	2	2	2	2	2	1	1	1	1	2	2	2	6	2	2	2	2	2	2	4	6	2	2	2	2	1	1	3	3	2	2	2	2	2	6	3	3
3070	2	4	2	2	1	1	4	4	2	2	2	2	2	2	4	4	2	2	2	2	4	4	1	1	2	6	1	1	2	2	1	1	2	2	2	2	1	1	2	2	2	2	2	2	2	2	4	4	1	1	2	2	2	2	2	2	2	2	1	1	1	1	2	2	2	6	2	2	2	2	2	2	2	6	2	2	2	2	1	1	3	3	2	2	2	2	2	2	3	3
3080	4	4	2	2	1	1	4	4	2	2	2	2	2	2	4	4	2	2	2	2	4	4	1	1	2	6	1	1	2	2	1	1	2	2	2	2	1	1	2	2	2	2	2	2	2	2	4	4	1	1	2	2	2	2	2	2	2	2	1	1	1	1	2	2	2	6	2	2	2	2	2	2	2	6	2	2	2	6	1	1	3	3	2	2	2	2	2	2	3	3
3090	4	4	2	2	1	1	4	4	2	2	2	2	2	2	4	4	2	2	2	2	4	4	1	1	2	6	1	1	2	2	1	1	2	2	2	2	1	1	2	2	2	2	2	2	2	2	4	4	1	1	2	2	2	2	2	2	2	2	1	1	1	1	2	2	6	6	2	2	2	2	2	2	2	6	2	2	2	6	1	1	3	3	2	6	2	2	2	2	3	3
3100	4	4	2	2	1	1	4	4	2	2	2	2	2	2	4	4	2	2	2	2	4	4	1	1	2	6	1	1	2	2	1	1	2	2	2	2	1	1	2	2	2	2	2	2	2	2	4	4	1	1	2	2	2	2	2	2	2	2	1	1	1	1	2	2	2	6	2	2	2	2	2	2	2	6	2	2	6	6	2	1	2	2	2	2	2	2	2	2	6	6
3110	4	4	2	2	1	1	4	4	2	2	2	2	2	2	4	4	2	2	2	2	4	4	1	1	2	6	1	1	2	2	1	1	2	2	2	2	1	1	2	2	2	2	2	2	2	2	4	4	1	1	2	2	2	2	2	2	2	2	1	1	1	1	2	2	2	6	2	2	2	2	2	2	6	6	2	2	2	6	1	1	3	3	2	2	2	2	6	6	3	3
3120	4	4	2	2	1	1	4	4	2	2	2	2	2	2	4	4	2	2	2	2	4	4	1	1	2	6	1	1	2	2	1	1	2	2	2	2	1	1	2	2	2	2	2	2	2	2	4	4	1	1	2	2	2	2	2	2	2	2	1	1	1	1	2	2	2	6	2	2	2	2	2	2	2	6	2	2	2	2	1	1	3	3	2	2	2	2	2	6	3	3
3130	4	4	2	2	1	1	4	4	2	2	2	2	2	2	4	4	2	2	2	2	4	4	1	1	2	6	1	1	2	2	1	1	2	2	2	2	1	1	2	2	2	2	2	2	2	2	4	4	1	1	2	2	2	2	2	2	2	2	1	1	1	1	2	2	2	6	2	2	2	2	2	2	6	6	2	2	2	6	1	1	3	3	2	2	2	2	6	6	3	3
3140	4	4	2	2	1	1	4	4	2	2	2	2	2	2	6	4	2	2	2	2	4	4	1	1	2	6	1	1	2	2	1	1	2	2	2	2	1	1	2	2	2	2	2	2	2	2	4	4	1	1	2	2	2	2	2	2	2	2	1	1	1	1	2	2	6	6	2	2	2	2	2	2	2	6	2	2	2	6	1	1	3	3	2	6	2	2	6	6	3	3
3150	4	4	2	2	1	1	4	4	2	2	2	2	2	2	4	4	2	2	2	2	4	4	1	1	2	6	1	1	2	2	1	1	2	2	2	2	1	1	2	2	2	2	2	2	2	2	4	4	1	1	2	2	2	2	2	2	2	2	1	1	1	1	2	2	2	6	2	2	2	2	2	2	6	6	2	2	6	6	1	1	2	3	2	2	2	2	6	6	6	6
3160	4	4	2	2	1	1	4	4	2	2	2	2	2	2	4	4	2	2	2	2	4	4	1	1	2	6	1	1	2	2	1	1	2	2	2	2	1	1	2	2	2	2	2	2	2	2	4	4	1	1	2	2	2	2	2	2	2	2	1	1	1	1	2	2	2	6	2	2	2	2	2	2	6	6	2	2	2	6	1	1	3	3	2	2	2	2	6	6	3	3
3170	4	4	2	2	1	1	4	4	2	2	2	2	2	2	4	4	2	2	2	2	4	4	1	1	2	6	1	1	2	2	1	1	2	2	2	2	1	1	2	2	2	2	2	2	2	2	4	4	1	1	2	2	2	2	2	2	2	2	1	1	1	1	2	2	2	6	2	2	2	2	2	2	6	6	2	2	2	6	1	1	3	3	2	2	2	2	6	6	3	3
3180	4	4	2	2	1	1	4	4	2	2	2	2	2	2	4	4	2	2	2	2	4	4	1	1	2	6	1	1	2	2	1	1	2	2	2	2	1	1	2	2	2	2	2	2	2	2	4	4	1	1	2	2	2	2	2	2	2	2	1	1	1	1	2	2	2	6	2	2	2	2	2	2	2	6	2	2	2	2	1	1	3	3	2	2	2	6	2	2	3	3
3190	4	4	2	2	1	1	4	4	2	2	2	2	2	2	4	4	2	2	2	2	4	4	1	1	2	6	1	1	2	2	1	1	2	2	2	2	1	1	2	2	2	2	2	2	2	2	4	4	1	1	2	2	2	2	2	2	2	2	1	1	1	1	2	2	2	6	2	2	2	2	2	2	6	6	2	2	2	6	1	1	3	3	2	2	2	2	6	6	3	3
3200	4	4	2	2	1	1	4	4	2	2	2	2	2	2	4	4	2	2	2	2	4	4	1	1	2	6	1	1	2	2	1	1	2	2	2	2	1	1	2	2	2	2	2	2	2	2	4	4	1	1	2	2	2	2	2	2	2	2	1	1	1	1	2	2	2	6	2	2	2	2	2	2	6	6	2	2	2	6	1	1	3	3	2	2	2	2	6	6	3	3
3210	4	4	2	2	1	1	4	4	2	2	2	2	2	2	4	4	2	2	2	2	4	4	1	1	6	6	1	1	2	2	1	1	2	2	2	2	1	1	2	2	2	2	2	2	2	2	4	4	1	1	2	2	2	2	2	2	2	2	1	1	1	1	6	6	6	6	6	6	2	2	2	2	6	6	2	2	6	6	4	1	6	6	2	6	2	2	6	6	6	6
3220	4	4	2	2	1	1	4	4	2	2	2	2	2	2	4	4	2	2	2	2	4	4	1	1	2	6	1	1	2	2	1	1	2	2	2	2	1	1	2	2	2	2	2	2	2	2	4	4	1	1	2	2	2	2	2	2	2	2	1	1	1	1	2	2	2	6	2	2	2	2	2	2	6	6	2	2	2	6	1	1	3	3	2	2	2	2	6	6	3	3
3230	4	4	2	2	1	1	4	4	2	2	2	2	2	2	4	4	2	2	2	2	4	4	1	1	2	6	1	1	2	2	1	1	2	2	2	2	1	1	2	2	2	2	2	2	2	2	4	4	1	1	2	2	2	2	2	2	2	2	1	1	1	1	2	2	2	6	2	2	2	2	2	2	6	6	2	2	2	6	1	1	3	3	2	2	2	2	6	6	3	3
3240	4	4	2	2	1	1	4	4	2	2	2	2	2	2	4	4	2	2	2	2	4	4	1	1	2	6	1	1	2	2	1	1	2	2	2	2	1	1	2	2	2	2	2	2	2	2	4	4	1	1	2	2	2	2	2	2	2	2	1	1	1	1	2	2	6	6	2	2	2	2	2	2	6	6	2	2	6	6	1	1	2	3	2	6	2	2	6	6	6	6
3250	4	4	2	2	1	1	4	4	2	2	2	2	2	2	4	4	2	2	2	2	4	4	1	1	6	6	1	1	2	2	1	1	2	2	2	2	1	1	2	2	2	2	2	2	2	2	2	4	1	1	2	2	2	2	2	2	2	2	1	1	1	1	6	6	6	6	2	6	2	2	2	2	2	2	2	2	2	2	1	1	3	3	2	6	2	2	2	6	3	3
3260	4	4	2	2	1	1	4	4	2	2	2	2	2	2	4	4	2	2	2	2	4	4	1	1	2	6	1	1	2	2	1	1	2	2	2	2	1	1	2	2	2	2	2	2	2	2	4	4	1	1	2	2	2	2	2	2	2	2	1	1	1	1	2	2	6	6	2	2	2	2	2	2	2	6	2	2	2	6	1	1	3	3	2	6	2	2	6	6	3	3
3270	4	4	2	2	1	1	4	4	2	2	2	2	2	2	4	4	2	2	2	2	4	4	1	1	6	6	1	1	2	2	1	1	2	2	2	2	1	1	2	2	2	2	2	2	2	2	4	4	1	1	2	2	2	2	2	2	2	2	1	1	1	1	6	6	6	6	2	6	2	2	2	2	6	6	2	2	2	6	1	1	3	7	7	6	2	2	6	6	3	3
3280	4	4	2	2	1	1	4	4	2	2	2	2	2	2	4	4	2	2	2	2	4	4	1	1	6	6	1	1	2	2	1	1	2	2	2	2	1	1	2	2	2	2	2	2	2	2	4	4	1	1	2	2	2	2	2	2	2	2	1	1	1	1	2	6	2	6	2	2	2	2	2	2	6	6	2	2	2	6	1	1	3	3	2	2	2	2	6	6	3	3
3290	2	4	2	2	1	1	4	4	2	2	2	2	2	2	4	4	2	2	6	2	4	4	1	1	6	6	1	1	2	2	1	1	2	2	2	2	1	1	2	2	2	2	2	2	2	2	4	4	1	1	2	2	2	2	2	2	2	2	1	1	1	1	2	6	2	6	2	2	2	2	2	2	2	6	2	2	2	2	1	1	1	3	2	2	2	2	2	2	3	3
3300	4	4	2	2	1	1	4	4	2	2	2	2	2	2	4	4	2	2	2	2	4	4	1	1	6	6	1	1	2	2	1	1	2	2	2	2	1	1	2	2	2	2	2	2	2	2	4	4	1	1	2	2	2	2	2	2	2	2	1	1	1	1	2	6	2	6	2	2	2	2	2	2	6	6	2	2	2	6	1	1	3	3	2	2	2	2	6	6	3	3
3310	4	4	2	2	1	1	4	4	2	2	2	2	2	2	4	4	2	2	2	2	4	4	1	1	2	6	1	1	2	2	1	1	2	2	2	2	1	1	2	2	2	2	2	2	2	2	4	4	1	1	2	2	2	2	2	2	2	2	1	1	1	1	2	2	6	6	2	2	2	2	2	2	6	6	2	2	6	6	1	1	4	5	4	6	2	2	6	6	6	6
3320	4	4	2	2	1	1	4	4	2	2	2	2	2	2	4	4	2	2	2	2	4	4	1	1	2	6	1	1	2	2	1	1	2	2	2	2	1	1	6	2	2	2	2	2	2	2	4	4	1	1	2	2	2	2	2	2	2	2	1	1	1	1	2	2	6	6	6	6	2	2	2	2	6	6	2	2	2	6	1	1	3	3	2	6	6	6	6	6	3	3
3330	4	4	2	2	1	1	4	4	2	2	2	2	2	2	4	4	2	2	2	2	4	4	1	1	2	6	1	1	2	2	1	1	2	2	2	2	1	1	2	2	2	2	2	2	2	2	4	4	1	1	2	2	2	2	2	2	2	2	1	1	1	1	2	2	2	6	2	2	2	2	2	2	6	6	2	2	2	6	1	1	3	3	2	2	6	6	6	6	3	3
3340	4	4	2	2	1	1	4	4	2	2	2	2	2	2	4	4	2	2	2	2	4	4	1	1	2	6	1	1	2	2	1	1	2	2	2	2	1	1	2	2	2	2	2	2	2	2	4	4	1	1	2	2	2	2	2	2	2	2	1	1	1	1	2	2	6	6	2	2	2	2	2	2	6	6	2	2	4	6	1	1	5	5	4	6	6	6	6	6	5	5
3350	4	4	2	2	1	1	4	4	2	2	2	2	2	2	4	4	2	2	2	2	4	4	1	1	2	6	1	1	2	2	1	1	2	2	2	2	1	1	2	2	2	2	2	2	2	2	4	4	1	1	2	2	2	2	2	2	2	2	1	1	1	1	2	2	6	6	2	2	2	2	2	2	6	6	2	2	4	6	1	1	6	7	6	6	6	6	6	6	6	6
3360	4	4	2	2	1	1	4	4	2	2	2	2	2	2	4	4	2	2	2	2	4	4	1	1	2	6	1	1	2	2	1	1	2	2	2	2	1	1	2	2	2	2	2	2	2	2	4	4	1	1	2	2	2	2	2	2	2	2	1	1	1	1	2	2	2	6	2	2	2	2	2	2	6	6	2	2	2	6	1	1	3	3	2	2	6	6	2	2	3	3
3370	4	4	2	2	1	1	4	4	2	2	2	2	2	2	4	4	2	2	2	2	4	4	1	1	2	6	1	1	2	2	1	1	2	2	2	2	1	1	2	2	2	2	2	2	2	2	4	4	1	1	2	2	2	2	2	2	2	2	1	1	1	1	2	2	2	6	2	2	2	2	2	2	6	6	2	2	2	6	1	1	3	3	2	2	6	6	2	2	3	3
3380	4	4	2	2	1	1	4	4	2	2	2	2	2	2	4	4	2	2	2	2	4	4	1	1	2	6	1	1	2	2	1	1	2	2	2	2	1	1	2	2	2	2	2	2	2	2	4	4	1	1	2	2	2	2	2	2	2	2	1	1	1	1	2	2	2	6	2	2	2	2	2	2	6	6	2	2	2	6	1	1	3	3	2	2	6	6	2	2	3	3
3390	4	4	2	2	1	1	4	4	2	2	2	2	2	2	4	4	2	2	2	2	4	4	1	1	2	6	1	1	2	2	1	1	2	2	2	2	1	1	2	2	2	2	2	2	2	2	4	4	1	1	2	2	2	2	2	2	2	2	1	1	1	1	2	2	2	6	2	2	2	2	2	2	6	6	2	2	2	6	1	1	3	3	2	2	6	6	2	2	3	3
3400	4	4	2	2	1	1	4	4	2	2	2	2	2	2	4	4	2	2	2	2	4	4	1	1	2	6	1	1	2	2	1	1	2	2	2	2	1	1	2	2	2	2	2	2	2	2	4	4	1	1	2	2	2	2	2	2	2	2	1	1	1	1	2	2	2	6	2	2	2	2	2	2	6	6	2	2	2	6	1	1	3	3	2	2	6	6	2	2	3	3
3410	4	4	2	2	1	1	4	4	2	2	2	2	2	2	4	4	2	2	2	2	4	4	1	1	2	6	1	1	2	2	1	1	2	2	2	2	1	1	2	2	2	2	2	2	2	2	4	4	1	1	2	2	2	2	2	2	2	2	1	1	1	1	2	2	6	6	2	2	2	2	2	2	6	6	2	2	6	6	1	1	6	7	6	6	6	6	2	2	6	6
3420	4	4	2	2	1	1	4	4	2	2	2	2	2	2	4	4	2	2	2	2	4	4	1	1	2	6	1	1	2	2	1	1	2	2	2	2	1	1	2	2	2	2	2	2	2	2	4	4	1	1	2	2	2	2	2	2	2	2	1	1	1	1	2	2	2	6	2	2	2	2	2	2	6	6	2	2	2	6	1	1	3	3	2	2	6	6	2	2	3	3
3430	4	4	2	2	1	1	4	4	2	2	2	2	2	2	4	4	2	2	2	2	4	4	1	1	2	6	1	1	2	2	1	1	2	2	2	2	1	1	2	2	2	2	2	2	2	2	4	4	1	1	2	2	2	2	2	2	2	2	1	1	1	1	2	2	2	6	2	2	2	2	2	2	6	6	2	2	2	2	1	1	3	3	2	2	2	6	2	2	3	3
3440	4	4	2	2	1	1	4	4	2	2	2	2	2	2	4	4	2	2	2	2	4	4	1	1	2	6	1	1	2	2	1	1	2	2	2	2	1	1	2	2	2	2	2	2	2	2	4	4	1	1	2	2	2	2	2	2	2	2	1	1	1	1	2	2	2	6	2	2	2	2	2	2	4	6	2	2	2	6	1	1	3	3	2	2	4	4	2	2	3	3
3450	4	4	2	2	1	1	4	4	2	2	2	2	2	2	4	4	2	2	2	2	4	4	1	1	2	6	1	1	2	2	1	1	2	2	2	2	1	1	2	2	2	2	2	2	2	2	4	4	1	1	2	2	2	2	2	2	2	2	1	1	1	1	2	2	2	6	2	2	2	2	2	2	2	6	2	2	2	6	1	1	3	3	2	2	2	2	2	2	3	3
3460	2	4	2	2	1	1	4	4	2	2	2	2	2	2	4	4	2	2	2	2	4	4	1	1	2	6	1	1	2	2	1	1	2	2	2	2	1	1	2	2	2	2	2	2	2	2	4	4	1	1	6	2	2	2	2	2	2	2	1	1	1	1	2	2	2	6	2	2	2	2	2	2	2	6	2	2	2	2	1	1	3	3	2	2	2	2	2	2	3	3
3470	4	4	2	2	1	1	4	4	2	2	2	2	2	2	4	4	2	2	2	2	4	4	1	1	2	6	1	1	2	2	1	1	2	2	2	2	1	1	2	2	2	2	2	2	2	2	4	4	1	1	2	2	2	2	2	2	2	2	1	1	1	1	2	2	2	6	2	2	2	2	2	2	6	6	2	2	2	6	1	1	3	3	2	2	6	6	2	2	3	3
3480	4	4	2	2	1	1	4	4	2	2	2	2	2	2	4	4	2	2	2	2	4	4	1	1	2	6	1	1	2	2	1	1	2	2	2	2	1	1	2	2	2	2	2	2	2	2	4	4	1	1	2	2	2	2	2	2	2	2	1	1	1	1	2	2	2	6	2	2	2	2	2	2	6	6	2	2	6	6	1	1	2	3	2	2	6	6	6	6	6	6
3490	4	4	2	2	1	1	4	4	2	2	2	2	2	2	4	4	2	2	2	2	4	4	1	1	2	6	1	1	2	2	1	1	2	2	2	2	1	1	2	2	2	2	2	2	2	2	4	4	1	1	2	2	2	2	2	2	2	2	1	1	1	1	2	2	2	6	2	2	2	2	2	2	2	6	2	2	2	2	1	1	3	3	2	2	2	2	2	6	3	3
3500	4	4	2	2	1	1	4	4	2	2	2	2	2	2	4	4	2	2	2	2	4	4	1	1	6	6	1	1	2	2	1	1	2	2	2	2	1	1	2	2	2	2	2	2	2	2	4	4	1	1	2	2	2	2	2	2	2	2	1	1	1	1	6	6	6	6	6	6	2	2	2	2	6	6	2	2	2	6	1	1	3	3	2	6	6	6	2	2	3	3
3510	4	4	2	2	1	1	4	4	2	2	2	2	2	2	4	4	2	2	2	2	4	4	1	1	2	6	1	1	2	2	1	1	2	2	2	2	1	1	2	2	2	2	2	2	2	2	4	4	1	1	2	2	2	2	2	2	2	2	1	1	1	1	2	2	2	6	2	2	2	2	2	2	6	6	2	2	2	6	1	1	3	3	2	2	6	6	2	2	3	3
3520	4	4	2	2	1	1	4	4	2	2	2	2	2	2	4	4	2	2	2	2	4	4	1	1	2	6	1	1	2	2	1	1	2	2	2	2	1	1	2	2	2	2	2	2	2	2	4	4	1	1	2	2	2	2	2	2	2	2	1	1	1	1	2	2	2	6	2	2	2	2	2	2	6	6	2	2	2	6	1	1	3	3	2	2	6	6	2	2	3	3
3530	4	4	2	2	1	1	4	4	2	2	2	2	2	2	4	4	2	2	2	2	4	4	1	1	6	6	1	1	2	2	1	1	2	2	2	2	1	1	2	2	2	2	2	2	2	2	4	4	1	1	2	2	2	2	2	2	2	2	1	1	1	1	6	6	6	6	6	6	2	2	2	2	6	6	2	2	6	6	1	1	4	5	4	6	6	6	2	2	6	6
3540	4	4	2	2	1	1	4	4	2	2	2	2	2	2	4	4	2	2	2	2	4	4	1	1	2	6	1	1	2	2	1	1	2	2	2	2	1	1	2	2	2	2	2	2	2	2	4	4	1	1	2	2	2	2	2	2	2	2	1	1	1	1	2	2	6	6	2	2	2	2	2	2	6	6	2	2	4	6	1	1	5	5	4	6	6	6	2	2	5	5
3550	4	4	2	2	1	1	4	4	2	2	2	2	2	2	4	4	2	2	2	2	4	4	1	1	2	6	1	1	2	2	1	1	2	2	2	2	1	1	2	2	2	2	2	2	2	2	4	4	1	1	2	2	2	2	2	2	2	2	1	1	1	1	2	2	2	6	2	2	2	2	2	2	6	6	2	2	2	6	1	1	3	3	2	2	6	6	2	2	3	3
3560	4	4	2	2	1	1	4	4	2	2	2	2	2	2	4	4	2	2	2	2	4	4	1	1	2	6	1	1	2	2	1	1	2	2	2	2	1	1	2	2	2	2	2	2	2	2	4	4	1	1	2	2	2	2	2	2	2	2	1	1	1	1	2	2	2	6	2	2	2	2	2	2	6	6	2	2	2	6	1	1	3	3	2	2	6	6	2	2	3	3
3570	2	4	2	2	1	1	4	4	2	2	2	2	2	2	4	4	2	2	2	2	4	4	1	1	6	6	1	1	2	2	1	1	2	2	2	2	1	1	2	2	2	2	2	2	2	2	4	4	1	1	2	2	2	2	2	2	2	2	1	1	1	1	6	6	6	6	6	6	2	2	2	2	2	6	2	2	2	2	1	1	3	3	2	6	2	2	2	2	3	3
3580	4	4	2	2	1	1	4	4	2	2	2	2	2	2	4	4	2	2	2	2	4	4	1	1	2	6	1	1	2	2	1	1	2	2	2	2	1	1	2	2	2	2	2	2	2	2	4	4	1	1	2	2	2	2	2	2	2	2	1	1	1	1	2	2	2	6	2	2	2	2	2	2	6	6	2	2	6	6	1	1	2	3	2	2	6	6	2	2	6	6
3590	4	4	2	2	1	1	4	4	2	2	2	2	2	2	4	4	2	2	2	2	4	4	1	1	2	6	1	1	2	2	1	1	2	2	2	2	1	1	2	2	2	2	2	2	2	2	4	4	1	1	2	2	2	2	2	2	2	2	1	1	1	1	2	2	2	6	2	2	2	2	2	2	6	6	2	2	2	6	1	1	3	3	2	2	6	6	2	2	3	3
3600	4	4	2	2	1	1	4	4	2	2	2	2	2	2	4	4	2	2	2	2	4	4	1	1	2	6	1	1	2	2	1	1	2	2	2	2	1	1	2	2	2	2	2	2	2	2	4	4	1	1	2	2	2	2	2	2	2	2	1	1	1	1	2	2	2	6	2	2	2	2	2	2	6	6	2	2	2	6	1	1	2	3	2	2	6	6	2	2	2	2
3610	4	4	2	2	1	1	4	4	2	2	2	2	2	2	4	4	2	2	2	2	4	4	1	1	2	6	1	1	2	2	3	1	2	2	2	2	1	1	2	2	2	2	2	2	2	2	4	4	1	1	2	2	2	2	2	2	2	2	1	1	1	1	2	2	6	6	2	2	2	2	2	2	6	6	2	2	6	6	2	3	6	6	6	6	6	6	2	2	6	6
3620	4	4	2	2	1	1	4	4	2	2	2	2	2	2	4	4	2	2	2	2	4	4	1	1	6	6	1	1	2	2	1	1	2	2	2	2	1	1	2	2	2	2	2	2	2	2	4	4	1	1	2	2	2	2	2	2	2	2	1	1	1	1	6	6	6	6	6	6	2	2	2	2	6	6	2	2	4	6	1	1	5	5	4	6	6	6	2	2	5	5
3630	4	4	2	2	1	1	4	4	2	2	2	2	2	2	4	4	2	2	2	2	4	4	1	1	6	6	1	1	2	2	1	1	2	2	2	2	1	1	2	2	2	2	2	2	2	2	4	4	1	1	2	2	2	2	2	2	2	2	1	1	1	1	2	6	2	6	2	2	2	2	2	2	2	6	2	2	2	6	1	1	3	3	2	2	2	2	2	2	3	3
3640	4	4	2	2	1	1	4	4	2	2	2	2	2	2	4	4	2	2	2	2	4	4	1	1	2	6	1	1	2	2	1	1	2	2	2	2	1	1	2	2	2	2	2	2	2	2	4	4	1	1	2	2	2	2	2	2	2	2	1	1	1	1	2	2	2	6	2	2	2	2	2	2	6	6	2	2	2	6	1	1	3	3	2	2	6	6	2	2	3	3
3650	4	4	2	2	1	1	4	4	2	2	2	2	2	2	4	4	2	2	2	2	4	4	1	1	2	6	1	1	2	2	1	1	2	2	2	2	1	1	2	2	2	2	2	2	2	2	4	4	1	1	2	2	2	2	2	2	2	2	1	1	1	1	2	2	2	6	2	2	2	2	2	2	6	6	2	2	6	6	1	1	2	3	2	2	6	6	2	2	6	6
3660	4	4	2	2	1	1	4	4	2	2	2	2	2	2	4	4	2	2	2	2	4	4	1	1	2	6	1	1	2	2	1	1	2	2	2	2	1	1	2	2	2	2	2	2	2	2	4	4	1	1	2	2	2	2	2	2	2	2	1	1	1	1	2	2	2	6	2	2	2	2	2	2	2	6	2	2	2	2	1	1	3	3	2	2	2	6	2	2	3	3
3670	4	4	2	2	1	1	4	4	2	2	2	2	2	2	4	4	2	2	2	2	4	4	1	1	2	6	1	1	2	2	1	1	2	2	2	2	1	1	2	2	2	2	2	2	2	2	4	4	1	1	2	2	2	2	2	2	2	2	1	1	1	1	2	2	2	6	2	2	2	2	2	2	6	6	2	2	6	6	1	1	2	3	2	2	6	6	2	2	6	6
3680	4	4	2	2	1	1	4	4	2	2	2	2	2	2	4	4	2	2	2	2	4	4	1	1	2	6	1	1	2	2	1	1	2	2	2	2	1	1	2	2	2	2	2	2	2	2	4	4	1	1	2	2	2	2	2	2	2	2	1	1	1	1	2	2	2	6	2	2	2	2	2	2	6	6	2	2	2	6	1	1	3	3	2	2	6	6	2	2	3	3
3690	4	4	2	2	1	1	4	4	2	2	2	2	2	2	4	4	2	2	2	2	4	4	1	1	2	6	1	1	2	2	1	1	2	2	2	2	1	1	2	2	2	2	2	2	2	2	4	4	1	1	2	2	2	2	2	2	2	2	1	1	1	1	2	2	2	6	2	2	2	2	2	2	6	6	2	2	2	6	1	1	3	3	2	2	6	6	2	2	3	3
3700	4	4	2	2	1	1	4	4	2	2	2	2	2	2	4	4	2	2	2	2	4	4	1	1	2	6	1	1	2	2	1	1	2	2	2	2	1	1	2	2	2	2	2	2	2	2	4	4	1	1	2	2	2	2	2	2	2	2	1	1	1	1	2	2	2	6	2	2	2	2	2	2	6	6	2	2	6	6	1	1	2	3	2	2	6	6	2	2	6	6
3710	4	4	2	2	1	1	4	4	2	2	2	2	2	2	4	4	2	2	2	2	4	4	1	1	2	6	1	1	2	2	1	1	2	2	2	2	1	1	2	2	2	2	2	2	2	2	4	4	1	1	2	2	2	2	2	2	2	2	1	1	1	1	2	2	2	6	2	2	2	2	2	2	6	6	2	2	2	6	1	1	3	3	2	2	6	6	2	2	3	3
3720	4	4	2	2	1	1	4	4	2	2	2	2	2	2	4	4	2	2	2	2	4	4	1	1	6	6	1	1	2	2	1	1	2	2	2	2	1	1	2	2	2	2	2	2	2	2	4	4	1	1	2	2	2	2	2	2	2	2	1	1	1	1	6	6	6	6	6	6	2	2	2	2	6	6	2	2	2	6	1	1	3	3	2	6	6	6	2	2	3	3
3730	4	4	2	2	1	1	4	4	2	2	2	2	2	2	4	4	2	2	2	2	4	4	1	1	2	6	1	1	2	2	1	1	2	2	2	2	1	1	2	2	2	2	2	2	2	2	4	4	1	1	2	2	2	2	2	2	2	2	1	1	1	1	2	2	2	6	2	2	2	2	2	2	6	6	2	2	2	6	1	1	3	3	2	2	6	6	6	6	3	3
3740	4	4	2	2	1	1	4	4	2	2	2	2	2	2	4	4	2	2	2	2	4	4	1	1	2	6	1	1	2	2	1	1	2	2	2	2	1	1	2	2	2	2	2	2	2	2	4	4	1	1	2	2	2	2	2	2	2	2	1	1	1	1	2	2	2	6	2	2	2	2	2	2	6	6	2	2	2	6	1	1	3	3	2	2	6	6	2	2	3	3
3750	4	4	2	2	1	1	4	4	2	2	2	2	2	2	4	4	2	2	2	2	4	4	1	1	6	6	1	1	2	2	1	1	2	2	2	2	1	1	2	2	2	2	2	2	2	2	4	4	1	1	2	2	2	2	2	2	2	2	1	1	1	1	6	6	6	6	6	6	2	2	2	2	6	6	2	2	2	6	1	1	3	3	2	6	6	6	2	2	3	3
3760	4	4	2	2	1	1	4	4	2	2	2	2	2	2	4	4	2	2	2	2	4	4	1	1	2	6	1	1	2	2	1	1	2	2	2	2	1	1	2	2	2	2	2	2	2	2	4	4	1	1	2	2	2	2	2	2	2	2	1	1	1	1	2	2	2	6	2	2	2	2	2	2	6	6	2	2	2	6	1	1	3	3	2	2	6	6	2	2	3	3
3770	4	4	2	2	1	1	4	4	2	2	2	2	2	2	4	4	2	2	2	2	4	4	1	1	6	6	1	1	2	2	1	1	2	2	2	2	1	1	2	2	2	2	2	2	2	2	4	4	1	1	2	2	2	2	2	2	2	2	1	1	1	1	6	6	6	6	6	6	2	2	2	2	6	6	2	2	6	6	1	1	4	6	6	6	6	6	2	2	5	5
3780	4	4	2	2	1	1	4	4	2	2	2	2	2	2	4	4	2	2	2	2	4	4	1	1	2	6	1	1	2	2	1	1	2	2	2	2	1	1	2	2	2	2	2	2	2	2	4	4	1	1	2	2	2	2	2	2	2	2	1	1	1	1	2	2	6	6	2	2	2	2	2	2	6	6	2	2	2	6	1	1	3	3	2	6	6	6	2	2	3	3
3790	4	4	2	2	1	1	4	4	2	2	2	2	2	2	4	4	2	2	2	2	4	4	1	1	2	6	1	1	2	2	1	1	2	2	2	2	1	1	2	2	2	2	2	2	2	2	4	4	1	1	2	2	2	2	2	2	2	2	1	1	1	1	2	2	6	6	2	2	2	2	2	2	6	6	2	2	2	6	1	1	3	3	2	6	6	6	2	2	3	3
3800	6	4	2	2	1	1	4	4	2	2	2	2	2	2	4	4	2	2	2	2	4	4	1	1	2	6	1	1	2	2	1	1	2	2	2	2	1	1	2	2	2	2	2	2	2	2	4	4	1	1	2	2	2	2	2	2	2	2	1	1	1	1	2	2	2	6	2	2	2	2	2	2	6	6	2	2	2	6	1	1	3	3	2	2	6	6	2	2	3	3
3810	4	4	2	2	1	1	4	4	2	2	2	2	2	2	4	4	2	2	2	2	4	4	1	1	2	6	1	1	2	2	1	1	2	2	2	2	1	1	2	2	2	2	2	2	2	2	4	4	1	1	2	2	2	2	2	2	2	2	1	1	1	1	2	2	2	6	2	2	2	2	2	2	6	6	2	2	2	6	1	1	3	3	2	2	6	6	2	2	3	3
3820	4	4	2	2	1	1	4	4	2	2	2	2	2	2	4	4	2	2	2	2	4	4	1	1	2	6	1	1	2	2	1	1	2	2	2	2	1	1	2	2	2	2	2	2	2	2	4	4	1	1	2	2	2	2	2	2	2	2	1	1	1	1	2	2	2	6	2	2	2	2	2	2	6	6	2	2	2	6	1	1	3	3	2	2	6	6	2	2	3	3
3830	6	4	2	2	1	1	4	4	2	2	2	2	2	2	4	4	2	2	2	2	4	4	1	1	2	6	1	1	2	2	1	1	2	2	2	2	1	1	2	2	2	2	2	2	2	2	4	4	1	1	2	2	2	2	2	2	2	2	1	1	1	1	2	2	2	6	2	2	2	2	2	2	6	6	2	2	2	6	1	1	3	3	2	2	6	6	2	2	3	3
3840	4	4	2	2	1	1	4	4	2	2	2	2	2	2	4	4	2	2	2	2	4	4	1	1	2	6	1	1	2	2	1	1	2	2	2	2	1	1	2	2	2	2	2	2	2	2	4	4	1	1	2	2	2	2	2	2	2	2	1	1	1	1	2	2	4	6	2	2	2	2	2	2	6	6	2	2	6	6	1	1	6	7	6	6	6	6	2	2	6	6
3850	4	4	2	2	1	1	4	4	2	2	2	2	2	2	4	4	2	2	2	2	4	4	1	1	2	6	1	1	2	2	1	1	2	2	2	2	1	1	2	2	2	2	2	2	2	2	4	4	1	1	2	2	2	2	2	2	2	2	1	1	1	1	2	2	6	6	2	2	2	2	2	2	6	6	2	2	2	6	1	1	3	3	2	6	6	6	2	2	3	3
3860	4	4	2	2	1	1	4	4	2	2	2	2	2	2	4	4	2	2	2	2	4	4	1	1	2	6	1	1	2	2	1	1	2	2	2	2	1	1	2	2	2	2	2	2	2	2	4	4	1	1	2	2	2	2	2	2	2	2	1	1	1	1	2	2	2	6	2	2	2	2	2	2	6	6	2	2	2	2	1	1	3	3	2	2	2	6	2	2	3	3
3870	4	4	2	2	1	1	4	4	2	2	2	2	2	2	2	4	2	2	2	2	4	4	1	1	2	6	1	1	2	2	1	1	2	2	2	2	1	1	2	2	2	2	2	2	2	2	4	4	1	1	2	2	2	2	2	2	2	2	1	1	1	1	2	2	2	2	2	2	2	2	2	2	2	6	2	2	2	6	1	1	3	3	2	2	2	2	6	6	3	3
3880	4	4	2	2	1	1	4	4	2	2	2	2	2	2	4	4	2	2	2	2	4	4	1	1	2	6	1	1	2	2	1	1	2	2	2	2	1	1	2	2	2	2	2	2	2	2	4	4	1	1	2	2	2	2	2	2	2	2	1	1	1	1	2	2	6	6	2	2	2	2	2	2	6	6	2	2	2	2	1	1	3	7	6	6	6	6	2	6	3	3
3890	4	4	2	2	1	1	4	4	2	2	2	2	2	2	4	4	2	2	2	2	4	4	1	1	2	6	1	1	2	2	1	1	2	2	2	2	1	1	2	2	2	2	2	2	2	2	4	4	1	1	2	2	2	2	2	2	2	2	1	1	1	1	2	2	2	6	2	2	2	2	2	2	6	6	2	2	3	2	1	1	3	3	2	2	6	6	2	6	3	3
3900	4	4	2	2	1	1	4	4	2	2	2	2	2	2	4	4	2	2	2	2	4	4	1	1	6	6	1	1	2	2	1	1	2	2	2	2	1	1	2	2	2	2	2	2	2	2	4	4	1	1	2	2	2	2	2	2	2	2	1	1	1	1	6	6	6	6	6	6	2	2	2	2	2	6	2	2	2	2	1	1	1	3	2	6	2	2	2	6	3	3
3910	4	4	2	2	1	1	4	4	2	2	2	2	2	2	4	4	2	2	2	2	4	4	1	1	6	6	1	1	2	2	1	1	2	2	2	2	1	1	2	2	2	2	2	2	2	2	4	4	1	1	2	2	2	2	2	2	2	2	1	1	1	1	6	6	6	6	6	6	2	2	2	2	6	6	2	2	2	2	1	1	3	3	2	6	6	6	2	6	3	3
3920	4	4	2	2	1	1	4	4	2	2	2	2	2	2	4	4	2	2	2	2	4	4	1	1	2	6	1	1	2	2	1	1	2	2	2	2	1	1	2	2	2	2	2	2	2	2	4	4	1	1	2	2	2	2	2	2	2	2	1	1	1	1	2	2	2	6	2	2	2	2	2	2	6	6	2	2	2	2	1	1	3	3	2	2	2	2	2	6	3	3
3930	4	4	2	2	1	1	4	4	2	2	2	2	2	2	4	4	2	2	2	2	4	4	1	1	2	6	1	1	2	2	1	1	2	2	2	2	1	1	2	2	2	2	2	2	2	2	4	4	1	1	2	2	2	2	2	2	2	2	1	1	1	1	2	2	6	6	2	2	2	2	2	2	6	6	2	2	6	6	1	1	6	7	6	6	2	2	6	6	6	6
3940	4	4	2	2	1	1	4	4	2	2	2	2	2	2	4	4	2	2	2	2	4	4	1	1	2	6	1	1	2	2	1	1	2	2	2	2	1	1	2	2	2	2	2	2	2	2	4	4	1	1	2	2	2	2	2	2	2	2	1	1	1	1	2	2	2	6	2	2	2	2	2	2	6	6	2	2	2	6	1	1	1	3	2	2	2	2	6	6	3	3
3950	4	4	2	2	1	1	4	4	2	2	2	2	2	2	4	4	2	2	2	2	4	4	1	1	2	6	1	1	2	2	1	1	2	2	2	2	1	1	2	2	2	2	2	2	2	2	4	4	1	1	2	2	2	2	2	2	2	2	1	1	1	1	2	2	2	6	2	2	2	2	2	2	6	6	2	2	2	6	1	1	3	3	2	2	2	2	6	6	3	3
3960	4	4	2	2	1	1	4	4	2	2	2	2	2	2	4	4	2	2	2	2	4	4	1	1	2	6	1	1	2	2	1	1	2	2	2	2	1	1	2	2	2	2	2	2	2	2	4	4	1	1	2	2	2	2	2	2	2	2	1	1	1	1	2	2	6	6	2	2	2	2	2	2	6	6	2	2	6	6	4	1	6	6	6	6	2	2	6	6	6	6
3970	4	4	2	2	1	1	4	4	2	2	2	2	2	2	4	4	2	2	2	2	4	4	1	1	2	6	1	1	2	2	1	1	2	2	2	2	1	1	2	2	2	2	2	2	2	2	4	4	1	1	2	2	2	2	2	2	2	2	1	1	1	1	2	2	2	6	2	2	2	2	2	2	2	6	2	2	2	6	1	1	3	3	2	2	2	2	2	2	3	3
3980	1	4	2	2	1	1	4	4	2	2	2	2	2	2	4	4	2	2	2	2	4	4	1	1	2	6	1	1	2	2	1	1	2	2	2	2	1	1	2	2	2	2	2	2	2	2	4	4	1	1	2	2	2	2	2	2	2	2	1	1	1	1	2	2	2	6	2	2	2	2	2	2	2	6	2	2	3	3	1	1	3	3	2	2	2	2	2	2	3	3
3990	4	4	2	2	1	1	4	4	2	2	2	2	2	2	4	4	2	2	2	2	4	4	1	1	2	6	1	1	2	2	1	1	2	2	2	2	1	1	2	2	2	2	2	2	2	2	4	4	1	1	2	2	2	2	2	2	2	2	1	1	1	1	2	2	2	6	2	2	2	2	2	2	2	6	2	2	2	6	1	1	3	3	2	2	2	2	2	2	3	3
4000	4	4	2	2	1	1	4	4	2	2	2	2	2	2	4	4	2	2	2	2	4	4	1	1	2	6	1	1	2	2	1	1	2	2	2	2	1	1	2	2	2	2	2	2	2	2	4	4	1	1	2	2	2	2	2	2	2	2	1	1	1	1	2	2	2	6	2	2	2	2	2	2	6	6	2	2	2	2	1	1	3	3	2	2	2	6	6	6	3	3
4010	4	4	2	2	1	1	4	4	2	2	2	2	2	2	4	4	2	2	2	2	4	4	1	1	6	6	1	1	2	2	1	1	2	2	2	2	1	1	2	2	2	2	2	2	2	2	4	4	1	1	2	2	2	2	2	2	2	2	1	1	1	1	2	6	2	6	2	2	2	2	2	2	4	6	2	2	2	6	1	1	3	3	2	2	4	4	2	2	3	3
4020	4	4	2	2	1	1	4	4	2	2	2	2	2	2	4	4	2	2	2	2	4	4	1	1	2	6	1	1	2	2	1	1	2	2	2	2	1	1	2	2	2	2	2	2	2	2	4	4	1	1	2	2	2	2	2	2	2	2	1	1	1	1	2	2	2	6	2	2	2	2	2	2	6	6	2	2	2	6	1	1	3	3	2	2	6	6	2	2	3	3
4030	2	4	2	2	1	1	4	4	2	2	2	2	2	2	5	4	2	2	2	2	4	4	1	1	2	6	1	1	2	2	1	1	2	2	2	2	1	1	2	2	2	2	2	2	2	2	4	4	1	1	2	2	2	2	2	2	2	2	1	1	1	1	2	2	3	7	2	2	2	2	2	2	2	6	2	2	2	2	1	1	3	3	3	3	2	2	2	2	3	3
4040	4	4	2	2	1	1	4	4	2	2	2	2	2	2	4	4	2	2	2	2	4	4	1	1	2	6	1	1	2	2	1	1	2	2	2	2	1	1	2	2	2	2	2	2	2	2	4	4	1	1	2	2	2	2	2	2	2	2	1	1	1	1	2	2	2	6	2	2	2	2	2	2	2	6	2	2	2	6	1	1	3	3	2	2	2	2	2	2	3	3
4050	4	4	2	2	1	1	4	4	2	2	2	2	2	2	4	4	2	2	2	2	4	4	1	1	2	6	1	1	2	2	3	1	2	2	2	2	1	1	2	2	2	2	2	2	2	2	4	4	1	1	2	2	2	2	2	2	2	2	1	1	1	1	2	2	2	6	2	2	2	2	2	2	2	6	2	2	3	7	3	3	3	3	2	2	3	2	2	2	3	3
4060	4	4	2	2	1	1	4	4	2	2	2	2	2	2	4	4	2	2	2	2	4	4	1	1	2	6	1	1	2	2	1	1	2	2	2	2	1	1	2	2	2	2	2	2	2	2	4	4	1	1	2	2	2	2	2	2	2	2	1	1	1	1	2	2	2	6	2	2	2	2	2	2	6	6	2	2	2	6	1	1	3	3	2	2	6	6	2	2	3	3
4070	4	4	2	2	1	1	4	4	2	2	2	2	2	2	4	4	2	2	2	2	4	4	1	1	6	6	1	1	2	2	1	1	2	2	2	2	1	1	2	2	2	2	2	2	2	2	4	4	1	1	2	2	2	2	2	2	2	2	1	1	1	1	6	6	6	6	6	6	2	2	2	2	6	6	2	2	6	6	1	1	6	7	6	6	6	6	2	2	6	6
4080	4	4	2	2	1	1	4	4	2	2	2	2	2	2	4	4	2	2	2	2	4	4	1	1	6	6	1	1	2	2	1	1	2	2	2	2	1	1	2	2	2	2	2	2	2	2	4	4	1	1	2	2	2	2	2	2	2	2	1	1	1	1	6	6	4	6	4	6	2	2	2	2	6	6	2	2	4	6	1	1	5	5	4	4	6	6	6	6	5	5
4090	4	4	2	2	1	1	4	4	2	2	2	2	2	2	4	4	2	2	2	2	4	4	1	1	6	6	1	1	2	2	1	1	2	2	2	2	1	1	2	2	2	2	2	2	2	2	4	4	1	1	2	2	2	2	2	2	2	2	1	1	1	1	6	6	6	6	6	6	2	2	2	2	6	6	2	2	6	6	1	1	6	7	6	6	6	6	2	2	6	6
4100	4	4	2	2	1	1	4	4	2	2	2	2	2	2	4	4	2	2	2	2	4	4	1	1	2	6	1	1	2	2	1	1	2	2	2	2	1	1	2	2	2	2	2	2	2	2	4	4	1	1	2	2	2	2	2	2	2	2	1	1	1	1	2	2	2	6	2	2	2	2	2	2	6	6	2	2	2	6	1	1	3	3	2	2	6	6	6	6	3	3
4110	4	4	2	2	1	1	4	4	2	2	2	2	2	2	4	4	2	2	2	2	4	4	1	1	2	6	1	1	2	2	1	1	2	2	2	2	1	1	2	2	2	2	2	2	2	2	4	4	1	1	2	2	2	2	2	2	2	2	1	1	1	1	2	2	2	6	2	2	2	2	2	2	6	6	2	2	2	6	1	1	3	3	2	2	6	6	2	2	3	3
4120	4	4	2	2	1	1	4	4	2	2	2	2	2	2	4	4	2	2	2	2	4	4	1	1	2	6	1	1	2	2	1	1	2	2	2	2	1	1	2	2	2	2	2	2	2	2	4	4	1	1	2	2	2	2	2	2	2	2	1	1	1	1	2	2	2	6	2	2	2	2	2	2	6	6	2	2	2	6	1	1	3	3	2	2	6	6	2	2	3	3
4130	4	4	2	2	1	1	4	4	2	2	2	2	2	2	4	4	2	2	2	2	4	4	1	1	2	6	1	1	2	2	1	1	2	2	2	2	1	1	2	2	2	2	2	2	2	2	4	4	1	1	2	2	2	2	2	2	2	2	1	1	1	1	2	2	6	6	2	2	2	2	2	2	6	6	2	2	6	6	1	1	4	7	6	6	6	6	2	2	6	6
4140	4	4	2	2	1	1	4	4	2	2	2	2	2	2	4	4	2	2	2	2	4	4	1	1	2	6	1	1	2	2	1	1	2	2	2	2	1	1	2	2	2	2	2	2	2	2	4	4	1	1	2	2	2	2	2	2	2	2	1	1	1	1	2	2	2	6	2	2	2	2	2	2	6	6	2	2	2	6	1	1	3	3	2	2	6	6	2	2	3	3
4150	4	4	2	2	1	1	4	4	2	2	2	2	2	2	4	4	2	2	2	2	4	4	1	1	6	6	1	1	2	2	1	1	2	2	2	2	1	1	2	2	2	2	2	2	2	2	4	4	1	1	2	2	2	2	2	2	2	2	1	1	1	1	6	6	6	6	6	6	2	2	2	2	6	6	2	2	6	6	1	1	6	7	6	6	6	6	2	2	6	6
4160	4	4	2	2	1	1	4	4	2	2	2	2	2	2	4	4	2	2	2	2	4	4	1	1	2	6	1	1	2	2	1	1	2	2	2	2	1	1	2	2	2	2	2	2	2	2	4	4	1	1	2	2	2	2	2	2	2	2	1	1	1	1	2	2	2	6	2	2	2	2	2	2	6	6	2	2	2	6	1	1	3	3	2	2	6	6	2	2	3	3
4170	4	4	2	2	1	1	4	4	2	2	2	2	2	2	4	4	2	2	2	2	4	4	1	1	6	6	1	1	2	2	5	1	2	2	2	2	1	1	2	2	2	2	2	2	2	2	4	4	1	1	2	2	2	2	2	2	2	2	1	1	1	1	6	6	6	6	6	6	2	2	2	2	6	6	2	2	4	6	4	5	4	4	4	6	6	6	2	2	4	4
4180	4	4	2	2	1	1	4	4	2	2	2	2	2	2	4	4	2	2	2	2	4	4	1	1	2	6	1	1	2	2	1	1	2	2	2	2	1	1	2	2	2	2	2	2	2	2	4	4	1	1	2	2	2	2	2	2	2	2	1	1	1	1	2	2	2	6	2	2	2	2	2	2	6	6	2	2	2	2	1	1	3	3	2	2	2	6	2	2	3	3
4190	4	4	2	2	1	1	4	4	2	2	2	2	2	2	4	4	2	2	2	2	4	4	1	1	2	6	1	1	2	2	1	1	2	2	2	2	1	1	2	2	2	2	2	2	2	2	4	4	1	1	2	2	2	2	2	2	2	2	1	1	1	1	2	2	2	6	2	2	2	2	2	2	6	6	2	2	2	6	1	1	3	3	2	2	6	6	6	6	3	3
4200	2	4	2	2	1	1	4	4	2	2	2	2	2	2	4	4	2	2	2	2	4	4	1	1	2	6	1	1	2	2	1	1	2	2	2	2	1	1	2	2	2	2	2	2	2	2	4	4	1	1	2	2	2	2	2	2	2	2	1	1	1	1	2	2	6	6	2	2	2	2	2	2	2	6	2	2	2	2	1	1	2	3	2	6	2	2	2	2	2	2
4210	6	4	2	2	1	1	4	4	2	2	2	2	2	2	4	4	2	2	2	2	4	4	1	1	2	6	1	1	2	2	1	1	2	2	2	2	1	1	2	2	2	2	2	2	2	2	4	4	1	1	2	2	2	2	2	2	2	2	1	1	1	1	2	2	6	6	2	2	2	2	2	2	2	6	2	2	2	6	1	1	3	3	2	6	2	2	2	2	3	3
4220	6	4	2	2	1	1	4	4	2	2	2	2	2	2	4	4	2	2	2	2	4	4	1	1	2	6	1	1	2	2	1	1	2	2	2	2	1	1	2	2	2	2	2	2	2	2	4	4	1	1	2	2	2	2	2	2	2	2	1	1	1	1	2	2	2	6	2	2	2	2	2	2	6	6	2	2	2	6	1	1	3	3	2	2	6	6	6	6	3	3
4230	4	4	2	2	1	1	4	4	2	2	2	2	2	2	4	4	2	2	2	2	4	4	1	1	2	6	1	1	2	2	1	1	2	2	2	2	1	1	2	2	2	2	2	2	2	2	4	4	1	1	2	2	2	2	2	2	2	2	1	1	1	1	2	2	2	6	2	2	2	2	2	2	2	6	2	2	3	6	1	1	3	3	2	2	6	6	2	2	3	3
4240	4	4	2	2	1	1	4	4	2	2	2	2	2	2	4	4	2	2	2	2	4	4	1	1	6	6	1	1	2	2	1	1	2	2	2	2	1	1	2	2	2	2	2	2	2	2	4	4	1	1	2	2	2	2	2	2	2	2	1	1	1	1	2	6	6	6	2	2	2	2	2	2	6	6	2	2	2	6	1	1	3	3	2	6	6	6	2	2	3	3
4250	4	4	2	2	1	1	4	4	2	2	2	2	2	2	4	4	2	2	2	2	4	4	1	1	2	6	1	1	2	2	1	1	2	2	2	2	1	1	2	2	2	2	2	2	2	2	4	4	1	1	2	2	2	2	2	2	2	2	1	1	1	1	2	2	2	6	2	2	2	2	2	2	6	6	2	2	2	6	1	1	3	3	2	2	6	6	2	2	3	3
4260	4	4	2	2	1	1	4	4	2	2	2	2	2	2	4	4	2	2	2	2	4	4	1	1	2	6	1	1	2	2	1	1	2	2	2	2	1	1	2	2	2	2	2	2	2	2	4	4	1	1	2	2	2	2	2	2	2	2	1	1	1	1	2	2	2	6	2	2	2	2	2	2	6	6	2	2	6	6	1	1	2	3	2	2	6	6	2	2	6	6
4270	4	4	2	2	1	1	4	4	2	2	2	2	2	2	4	4	2	2	2	2	4	4	1	1	2	6	1	1	2	2	1	1	2	2	2	2	1	1	2	2	2	2	2	2	2	2	4	4	1	1	2	2	2	2	2	2	2	2	1	1	1	1	2	2	6	6	2	2	2	2	2	2	6	6	2	2	4	4	1	1	5	7	6	6	4	6	2	2	5	5
4280	4	4	2	2	1	1	4	4	2	2	2	2	2	2	4	4	2	2	2	2	4	4	1	1	2	6	1	1	2	2	1	1	2	2	2	2	1	1	2	2	2	2	2	2	2	2	4	4	1	1	2	2	2	2	2	2	2	2	1	1	1	1	2	2	2	6	2	2	2	2	2	2	6	6	2	2	2	6	1	1	3	3	2	2	6	6	2	2	3	3
4290	4	4	2	2	1	1	4	4	2	2	2	2	2	2	4	4	2	2	2	2	4	4	1	1	2	6	1	1	2	2	1	1	2	2	2	2	1	1	2	2	2	2	2	2	2	2	4	4	1	1	2	2	2	2	2	2	2	2	1	1	1	1	2	2	2	6	2	2	2	2	2	2	6	6	2	2	2	6	1	1	3	3	2	2	6	6	2	2	3	3
4300	4	4	2	2	1	1	4	4	2	2	2	2	2	2	4	4	2	2	2	2	4	4	1	1	2	6	1	1	2	2	1	1	2	2	2	2	1	1	2	2	2	2	2	2	2	2	4	4	1	1	2	2	2	2	2	2	2	2	1	1	1	1	2	2	2	6	2	2	2	2	2	2	2	6	2	2	2	6	1	1	3	3	2	2	6	6	2	2	3	3
4310	4	4	2	2	1	1	4	4	2	2	2	2	2	2	4	4	2	2	2	2	4	4	1	1	2	6	1	1	2	2	1	1	2	2	2	2	1	1	2	2	2	2	2	2	2	2	4	4	1	1	2	2	2	2	2	2	2	2	1	1	1	1	2	2	2	6	2	2	2	2	2	2	6	6	2	2	2	6	1	1	3	3	2	2	6	6	2	2	3	3
4320	4	4	2	2	1	1	4	4	2	2	2	2	2	2	4	4	2	2	2	2	4	4	1	1	2	6	1	1	2	2	1	1	2	2	2	2	1	1	2	2	2	2	2	2	2	2	4	4	1	1	2	2	2	2	2	2	2	2	1	1	1	1	2	2	2	6	2	2	2	2	2	2	6	6	2	2	2	6	1	1	3	3	2	2	6	6	2	2	3	3
4330	2	4	2	2	1	1	4	4	2	2	2	2	2	2	4	4	2	2	2	2	4	4	1	1	6	6	1	1	2	2	1	1	2	2	2	2	1	1	2	2	2	2	2	2	2	2	4	4	1	1	2	2	2	2	2	2	2	2	1	1	1	1	6	6	4	6	4	6	2	2	2	2	6	6	2	2	4	6	1	1	5	5	4	4	2	2	2	2	5	5
4340	4	4	2	2	1	1	4	4	2	2	2	2	2	2	4	4	2	2	6	2	4	4	1	1	6	6	1	1	2	2	1	1	2	2	2	2	1	1	6	2	2	2	2	2	2	2	4	4	1	1	2	2	2	2	2	2	2	2	1	1	1	1	6	6	6	6	6	6	2	2	2	2	6	6	2	2	6	6	1	1	6	7	6	6	6	6	2	2	6	6
4350	4	4	2	2	1	1	4	4	2	2	2	2	2	2	4	4	2	2	2	2	4	4	1	1	6	6	1	1	2	2	1	1	2	2	2	2	1	1	2	2	2	2	2	2	2	2	4	4	1	1	2	2	2	2	2	2	2	2	1	1	1	1	6	6	6	6	6	6	2	2	2	2	6	6	2	2	6	6	1	1	6	7	6	6	6	6	2	2	6	6
4360	4	4	2	2	1	1	4	4	2	2	2	2	2	2	4	4	2	2	2	2	4	4	1	1	6	6	1	1	2	2	1	1	2	2	2	2	1	1	2	2	2	2	2	2	2	2	4	4	1	1	2	2	2	2	2	2	2	2	1	1	1	1	6	6	6	6	6	6	2	2	2	2	6	6	2	2	4	6	1	1	5	5	4	6	6	6	2	2	5	5
4370	6	4	2	2	1	1	4	4	2	2	2	2	2	2	4	4	2	2	2	2	4	4	1	1	6	6	1	1	2	2	1	1	2	2	2	2	1	1	2	2	2	2	2	2	2	2	4	4	1	1	2	2	2	2	2	2	2	2	1	1	1	1	6	6	6	6	6	6	2	2	2	2	6	6	2	2	6	6	1	1	6	7	6	6	6	6	2	2	6	6
4380	4	4	2	2	1	1	4	4	2	2	2	2	2	2	4	4	2	2	2	2	4	4	1	1	2	6	1	1	2	2	1	1	2	2	2	2	1	1	2	2	2	2	2	2	2	2	4	4	1	1	2	2	2	2	2	2	2	2	1	1	1	1	2	2	2	6	2	2	2	2	2	2	6	6	2	2	2	6	1	1	3	3	2	2	6	6	2	2	3	3
4390	4	4	2	2	1	1	4	4	2	2	2	2	2	2	2	4	2	2	2	2	4	4	1	1	2	6	1	1	2	2	1	1	2	2	2	2	1	1	2	2	2	2	2	2	2	2	4	4	1	1	2	2	2	2	2	2	2	2	1	1	1	1	2	2	2	2	2	2	2	2	2	2	6	6	2	2	2	6	1	1	3	3	2	2	6	6	2	2	3	3
4400	2	4	2	2	1	1	4	4	2	2	2	2	2	2	4	4	2	2	2	2	4	4	1	1	2	6	1	1	2	2	1	1	2	2	2	2	1	1	2	2	2	2	2	2	2	2	4	4	1	1	2	2	2	2	2	2	2	2	1	1	1	1	2	2	2	6	2	2	2	2	2	2	2	6	2	2	2	2	1	1	3	3	2	2	2	2	2	2	3	3
4410	2	4	2	2	1	1	4	4	2	2	2	2	2	2	4	4	2	2	2	2	4	4	1	1	2	6	1	1	2	2	1	1	2	2	2	2	1	1	2	2	2	2	2	2	2	2	4	4	1	1	2	2	2	2	2	2	2	2	1	1	1	1	2	2	2	6	2	2	2	2	2	2	2	6	2	2	2	2	1	1	3	3	2	2	2	2	2	2	3	3
4420	4	4	2	2	1	1	4	4	2	2	2	2	6	2	2	4	2	2	2	2	4	4	1	1	2	6	1	1	2	2	1	1	2	2	2	2	1	1	2	2	2	2	2	2	2	2	4	4	1	1	2	2	2	2	2	2	2	2	1	1	1	1	2	2	2	2	2	2	2	2	2	2	6	6	2	2	2	6	1	1	3	3	2	2	6	6	6	6	3	3
4430	4	4	2	2	1	1	4	4	2	2	2	2	2	2	4	4	2	2	6	2	4	4	1	1	4	6	1	1	2	2	1	1	2	2	2	2	1	1	2	2	2	2	2	2	2	2	4	4	1	1	2	2	2	2	2	2	2	2	1	1	1	1	6	6	6	6	6	6	2	2	2	2	6	6	2	2	6	6	1	1	6	7	6	6	6	6	6	6	6	6
4440	4	4	2	2	1	1	4	4	2	2	2	2	2	2	4	4	2	2	2	2	4	4	1	1	2	6	1	1	2	2	1	1	2	2	2	2	1	1	2	2	2	2	2	2	2	2	4	4	1	1	2	2	2	2	2	2	2	2	1	1	1	1	2	2	2	6	2	2	2	2	2	2	2	6	2	2	2	2	1	1	3	3	2	2	2	2	2	6	3	3
4450	4	4	2	2	1	1	4	4	2	2	2	2	2	2	4	4	2	2	2	2	4	4	1	1	2	6	1	1	2	2	1	1	2	2	2	2	1	1	2	2	2	2	2	2	2	2	4	4	1	1	2	2	2	2	2	2	2	2	1	1	1	1	2	2	2	6	2	2	2	2	2	2	2	6	2	2	2	6	1	1	3	3	2	2	2	2	6	6	3	3
4460	4	4	2	2	1	1	4	4	2	2	2	2	2	2	4	4	2	2	2	2	4	4	1	1	2	6	1	1	2	2	1	1	2	2	2	2	1	1	2	2	2	2	2	2	2	2	4	4	1	1	2	2	2	2	2	2	2	2	1	1	1	1	2	2	2	6	2	2	2	2	2	2	2	6	2	2	2	6	1	1	3	3	2	2	6	6	2	2	3	3
4470	6	4	2	2	1	1	4	4	2	2	2	2	2	2	4	4	2	2	2	2	4	4	1	1	2	6	1	1	2	2	1	1	2	2	2	2	1	1	2	2	2	2	2	2	2	2	4	4	1	1	2	2	2	2	2	2	2	2	1	1	1	1	2	2	2	6	2	2	2	2	2	2	6	6	2	2	2	6	1	1	3	3	2	2	6	6	2	2	3	3
4480	4	4	2	2	1	1	4	4	2	2	2	2	2	2	4	4	2	2	2	2	4	4	1	1	2	6	1	1	2	2	1	1	2	2	2	2	1	1	2	2	2	2	2	2	2	2	4	4	1	1	2	2	2	2	2	2	2	2	1	1	1	1	2	2	2	6	2	2	2	2	2	2	6	6	2	2	2	2	1	1	3	3	2	2	2	6	2	2	3	3
4490	4	4	2	2	1	1	4	4	2	2	2	2	2	2	4	4	2	2	2	2	4	4	1	1	2	6	1	1	2	2	1	1	2	2	2	2	1	1	2	2	2	2	2	2	2	2	4	4	1	1	2	2	2	2	2	2	2	2	1	1	1	1	2	2	2	6	2	2	2	2	2	2	6	6	2	2	2	6	1	1	1	3	2	2	6	6	2	2	3	3
4500	4	4	2	2	1	1	4	4	2	2	2	2	2	2	4	4	2	2	2	2	4	4	1	1	2	6	1	1	2	2	1	1	2	2	2	2	1	1	2	2	2	2	2	2	2	2	4	4	1	1	2	2	2	2	2	2	2	2	1	1	1	1	2	2	2	6	2	2	2	2	2	2	6	6	2	2	2	6	1	1	3	3	2	2	6	6	2	2	3	3
4510	4	4	2	2	1	1	4	4	2	2	2	2	2	2	4	4	2	2	2	2	4	4	1	1	2	6	1	1	2	2	1	1	2	2	2	2	1	1	2	2	2	2	2	2	2	2	4	4	1	1	2	2	2	2	2	2	2	2	1	1	1	1	2	2	2	6	2	2	2	2	2	2	6	6	2	2	3	6	1	1	3	3	2	2	6	6	2	2	3	3
4520	2	4	2	2	1	1	4	4	2	2	2	2	2	2	4	4	2	2	2	2	4	4	1	1	2	6	1	1	2	2	1	1	2	2	2	2	1	1	2	2	2	2	2	2	2	2	4	4	1	1	2	2	2	2	2	2	2	2	1	1	1	1	2	2	2	6	2	2	2	2	2	2	3	6	2	2	3	3	1	1	3	3	2	2	2	2	2	2	3	3
4530	4	4	2	2	1	1	4	4	2	2	2	2	2	2	4	4	2	2	2	2	4	4	1	1	2	6	1	1	2	2	1	1	2	2	2	2	1	1	2	2	2	2	2	2	2	2	4	4	1	1	2	2	2	2	2	2	2	2	1	1	1	1	2	2	2	6	2	2	2	2	2	2	6	6	2	2	2	6	1	1	3	3	2	2	6	6	2	2	3	3
4540	4	4	2	2	1	1	4	4	2	2	2	2	2	2	4	4	2	2	2	2	4	4	1	1	2	6	1	1	2	2	1	1	2	2	2	2	1	1	2	2	2	2	2	2	2	2	4	4	1	1	2	2	2	2	2	2	2	2	1	1	1	1	2	2	2	6	2	2	2	2	2	2	6	6	2	2	2	6	1	1	2	2	2	2	6	6	2	2	3	3
4550	4	4	2	2	1	1	4	4	2	2	2	2	2	2	4	4	2	2	2	2	4	4	1	1	2	6	1	1	2	2	1	1	2	2	2	2	1	1	2	2	2	2	2	2	2	2	4	4	1	1	2	2	2	2	2	2	2	2	1	1	1	1	2	2	2	6	2	2	2	2	2	2	6	6	2	2	2	6	1	1	2	2	2	2	6	6	2	2	3	3
4560	4	4	2	2	1	1	4	4	2	2	2	2	2	2	4	4	2	2	2	2	4	4	1	1	2	6	1	1	2	2	1	1	2	2	2	2	1	1	2	2	2	2	2	2	2	2	4	4	1	1	2	2	2	2	2	2	2	2	1	1	1	1	2	2	2	6	2	2	2	2	2	2	6	6	2	2	2	6	1	1	2	2	2	2	6	6	2	2	3	3
4570	4	4	2	2	1	1	4	4	2	2	2	2	2	2	4	4	2	2	2	2	4	4	1	1	2	6	1	1	2	2	1	1	2	2	2	2	1	1	2	2	2	2	2	2	2	2	4	4	1	1	2	2	2	2	2	2	2	2	1	1	1	1	2	2	2	6	2	2	2	2	2	2	6	6	2	2	2	6	1	1	3	3	2	2	6	6	2	2	3	3
4580	4	4	2	2	1	1	4	4	2	2	2	2	2	2	4	4	2	2	2	2	4	4	1	1	2	6	1	1	2	2	1	1	2	2	2	2	1	1	2	2	2	2	2	2	2	2	4	4	1	1	2	2	2	2	2	2	2	2	1	1	1	1	2	2	2	6	2	2	2	2	2	2	6	6	2	2	2	6	1	1	3	3	2	2	6	6	2	2	3	3
4590	4	4	2	2	1	1	4	4	2	2	2	2	2	2	4	4	2	2	2	2	4	4	1	1	6	6	1	1	2	2	1	1	2	2	2	2	1	1	2	2	2	2	2	2	2	2	4	4	1	1	2	2	2	2	2	2	2	2	1	1	1	1	6	6	6	6	6	6	2	2	2	2	6	6	2	2	2	6	1	1	3	3	2	6	6	6	2	2	3	3
4600	4	4	2	2	1	1	4	4	2	2	2	2	2	2	4	4	2	2	2	2	4	4	1	1	2	6	1	1	2	2	1	1	2	2	2	2	1	1	2	2	2	2	2	2	2	2	4	4	1	1	2	2	2	2	2	2	2	2	1	1	1	1	2	2	2	6	2	2	2	2	2	2	2	6	2	2	2	2	1	1	3	3	2	2	2	2	2	6	3	3
4610	4	4	2	2	1	1	4	4	2	2	2	2	2	2	4	4	2	2	2	2	4	4	1	1	2	6	1	1	2	2	1	1	2	2	2	2	1	1	2	2	2	2	2	2	2	2	4	4	1	1	2	2	2	2	2	2	2	2	1	1	1	1	2	2	2	6	2	2	2	2	2	2	6	6	2	2	2	6	1	1	3	3	2	2	6	6	6	6	3	3
4620	4	4	2	2	1	1	4	4	2	2	2	2	2	2	4	4	2	2	2	2	4	4	1	1	2	6	1	1	2	2	1	1	2	2	2	2	1	1	2	2	2	2	2	2	2	2	4	4	1	1	2	2	2	2	2	2	2	2	1	1	1	1	2	2	2	6	2	2	2	2	2	2	2	6	2	2	2	2	1	1	3	3	2	2	2	2	2	6	3	3
4630	4	4	2	2	1	1	4	4	2	2	2	2	2	2	4	4	2	2	2	2	4	4	1	1	2	6	1	1	2	2	1	1	2	2	2	2	1	1	2	2	2	2	2	2	2	2	4	4	1	1	2	2	2	2	2	2	2	2	1	1	1	1	2	2	2	6	2	2	2	2	2	2	6	6	2	2	2	6	1	1	3	3	2	2	6	6	6	6	3	3
4640	4	4	2	2	1	1	4	4	2	2	2	2	2	2	4	4	2	2	2	2	4	4	1	1	2	6	1	1	2	2	1	1	2	2	2	2	1	1	2	2	2	2	2	2	2	2	4	4	1	1	2	2	2	2	2	2	6	2	1	1	1	1	2	2	2	6	2	2	2	2	2	2	2	6	2	2	2	6	1	1	3	3	2	2	2	2	6	6	3	3
4650	4	4	2	2	1	1	4	4	2	2	2	2	2	2	4	4	2	2	2	2	4	4	1	1	6	6	1	1	2	2	1	1	2	2	2	2	1	1	2	2	2	2	2	2	2	2	4	4	1	1	2	2	2	2	2	2	2	2	1	1	1	1	2	6	6	6	2	2	2	2	2	2	2	6	2	2	2	2	1	1	3	3	2	6	2	6	2	2	3	3
4660	4	4	2	2	1	1	4	4	2	2	2	2	2	2	4	4	2	2	2	2	4	4	1	1	2	6	1	1	2	2	1	1	2	2	2	2	1	1	2	2	2	2	2	2	2	2	4	4	1	1	2	2	2	2	2	2	2	2	1	1	1	1	2	2	2	6	2	2	2	2	2	2	2	6	2	2	2	6	1	1	3	3	2	2	2	2	2	2	3	3
4670	6	4	2	2	1	1	4	4	2	2	2	2	2	2	4	4	2	2	2	2	4	4	1	1	2	6	1	1	2	2	1	1	2	2	2	2	1	1	2	2	2	2	2	2	2	2	4	4	1	1	2	2	2	2	2	2	2	2	1	1	1	1	2	2	2	6	2	2	2	2	2	2	6	6	2	2	2	2	1	1	3	3	2	2	2	6	2	2	3	3
4680	4	4	2	2	1	1	4	4	2	2	2	2	2	2	4	4	2	2	2	2	4	4	1	1	2	6	1	1	2	2	1	1	2	2	2	2	1	1	2	2	2	2	2	2	2	2	4	4	1	1	2	2	2	2	2	2	2	2	1	1	1	1	2	2	2	6	2	2	2	2	2	2	6	6	2	2	2	2	1	1	3	3	2	2	2	6	2	2	3	3
4690	4	4	2	2	1	1	4	4	2	2	2	2	2	2	4	4	2	2	2	2	4	4	1	1	2	6	1	1	2	2	1	1	2	2	2	2	1	1	2	2	2	2	2	2	2	2	4	4	1	1	2	2	2	2	2	2	2	2	1	1	1	1	2	2	2	6	2	2	2	2	2	2	6	6	2	2	2	2	1	1	3	3	2	2	2	6	2	2	3	3
4700	4	4	2	2	1	1	4	4	2	2	2	2	2	2	4	4	2	2	2	2	4	4	1	1	2	6	1	1	2	2	1	1	2	2	2	2	1	1	2	2	2	2	2	2	2	2	4	4	1	1	2	2	2	2	2	2	2	2	1	1	1	1	2	2	6	6	2	2	2	2	2	2	6	6	2	2	2	6	1	1	3	3	2	6	2	2	6	6	3	3
4710	4	4	2	2	1	1	4	4	2	2	2	2	2	2	2	4	2	2	2	2	4	4	1	1	2	6	1	1	2	2	1	1	2	2	2	2	1	1	2	2	2	2	2	2	2	2	4	4	1	1	2	2	2	2	2	2	2	2	1	1	1	1	2	2	2	2	2	2	2	2	2	2	2	6	2	2	2	2	1	1	3	3	2	2	2	2	2	6	3	3
4720	4	4	2	2	1	1	4	4	2	2	2	2	2	2	4	4	2	2	2	2	4	4	1	1	2	6	1	1	2	2	1	1	2	2	2	2	1	1	2	2	2	2	2	2	2	2	4	4	1	1	2	2	2	2	2	2	2	2	1	1	1	1	2	2	2	6	2	2	2	2	2	2	2	6	2	2	2	6	1	1	3	3	2	2	2	2	2	2	3	3
4730	4	4	2	2	1	1	4	4	2	2	2	2	2	2	4	4	2	2	2	2	4	4	1	1	2	6	1	1	2	2	1	1	2	2	2	2	1	1	2	2	2	2	2	2	2	2	4	4	1	1	2	2	2	2	2	2	2	2	1	1	1	1	2	2	2	6	2	2	2	2	2	2	4	6	2	2	2	6	1	1	3	3	2	2	2	2	4	4	3	3
4740	2	4	2	2	1	1	4	4	2	2	2	2	2	2	4	4	2	2	2	2	4	4	1	1	2	6	1	1	2	2	1	1	2	2	2	2	1	1	2	2	2	2	2	2	2	2	4	4	1	1	2	2	2	2	2	2	2	2	1	1	1	1	2	2	6	6	2	2	2	2	2	2	2	6	2	2	2	2	1	1	3	3	2	6	2	2	2	2	3	3
4750	4	4	2	2	1	1	4	4	2	2	2	2	2	2	4	4	2	2	2	2	4	4	1	1	2	6	1	1	2	2	1	1	2	2	2	2	1	1	2	2	2	2	2	2	2	2	4	4	1	1	2	2	2	2	2	2	2	2	1	1	1	1	2	2	2	6	2	2	2	2	2	2	6	6	2	2	2	6	1	1	3	3	2	2	6	6	2	2	3	3
4760	4	4	2	2	1	1	4	4	2	2	2	2	2	2	4	4	2	2	2	2	4	4	1	1	2	6	1	1	2	2	1	1	2	2	2	2	1	1	2	2	2	2	2	2	2	2	4	4	1	1	2	2	2	2	2	2	2	2	1	1	1	1	2	2	2	6	2	2	2	2	2	2	6	6	2	2	2	6	1	1	3	3	2	2	6	6	2	2	3	3
4770	5	4	2	2	1	1	4	4	2	2	2	2	2	2	4	4	2	2	2	2	4	4	1	1	2	6	1	1	2	2	1	1	2	2	2	2	1	1	2	2	2	2	2	2	2	2	4	4	1	1	2	2	2	2	2	2	2	2	1	1	1	1	2	2	2	6	2	2	2	2	2	2	2	6	2	2	3	7	1	1	3	3	2	2	2	2	2	2	3	3
4780	4	4	2	2	1	1	4	4	2	2	2	2	2	2	4	4	2	2	2	2	4	4	1	1	2	6	1	1	2	2	1	1	2	2	2	2	1	1	2	2	2	2	2	2	2	2	4	4	1	1	2	2	2	2	2	2	2	2	1	1	1	1	2	2	2	6	2	2	2	2	2	2	2	6	2	2	2	2	1	1	3	3	2	2	2	6	2	2	3	3
4790	4	4	2	2	1	1	4	4	2	2	2	2	2	2	4	4	2	2	2	2	4	4	1	1	2	6	1	1	2	2	1	1	2	2	2	2	1	1	2	2	2	2	2	2	2	2	4	4	1	1	2	2	2	2	2	2	2	2	1	1	1	1	2	2	2	6	2	2	2	2	2	2	6	6	2	2	2	2	1	1	3	3	2	2	2	2	2	6	3	3
4800	2	4	2	2	1	1	4	4	2	2	2	2	2	2	4	4	2	2	2	2	4	4	1	1	2	6	1	1	2	2	1	1	2	2	2	2	1	1	2	2	2	2	2	2	2	2	4	4	1	1	2	2	2	2	2	2	2	2	1	1	1	1	2	2	2	6	2	2	2	2	2	2	2	6	2	2	2	2	1	1	3	3	2	2	2	2	2	2	3	3
4810	4	4	2	2	1	1	4	4	2	2	2	2	2	2	4	4	2	2	2	2	4	4	1	1	2	6	1	1	2	2	1	1	2	2	2	2	1	1	2	2	2	2	2	2	2	2	4	4	1	1	2	2	2	2	2	2	2	2	1	1	1	1	2	2	2	6	2	2	2	2	2	2	6	6	2	2	2	2	1	1	3	3	2	2	2	2	2	6	3	3
4820	4	4	2	2	1	1	4	4	2	2	2	2	2	2	4	4	2	2	2	2	4	4	1	1	2	6	1	1	2	2	1	1	2	2	2	2	1	1	2	2	2	2	2	2	2	2	4	4	1	1	2	2	2	2	2	2	2	2	1	1	1	1	2	2	2	6	2	2	2	2	2	2	6	6	2	2	2	6	1	1	3	3	2	2	2	2	6	6	3	3
4830	2	4	2	2	1	1	4	4	2	2	2	2	2	2	4	4	2	2	2	2	4	4	1	1	2	6	1	1	2	2	1	1	2	2	2	2	1	1	2	2	2	2	2	2	2	2	4	4	1	1	2	2	2	2	2	2	2	2	1	1	1	1	2	2	2	6	2	2	2	2	2	2	2	6	2	2	2	2	1	1	3	3	2	2	2	2	2	2	3	3
4840	4	4	2	2	1	1	4	4	2	2	2	2	2	2	4	4	2	2	2	2	4	4	1	1	2	6	1	1	2	2	1	1	2	2	2	2	1	1	2	2	2	2	2	2	2	2	4	4	1	1	2	2	2	2	2	2	2	2	1	1	1	1	2	2	2	6	2	2	2	2	2	2	6	6	2	2	3	6	1	1	3	3	2	2	2	2	6	6	3	3
4850	4	4	2	2	1	1	4	4	2	2	2	2	2	2	4	4	2	2	2	2	4	4	1	1	6	6	1	1	2	2	1	1	2	2	2	2	1	1	2	2	2	2	2	2	2	2	4	4	1	1	2	2	2	2	2	2	2	2	1	1	1	1	6	6	6	6	6	6	2	2	2	2	6	6	2	2	4	6	1	1	5	7	6	6	2	2	6	6	5	5
4860	4	4	2	2	1	1	4	4	2	2	2	2	2	2	4	4	2	2	2	2	4	4	1	1	2	6	1	1	2	2	1	1	2	2	6	2	1	1	2	2	2	2	2	2	2	2	4	4	1	1	6	6	2	2	2	2	2	2	1	1	1	1	2	2	2	6	2	2	2	2	2	2	6	6	2	2	3	6	1	1	3	3	2	2	2	2	6	6	3	3
4870	4	4	2	2	1	1	4	4	2	2	2	2	2	2	4	4	2	2	2	2	4	4	1	1	2	6	1	1	2	2	1	1	2	2	2	2	1	1	2	2	2	2	2	2	2	2	4	4	1	1	2	2	2	2	2	2	2	2	1	1	1	1	2	2	2	6	2	2	2	2	2	2	6	6	2	2	2	6	1	1	3	3	2	2	2	2	6	6	3	3
4880	4	4	2	2	1	1	4	4	2	2	2	2	2	2	2	4	2	2	2	2	4	4	1	1	6	6	1	1	2	2	1	1	2	2	2	2	1	1	2	2	2	2	2	2	2	2	4	4	1	1	2	2	2	2	2	2	2	2	1	1	1	1	2	6	2	2	2	2	2	2	2	2	6	6	2	2	2	6	1	1	3	3	2	2	2	2	6	6	3	3
4890	4	4	2	2	1	1	4	4	2	2	2	2	2	2	4	4	2	2	2	2	4	4	1	1	6	6	1	1	2	2	1	1	2	2	2	2	1	1	2	2	2	2	2	2	2	2	4	4	1	1	2	2	2	2	2	2	2	2	1	1	1	1	6	6	6	6	6	6	2	2	2	2	6	6	2	2	4	6	1	1	5	5	4	6	2	2	6	6	5	5
4900	4	4	2	2	1	1	4	4	2	2	2	2	2	2	4	4	2	2	2	2	4	4	1	1	2	6	1	1	2	2	1	1	2	2	2	2	1	1	2	2	2	2	2	2	2	2	4	4	1	1	2	2	2	2	2	2	2	2	1	1	1	1	2	2	2	6	2	2	2	2	2	2	6	6	2	2	2	6	1	1	3	3	2	2	2	2	6	6	3	3
4910	4	4	2	2	1	1	4	4	2	2	2	2	2	2	4	4	2	2	2	2	4	4	1	1	2	6	1	1	2	2	1	1	2	2	2	2	1	1	2	2	2	2	2	2	2	2	4	4	1	1	2	2	2	2	2	2	2	2	1	1	1	1	2	2	2	6	2	2	2	2	2	2	2	6	2	2	4	6	1	1	2	3	2	2	2	2	2	2	6	6
4920	4	4	2	2	1	1	4	4	2	2	2	2	2	2	4	4	2	2	2	2	4	4	1	1	6	6	1	1	2	2	1	1	2	2	2	2	1	1	2	2	2	2	2	2	2	2	4	4	1	1	2	2	2	2	2	2	2	2	1	1	1	1	6	6	6	6	6	6	2	2	2	2	6	6	2	2	4	6	1	1	5	5	4	6	6	6	6	6	5	5
4930	4	4	2	2	1	1	4	4	2	2	2	2	2	2	4	4	2	2	2	2	4	4	1	1	2	6	1	1	2	2	1	1	2	2	2	2	1	1	2	2	2	2	2	2	2	2	4	4	1	1	2	2	2	2	2	2	2	2	1	1	1	1	2	2	2	6	2	2	2	2	2	2	6	6	2	2	2	2	1	1	3	3	2	2	6	6	2	6	3	3
4940	2	4	2	2	1	1	4	4	2	2	2	2	2	2	4	4	2	2	2	2	4	4	1	1	2	6	1	1	2	2	1	1	2	2	2	2	1	1	2	2	2	2	2	2	2	2	4	4	1	1	2	2	2	2	2	2	2	2	1	1	1	1	2	2	6	6	2	2	2	2	2	2	2	6	2	2	2	2	1	1	3	3	2	6	2	2	2	2	3	3
4950	4	4	2	2	1	1	4	4	2	2	2	2	2	2	4	4	2	2	2	2	4	4	1	1	2	6	1	1	2	2	1	1	2	2	2	2	1	1	2	2	2	2	2	2	2	2	4	4	1	1	2	2	2	2	2	2	2	2	1	1	1	1	2	2	2	6	2	2	2	2	2	2	6	6	2	2	2	6	1	1	3	3	2	2	6	6	6	6	3	3
4960	4	4	2	2	1	1	4	4	2	2	2	2	2	2	4	4	2	2	2	2	4	4	1	1	6	6	1	1	2	2	1	1	2	2	2	2	1	1	2	2	2	2	2	2	2	2	4	4	1	1	2	2	2	2	2	2	2	2	1	1	1	1	6	6	6	6	6	6	2	2	2	2	6	6	2	2	2	6	1	1	3	3	2	6	6	6	6	6	3	3
4970	4	4	2	2	1	1	4	4	2	2	2	2	2	2	4	4	2	2	2	2	4	4	1	1	2	6	1	1	2	2	1	1	2	2	2	2	1	1	2	2	2	2	2	2	2	2	4	4	1	1	2	2	2	2	2	2	2	2	1	1	1	1	2	2	2	6	2	2	2	2	2	2	2	6	2	2	2	2	1	1	3	3	2	2	2	6	2	2	3	3
4980	4	4	2	2	1	1	4	4	2	2	2	2	2	2	4	4	2	2	2	2	4	4	1	1	2	6	1	1	2	2	1	1	2	2	2	2	1	1	2	2	2	2	2	2	2	2	4	4	1	1	2	2	2	2	2	2	2	2	1	1	1	1	2	2	2	6	2	2	2	2	2	2	6	6	2	2	2	2	1	1	3	3	2	2	2	6	2	2	3	3
4990	4	4	2	2	1	1	4	4	2	2	2	2	2	2	4	4	2	2	2	2	4	4	1	1	2	6	1	1	2	2	1	1	2	2	2	2	1	1	2	2	2	2	2	2	2	2	4	4	1	1	2	2	2	2	2	2	2	2	1	1	1	1	2	2	2	6	2	2	2	2	2	2	6	6	2	2	2	2	1	1	3	3	2	2	2	6	2	2	3	3
5000	4	4	2	2	1	1	4	4	2	2	2	2	2	2	4	4	2	2	2	2	4	4	1	1	2	6	1	1	2	2	1	1	2	2	2	2	1	1	2	2	2	2	2	2	2	2	4	4	1	1	2	2	2	2	2	2	2	2	1	1	1	1	2	2	2	6	2	2	2	2	2	2	2	6	2	2	2	6	1	1	3	3	2	2	2	2	2	2	3	3
