#NEXUS

Begin phylowood;
	drawtype pie
	modeltype biogeography
	areatype discrete
	maptype clean
	pieslicestyle even
	piefillstyle outwards
	timestart -78.1889
	markerradius 200
	minareaval 0.1
End;

Begin bayarea-fig;
	mapheight	100
	mapwidth	150
	canvasheight	2000
	canvaswidth	1000
	minareaval	0.15
	areacolors black
	areatypes 1 1 1 1 1 1 1 1 1 1 1 1 1 1 1 1 1 1 1 1 1 1 1 1 1
	areanames Default
End;

Begin taxa;
	Dimensions ntax=23;
	Taxlabels
		Pan_paniscus
		Hylobates_lar
		Colobus_guereza
		Macaca_mulatta
		Chlorocebus_aethiops
		Callicebus_donacophilus
		Saimiri_sciureus
		Cebus_albifrons
		Aotus_trivirgatus
		Alouatta_palliata
		Tarsius_syrichta
		Propithecus_coquereli
		Varecia_variegata_variegata
		Lemur_catta
		Lepilemur_hubbardorum
		Microcebus_murinus
		Cheirogaleus_major
		Daubentonia_madagascariensis
		Nycticebus_coucang
		Loris_tardigradus
		Perodicticus_potto
		Otolemur_crassicaudatus
		Galago_senegalensis
		;
End;

Begin geo;
	Dimensions ngeo=25;
	Coords
		0	0	-70,
		1	-25	-50,
		2	-45	-60,
		3	60	-125,
		4	40	-80,
		5	60	-70,
		6	25	-105,
		7	70	-40,
		8	50	5,
		9	45	65,
		10	40	90,
		11	20	105,
		12	70	150,
		13	10	-5,
		14	-25	25,
		15	0	35,
		16	25	35,
		17	-20	125,
		18	-30	145,
		19	20	80,
		20	-20	47,
		21	-70	-40,
		22	-70	65,
		23	0	120,
		24	42	174
		;
End;

Begin trees;
	Translate
		0	Pan_paniscus,
		1	Hylobates_lar,
		2	Colobus_guereza,
		3	Macaca_mulatta,
		4	Chlorocebus_aethiops,
		5	Callicebus_donacophilus,
		6	Saimiri_sciureus,
		7	Cebus_albifrons,
		8	Aotus_trivirgatus,
		9	Alouatta_palliata,
		10	Tarsius_syrichta,
		11	Propithecus_coquereli,
		12	Varecia_variegata_variegata,
		13	Lemur_catta,
		14	Lepilemur_hubbardorum,
		15	Microcebus_murinus,
		16	Cheirogaleus_major,
		17	Daubentonia_madagascariensis,
		18	Nycticebus_coucang,
		19	Loris_tardigradus,
		20	Perodicticus_potto,
		21	Otolemur_crassicaudatus,
		22	Galago_senegalensis,
		;
tree TREE1 = (((((((22[&ch={0,0,0,0,0,0,0,0,0,0,0,0,0,1,1,1,0,0,0,0,0,0,0,0,0},&pa={0,0,0,0,0,0,0,0,0,0,0,0,0,0.014997,0.808238,0.991002,0,0,0,0,0.00079984,0,0,0,0}]:16.9889,21[&ch={0,0,0,0,0,0,0,0,0,0,0,0,0,0,1,1,0,0,0,0,0,0,0,0,0},&pa={0,0,0,0,0,0,0,0,0,0,0,0,0,0.00539892,0.807039,0.993801,0,0,0,0,0,0,0,0,0}]:16.9889)[&ch={0,0,0,0,0,0,0,0,0,0,0,0,0,0.014997,0.810638,0.996201,0,0,0,0,0.00079984,0,0,0,0},&pa={0.00019996,0,0.00019996,0,0,0,0,0,0.00019996,0,0.00019996,0,0,0.0143971,0.0289942,0.983603,0.00019996,0,0.00019996,0,0.00759848,0,0,0.00019996,0}]:12.6262,20[&ch={0,0,0,0,0,0,0,0,0,0,0,0,0,1,0,1,0,0,0,0,0,0,0,0,0},&pa={0.00019996,0,0.00019996,0,0,0,0,0,0.00019996,0,0.00019996,0,0,0.020196,0.0009998,0.997001,0.00019996,0,0.00019996,0,0.00279944,0,0,0.00019996,0}]:29.6151)[&ch={0.00019996,0,0.00019996,0,0,0,0,0,0.00019996,0,0.00019996,0,0,0.020196,0.0289942,1,0.00019996,0,0.00019996,0,0.0103979,0,0,0.00019996,0},&pa={0.00019996,0.00019996,0.00019996,0,0,0,0,0,0,0,0.00019996,0,0,0.00519896,0.0277944,0.983403,0.00019996,0.00019996,0.00019996,0,0.0539892,0,0,0.00019996,0}]:8.33953,(19[&ch={0,0,0,0,0,0,0,0,0,0,0,0,0,0,0,0,0,0,0,1,0,0,0,0,0},&pa={0,0.00019996,0,0,0,0,0,0,0,0,0.00019996,0.00459908,0,0,0.00019996,0.0059988,0,0.00019996,0.00019996,0.985003,0.143771,0,0,0,0}]:30.0816,18[&ch={0,0,0,0,0,0,0,0,0,0,0,1,0,0,0,0,0,0,0,0,0,0,0,1,0},&pa={0,0.00019996,0,0,0,0,0,0,0,0,0.00019996,0.94901,0,0,0.00019996,0.00079984,0,0.00019996,0.00019996,0.0159968,0.090182,0,0,0.0505899,0}]:30.0816)[&ch={0,0.00019996,0,0,0,0,0,0,0,0,0.00019996,0.94901,0,0,0.00019996,0.00679864,0,0.00019996,0.00019996,0.985003,0.233753,0,0,0.0505899,0},&pa={0.00019996,0.00019996,0.00019996,0,0,0,0,0,0,0,0.00019996,0.242751,0,0,0.00019996,0.00679864,0.00019996,0.00019996,0.00019996,0.864627,0.261748,0,0,0.0127974,0}]:7.87302)[&ch={0.00019996,0.00019996,0.00019996,0,0,0,0,0,0,0,0.00019996,0.242751,0,0.00519896,0.0277944,0.983403,0.00019996,0.00019996,0.00019996,0.864627,0.315337,0,0,0.0127974,0},&pa={0,0,0.00019996,0.00019996,0.00019996,0,0,0,0.00019996,0,0,0.00419916,0,0,0.00279944,0.645871,0,0,0,0.025195,0.347131,0.00019996,0,0.00019996,0}]:12.9761,17[&ch={0,0,0,0,0,0,0,0,0,0,0,0,0,0,0,0,0,0,0,0,1,0,0,0,0},&pa={0,0,0.00019996,0.00019996,0.00019996,0,0,0,0.00019996,0,0,0.00019996,0,0,0,0,0,0,0,0,0.9998,0.00019996,0,0.00019996,0}]:50.9307)[&ch={0,0,0.00019996,0.00019996,0.00019996,0,0,0,0.00019996,0,0,0.00419916,0,0,0.00279944,0.645871,0,0,0,0.025195,0.9998,0.00019996,0,0.00019996,0},&pa={0,0,0.00019996,0,0,0,0,0,0,0,0,0.00019996,0,0,0.00019996,0.00279944,0,0,0,0,0.9982,0,0,0.00019996,0}]:2.53414,(((16[&ch={0,0,0,0,0,0,0,0,0,0,0,0,0,0,0,0,0,0,0,0,1,0,0,0,0},&pa={0,0,0,0,0,0,0,0,0,0,0,0.00019996,0,0,0,0,0,0,0,0,1,0,0,0,0}]:21.8473,15[&ch={0,0,0,0,0,0,0,0,0,0,0,0,0,0,0,0,0,0,0,0,1,0,0,0,0},&pa={0,0,0,0,0,0,0,0,0,0,0,0.00019996,0,0,0,0,0,0,0,0,1,0,0,0,0}]:21.8473)[&ch={0,0,0,0,0,0,0,0,0,0,0,0.00019996,0,0,0,0,0,0,0,0,1,0,0,0,0},&pa={0,0,0,0,0,0,0,0,0,0,0,0.00019996,0,0,0,0.00019996,0,0,0,0,1,0,0,0,0}]:8.12655,14[&ch={0,0,0,0,0,0,0,0,0,0,0,0,0,0,0,0,0,0,0,0,1,0,0,0,0},&pa={0,0,0,0,0,0,0,0,0,0,0,0.00019996,0,0,0,0.00019996,0,0,0,0,1,0,0,0,0}]:29.9738)[&ch={0,0,0,0,0,0,0,0,0,0,0,0.00019996,0,0,0,0.00019996,0,0,0,0,1,0,0,0,0},&pa={0,0,0,0,0,0,0,0,0,0,0,0.00019996,0,0,0,0,0,0,0,0,1,0,0,0,0}]:4.50233,((13[&ch={0,0,0,0,0,0,0,0,0,0,0,0,0,0,0,0,0,0,0,0,1,0,0,0,0},&pa={0,0,0,0,0,0.00019996,0,0,0,0,0,0,0,0,0,0,0,0,0.00019996,0,0.9998,0,0,0,0}]:20.4638,12[&ch={0,0,0,0,0,0,0,0,0,0,0,0,0,0,0,0,0,0,0,0,1,0,0,0,0},&pa={0,0,0,0,0,0.00019996,0,0,0,0,0,0,0,0,0,0,0,0,0.00019996,0,0.9998,0,0,0,0}]:20.4638)[&ch={0,0,0,0,0,0.00019996,0,0,0,0,0,0,0,0,0,0,0,0,0.00019996,0,0.9998,0,0,0,0},&pa={0,0,0,0,0,0,0,0,0,0,0,0,0,0,0,0,0,0,0.00019996,0,1,0,0,0,0}]:8.81019,11[&ch={0,0,0,0,0,0,0,0,0,0,0,0,0,0,0,0,0,0,0,0,1,0,0,0,0},&pa={0,0,0,0,0,0,0,0,0,0,0,0,0,0,0,0,0,0,0.00019996,0,1,0,0,0,0}]:29.274)[&ch={0,0,0,0,0,0,0,0,0,0,0,0,0,0,0,0,0,0,0.00019996,0,1,0,0,0,0},&pa={0,0,0,0,0,0,0,0,0,0,0,0.00019996,0,0,0,0,0,0,0,0,1,0,0,0,0}]:5.20216)[&ch={0,0,0,0,0,0,0,0,0,0,0,0.00019996,0,0,0,0,0,0,0,0,1,0,0,0,0},&pa={0,0,0.00019996,0,0,0,0,0,0,0,0,0.00019996,0,0,0,0,0,0,0,0,1,0,0,0.00019996,0}]:18.9886)[&ch={0,0,0.00019996,0,0,0,0,0,0,0,0,0.00019996,0,0,0.00019996,0.00279944,0,0,0,0,1,0,0,0.00019996,0},&pa={0,0,0.00019996,0,0,0,0,0,0,0,0,0.00019996,0,0,0.00019996,0.00239952,0,0,0,0,1,0,0,0.00019996,0}]:2.32635,10[&ch={0,0,0,0,0,0,0,0,0,0,0,0,0,0,0,0,0,0,0,0,0,0,0,1,0},&pa={0,0,0.00019996,0,0,0,0,0,0,0,0,0.00039992,0,0,0,0,0,0,0,0,0.00019996,0,0,1,0}]:55.7912)[&ch={0,0,0.00019996,0,0,0,0,0,0,0,0,0.00039992,0,0,0.00019996,0.00239952,0,0,0,0,1,0,0,1,0},&pa={0.00019996,0.00019996,0,0.00019996,0,0,0,0,0,0,0,0.00039992,0,0,0,0,0,0,0,0,1,0,0,1,0}]:22.3977,(((((9[&ch={1,0,0,0,0,0,0,0,0,0,0,0,0,0,0,0,0,0,0,0,0,0,0,0,0},&pa={1,0.00139972,0,0,0.00019996,0,0,0,0,0,0,0,0,0,0,0,0,0,0,0,0,0.00019996,0,0,0}]:15.213,8[&ch={1,1,0,0,0,0,0,0,0,0,0,0,0,0,0,0,0,0,0,0,0,0,0,0,0},&pa={0.984803,0.0165967,0,0,0.00019996,0,0,0,0,0,0,0,0,0,0,0,0,0,0,0,0,0.00019996,0,0,0}]:15.213)[&ch={1,0.0165967,0,0,0.00019996,0,0,0,0,0,0,0,0,0,0,0,0,0,0,0,0,0.00019996,0,0,0},&pa={1,0.0159968,0,0.00019996,0,0,0,0,0,0,0,0,0,0,0,0,0,0,0,0,0,0,0,0.00019996,0.00019996}]:11.0932,7[&ch={1,1,0,0,0,0,0,0,0,0,0,0,0,0,0,0,0,0,0,0,0,0,0,0,0},&pa={0.9982,0.0177964,0,0.00019996,0,0,0,0,0,0,0,0,0,0,0,0,0,0,0,0,0,0,0,0.00019996,0.00019996}]:26.3062)[&ch={1,0.0177964,0,0.00019996,0,0,0,0,0,0,0,0,0,0,0,0,0,0,0,0,0,0,0,0.00019996,0.00019996},&pa={1,0.0177964,0,0.00019996,0,0.00019996,0,0,0,0,0,0,0,0,0,0,0,0,0,0,0,0,0,0.00019996,0}]:2.58151,6[&ch={1,1,0,0,0,0,0,0,0,0,0,0,0,0,0,0,0,0,0,0,0,0,0,0,0},&pa={0.999,0.0187962,0,0.00019996,0,0.00019996,0,0,0,0,0,0,0,0,0,0,0,0,0,0,0,0,0,0.00019996,0}]:28.8877)[&ch={1,0.0187962,0,0.00019996,0,0.00019996,0,0,0,0,0,0,0,0,0,0,0,0,0,0,0,0,0,0.00019996,0},&pa={1,0.0181964,0,0.00019996,0,0.00019996,0,0,0,0,0,0,0,0,0,0,0,0,0,0,0,0,0,0.00019996,0}]:3.97111,5[&ch={1,1,0,0,0,0,0,0,0,0,0,0,0,0,0,0,0,0,0,0,0,0,0,0,0},&pa={0.999,0.0189962,0,0.00019996,0,0.00019996,0,0,0,0,0,0,0,0,0,0,0,0,0,0,0,0,0,0.00019996,0}]:32.8588)[&ch={1,0.0189962,0,0.00019996,0,0.00019996,0,0,0,0,0,0,0,0,0,0,0,0,0,0,0,0,0,0.00019996,0},&pa={0.9996,0.00019996,0,0.00019996,0,0.00019996,0,0,0,0,0,0.00019996,0,0.00039992,0,0,0,0,0,0,0,0,0,0.00019996,0}]:34.8339,(((4[&ch={0,0,0,0,0,0,0,0,0,0,0,0,0,1,1,1,0,0,0,0,0,0,0,0,0},&pa={0,0,0.00019996,0,0,0,0,0,0,0,0,0,0,0.9996,0.0917816,0.340732,0,0.00019996,0,0,0,0,0,0,0}]:18.2067,3[&ch={0,0,0,0,0,0,0,0,0,0,0,1,0,0,0,0,0,0,0,1,0,0,0,0,0},&pa={0,0,0.00019996,0,0,0,0,0,0,0,0,0.9996,0,0,0.00019996,0,0,0.00019996,0,0.109378,0,0,0,0,0}]:18.2067)[&ch={0,0,0.00019996,0,0,0,0,0,0,0,0,0.9996,0,0.9996,0.0917816,0.340732,0,0.00019996,0,0.109378,0,0,0,0,0},&pa={0,0,0,0,0,0,0,0,0,0,0,0.9996,0,0.9996,0.0653869,0.327335,0,0,0,0.0309938,0,0,0,0,0}]:9.64167,2[&ch={0,0,0,0,0,0,0,0,0,0,0,0,0,0,0,1,0,0,0,0,0,0,0,0,0},&pa={0,0,0,0,0,0,0,0,0,0,0,0,0,0.00019996,0.00019996,0.9998,0,0,0,0,0,0,0,0,0}]:27.8484)[&ch={0,0,0,0,0,0,0,0,0,0,0,0.9996,0,0.9998,0.0653869,0.9998,0,0,0,0.0309938,0,0,0,0,0},&pa={0,0,0,0,0,0,0,0,0,0,0,0.9996,0,0.9998,0.00019996,0.9996,0,0,0,0,0,0,0,0,0.00019996}]:15.0235,(1[&ch={0,0,0,0,0,0,0,0,0,0,0,1,0,0,0,0,0,0,0,0,0,0,0,0,0},&pa={0,0,0,0,0,0,0,0,0,0,0,1,0,0,0,0,0.00019996,0,0,0,0,0,0,0,0}]:26.4812,0[&ch={0,0,0,0,0,0,0,0,0,0,0,0,0,1,0,1,0,0,0,0,0,0,0,0,0},&pa={0,0,0,0,0,0,0,0,0,0,0,0.00019996,0,0.9998,0,0.9996,0.00019996,0,0,0,0,0,0,0,0}]:26.4812)[&ch={0,0,0,0,0,0,0,0,0,0,0,1,0,0.9998,0,0.9996,0.00019996,0,0,0,0,0,0,0,0},&pa={0,0,0,0,0,0,0,0,0,0,0,0.9996,0,0.9998,0.00019996,0.9996,0,0,0,0,0,0,0,0,0.00019996}]:16.3907)[&ch={0,0,0,0,0,0,0,0,0,0,0,0.9996,0,0.9998,0.00019996,0.9996,0,0,0,0,0,0,0,0,0.00019996},&pa={0.00019996,0.00019996,0,0.00019996,0,0.00019996,0,0,0,0,0,0.954009,0,0.9998,0,0.986403,0,0,0,0,0,0,0,0.00019996,0}]:24.8209)[&ch={0.9996,0.00019996,0,0.00019996,0,0.00019996,0,0,0,0,0,0.954009,0,0.9998,0,0.986403,0,0,0,0,0,0,0,0.00019996,0},&pa={0.9992,0.00019996,0,0.00019996,0,0,0,0,0,0,0,0.94941,0,0.9998,0,0.985003,0,0,0,0,0.00019996,0,0,0.00019996,0}]:10.4961)[&ch={0.9992,0.00019996,0,0.00019996,0,0,0,0,0,0,0,0.94961,0,0.9998,0,0.985003,0,0,0,0,1,0,0,1,0},&pa={0.9992,0.0185963,0.00239952,0.00179964,0.00579884,0.00319936,0.00019996,0.0179964,0.00019996,0.00039992,0.0019996,0.94881,0.00019996,1,0.00079984,0.984203,0.00019996,0.0079984,0.00019996,0.00019996,0.9976,0.0223955,0.00459908,1,0.00119976}]:0;
End;

