ExtinctionRates
0.03019609	0.2490079	0.02517014	0.0411335
0.3016895	0.01336622
0.0553647	0.04422026	0.03499268	0.03557945	0.007045522
0.07805434	0.07343203	0.2123029	0.03655482	0.008707561	0.02787808	0.07762151
0.005932985
0.134212	0.04671159	0.02547613
0.06627398	0.03800661	0.159954	0.01365532	0.1150536	0.0605028
0.07973615	0.1104257	0.145806
0.3438098	0.1055229
0.05141992
0.06717169	0.1181368	0.02519229
0.02220166	0.1519661	0.03830861
0.02396319	0.02602284	0.1315936	0.4204666
0.02507886
0.01482789	0.05167729	0.03585601
0.05272186	0.01563259	0.1197839	0.06277976
0.008264885
0.1202186	0.007370012
0.02738341
0.02224507	0.02620559	0.667664	0.05077526
0.02892417	0.0345742
0.01635662	0.05833891
0.05176558	0.03024044
0.005388684
0.056463	0.05515226	0.09925032
0.01421443	0.03979918	0.1012233	0.1177802
0.01615484	0.06539374	0.145075
0.01030549	0.08183487
0.05269468	0.1268388
0.002721521	0.1640444
0.01482836	0.2354263
0.04977806	0.2473167
0.002788386	0.2531662	0.05520907	0.3383709
0.2832578	0.3312832	0.03682863
0.3571037
0.3764994
0.3968682
0.4378677	0.44529
0.1340232	0.4013444
0.01376803	0.404311	0.02006228
0.4027196
0.2733982	0.09762778	0.3359473
0.2164811
0.1805834
0.05371749	0.08891589	0.02778007
0.07958208
0.02489656	0.007653291
0.08626809	0.005919137	0.07606992
0.0366707
0.01172004	0.1173763
0.05154456
0.0655508	0.002298144
0.02544946
0.04606625
0.006722706	0.04167517	0.05476809
0.04831509	0.2123549	0.01057496	0.3289211
0.02179722	0.05193553	0.02280708
0.02127712	0.04289067
0.01135445	0.03562834
0.02516368	0.03527224	0.1136014	0.1115844
0.01695064	0.002809221
0.03259386	0.1278215	0.1267996	0.02704198
0.01631294	0.05592471
0.04386313
0.07792775
0.008119053
0.0406464	0.01304038	0.06566724
0.005745969
0.02382601	0.03725295
0.02017206
0.02115422
0.01763165	0.01683332
0.02521111
0.03338036
0.01294707	0.01978329
0.02219705	0.006784607
0.02080268
0.008673975
0.00660462	0.0569742
0.06093589	0.01289687
0.02085432
0.02256446
0.05812221	0.1323708	0.0112194
0.08521772	0.03411049
0.04019251
0.0992225	0.02681904	0.02945883	0.03135788	0.1146603
0.0227599	0.3232552	0.03221206	0.1078212
0.06781035	0.0377345
0.02702512	0.1451048
0.0896526	0.1678258	0.2145378
0.1484141	0.221539	0.02189667	0.009187113	0.0182246
0.1515126
0.04572372	0.2171415	0.02298345
0.002124131	0.2923425	0.1609677	0.01499165
0.006035937	0.1879522	0.05991811
0.1860642	0.1310922
0.1354574
0.008901143	0.01711456
0.0190364	0.03872675
0.01599785
0.01283631
0.05445175	0.0882461	0.03179031	0.1343048
0.02278714
0.02474056	0.04626117
0.02267033	0.04276063
0.02115698	0.02993028
0.04311914	0.01379176	0.01667701	0.0155525	0.02967169
0.07147441	0.3188484	0.008543767
0.1665843	0.002451918	0.01419945	0.007700073	0.1493942
0.03286313	0.09874987	0.01954619
0.04425894	0.0221448
0.009815363	0.2433263	0.1798147
0.07367692	0.1296358
0.005913488
0.008973808
0.01840052
0.1329369	0.05549645
0.08240904	0.1147656
0.01470401	0.04125964
0.0125015	0.07057332
0.02578759	0.02366808
0.02915642	0.02647398
0.02815383	0.01695178
0.03512363	0.0467553	0.01072483	0.05605043	0.05106875
0.02233771
0.03660968	0.03026516	0.4311428	0.04260652
0.04587406
0.01066496	0.0602125
0.02560132
0.05254884	0.08636035	0.004754157
0.03284739
0.008518772	0.01354706	0.05205095
0.004575917	0.06077589
0.04544963
0.01072757
0.04380675	0.04827543
0.01129788	0.1106792
0.009040675	0.48998
0.003438811	0.004133739
0.08850376
0.02936173
0.007639777	0.001357541	0.009150464
0.05265663	0.07032408
0.08700028
0.00808686	0.1314995	0.1166356	0.0228294
0.004462487	0.01984718
0.00807629	0.0680006
0.02800669	0.1376185
0.08474847	0.0828556
0.1134152	0.04830485
0.02798661	0.07724226	0.05032439
0.01352145
0.02929217
0.07422912	0.04528177
0.02294785	0.08021194	0.06593753
0.05419913	0.006515321	0.5841744	0.1188673	0.02837597
0.0671229	0.01009905	0.2101939
0.1689286	0.01070116
0.03031185	0.02851858	0.2430271
0.01166783	0.03392401	0.3225376
0.008429028	0.04245086	0.2331559
0.03840244
0.1799802
0.1086756
0.1216955	0.07812519
0.03901384	0.04140015
0.1878004	0.03994675
0.006496717	0.03035542
0.1973939	0.01008519	0.04746566
0.02682288	0.03518298	0.2192436
0.02800047	0.01645075
0.01069671	0.01338701	0.1373928	0.04858047	0.02402826
0.002137639	0.01195945	0.3097358
0.006520761	0.04319707	0.08651268
0.00842003	0.08280928	0.001853553
0.02678544	0.09416418	0.5864536
0.02312163	0.1700695
0.09048288	0.03338196	0.03697857	0.01049806	0.03347204
0.08186515	0.02114263	0.1255241
0.03475564	0.0520786	0.0238302	0.1037408	0.6036317	0.02036521
0.0579077	0.09201007
0.1455473	0.4345509	0.0547271
0.05461053	0.03750515	0.19254
0.03496741
0.005409093	0.0277707	0.1570674
0.004475568
0.06295975	0.006201371	0.03660255	0.09843512
0.01468625	0.9171858
0.035215	0.0371948	0.005663039
0.007335502	0.1600158	0.02796442
0.05253091	0.157736	0.18402
0.03864811
0.06107387
0.0535062	0.06974955	0.0168417	0.01371753	0.1271099
0.02125181	0.1137996	0.04725475
0.04039384
0.01468228	0.0508533
0.002703919	0.1312889	0.04702764
0.08290218	0.104371
0.003371905
0.00252892	0.005189883	0.04317388
0.01356109
0.02708937
0.02986505	0.1628947	0.03332407
0.04594611
0.006831106	0.004550174
0.04287677	0.06150153	0.03544397	0.04707441
0.001997611	0.05286273
0.1271409	0.02176605
0.03117183	0.0618421	0.03895751
0.04657822
0.02812592
0.0278792	0.0693575	0.09131906	0.07571488	0.02722605	0.1810513
0.005285141
0.0637549	0.004492653	0.1559234
0.03210821	0.007443124
0.05573634
0.06735978	0.05112922
0.01382097	0.07757674
0.005408754
0.0380533	0.1267255	0.007805931	0.06742336	0.007496002	0.0204889	0.03740573
0.1564466	0.04680794	0.2083322
0.2135481	0.01892999
0.2702324	0.1102316	0.01389546	0.1993265
0.005109279	0.07164646	0.2951504	0.2118909
0.01707949	0.03122362	0.2288537	0.004716691	0.365004	0.04284939
0.03603417
0.03350159	0.01362558
0.01520056	0.07830247	0.09095207
0.05364253	0.02290685	0.2134198
0.06816054	0.03236438	0.1833758
0.0765725	0.007810872	0.1997954
0.02951141
0.05629846	0.008527198	0.01069485
0.00469658	0.009102562	0.03471861
0.03537603	0.2455972	0.05964018	0.0232502
0.02540955
0.008111447	0.01014176
0.01201385	0.09819713	0.08618888
0.2292267	0.01077955
0.02021906
0.009397036	0.007643665
0.0714722	0.1252905	0.02667996
0.02045471
0.003799193	0.003224775	0.01752107
0.1801677	0.01898227	0.02776376
0.01159272	0.04187727	0.1578491
0.03441164
0.02695099	0.01885478	0.1860759	0.05962593
0.1395445	0.06983551	0.06317962	0.03894451	0.3590041	0.03016544
0.02820103	0.01789635	0.5714703
0.03828861
0.01635423
0.0474756
0.006555044
0.05651399
0.01666626
0.005090968	0.01121177	0.061217
0.04715556	0.004913319
0.04847454	0.02204103
0.05893805
0.02599892	0.1704192
0.008900819	0.167726	0.05898841	0.02486614
0.05439548	0.1718746
0.07040786	0.05956838	0.1186916	0.0514022
0.08800391	0.0128878	0.05979546
0.02554915	0.1058876	0.03211809	0.02968217
0.06950584
0.04580092
0.02045773	0.02953303
0.04875945	0.1252916	0.1575562
0.04045654
0.2422797	0.009748469
0.03200807
0.01007507	0.2503014	0.01032506
0.03788168	0.0318724
0.0830663
0.01050984
0.009825975	0.01282972	0.05965327	0.1438081
0.04492526	0.03245345
0.01783601	0.009859315
0.0189851	0.05769277
0.01605878	0.08157193	0.2261147
0.07988397	0.1054243	0.02814899	0.05011443	0.163145
0.003446525
0.03870106	0.1166166	0.01506389	0.08669289
0.03363235
0.0268182	0.01736987	0.1471763	0.01302986	0.04969082
0.1101869	0.04076336
0.005736199	0.1163832	0.01099423
0.01402272	0.03038498
0.002489886	0.06028147
0.1622705	0.01375361
0.2468015	0.07768409	0.2965127	0.01616006
0.2027717	0.006614894	0.1411767
0.2479145	0.08955899	0.09886194	0.01518132
0.2509832	0.08177854
0.03237346	0.008908723	0.1920717	0.2360807	0.1136921
0.03664445	0.001197117	0.4736499	0.07807982	0.08062828	0.1164604
0.01465651	0.06270383	0.2897171	0.8812227
0.0342486	0.3109018	0.2062311	0.01435587	0.613504
0.008044613	0.01933787	0.2887105	0.2038834	0.2662006
0.001454978	0.01505648	0.21096	0.01622598
0.1528885
0.00177264	0.2092316
0.03209804	0.2488902	0.06195931	0.01653543
0.2262707
0.01796349	0.09918229	1.176738	0.1264284	0.01029112
0.0409179	0.0281031	0.01655563
0.02690598	0.005344387	0.1584533	0.1079984	0.01281201
0.09066897	0.101545	0.05477439
0.1439307	0.01742764
0.002360451	0.006953271
0.02392893	0.0638556	0.05338659
0.08781571
0.06058603	0.07987167
0.04400423	0.04978456
0.07502711
0.0600599	0.0422776
0.04018521	0.03932473
0.05293104	0.08446335	0.1898438
0.01453306	0.1558344
0.008501804	0.1287301	0.02670894
0.008776146	0.1366576	0.09258764	0.06210859
0.01204359	0.08180305
0.03174253	0.2146192
0.01531331	0.03091045
0.03722358	0.01802405
0.003032441
0.03923509	0.102272
0.01339002	0.07709786
0.02678986	0.05788993	0.04768009	0.03736499
0.01352413	0.03408529	0.0811773	0.4444271
0.2925793	0.0121339	0.09608102
0.01989687
0.01402253
0.03675381	0.004398944
0.04395496
0.01458435	0.04952368
0.006059095
0.03366877	0.05321568
0.03983112	0.03166839
0.01097344
0.01409384	0.01670394
0.05626275	0.007591566
0.04099785	0.05586646
0.002059325
0.05837537
0.05056581	0.01873414	0.01224053	0.1785879	0.07037471
0.03421272
0.01470715	0.009672843	0.170388
0.02022696	0.02140718	0.5806581	0.03772685
0.05620015	0.008568964	0.1543853
0.01244941	0.01041028	0.2433433	0.06685341
0.09440434	0.0385799	0.2523785
0.02590956	0.2523785	0.03040823	0.07133786	0.1512438	0.08017387
0.04171493	0.1050565	0.2743295
0.03884244	0.1279608	0.4170088
0.02294786	0.1853311	0.2498018	0.1085615	0.7994065
0.06022531	0.1252909
0.0859291
0.08785651	0.02818023
0.05455842
0.007444753	0.05775915	0.08925927
0.09289983	0.04110469
0.01428963
0.01628486	0.02782964	0.08369979	0.6866311
0.01264457	0.2220331	0.0237046
0.06398039	0.3571164	0.009556185	0.0727963	0.1715155
0.1449648	0.05683035	0.09022978
0.0106531
0.07948024	0.05648837
0.02476195	0.1409501
0.008951659	0.1473486	0.03393125	0.03085885
0.05483884	0.1657713
0.04692638	0.2154443	0.06469615	0.02136184
0.0280124	0.2143451
0.0495415	0.2655157	0.09388886	0.1425236	0.5820838
0.04114605	0.1881487	0.2515044	0.06152813
0.04748386	0.2792494
0.03589046	0.2792494	0.1010549
0.03660156	0.2792494	0.2801577
0.08218294	0.4632338	0.09081946	0.2786035	0.1313751	0.04224626
0.03099523	0.4899675	0.01901932	0.08925254
0.05226765	0.2699299	0.3553952	0.1353869	0.02034962
0.02170458	0.2892127
0.03246996	0.3029262	0.2064756	0.02749012
0.2277892	0.2843646	0.01324788	0.01312315	0.1953528	0.2271902
0.003455417	0.3187399	0.2092097
0.04481729	0.3288215
0.1011705	0.3192596	0.364303	0.04542568
0.01318856	0.2923077
0.02710873	0.3925171	0.2843507
0.05118274	0.3074782	0.01384074	0.1051406
0.01937044	0.3106743	0.1137292
0.02789476	0.3301449
0.02014686	0.3488545	0.08107531	0.0579725
0.03384511	0.222124	0.003277992	0.09882342
0.06813127	0.1369321	0.09138456	0.01511421
0.04221497	0.07429543	0.1048052
0.03695078	0.007636002
0.1503501	0.005214823
0.1868414	0.03319695
0.0697791
0.02829758	0.02570571	0.01634364
0.008012109	0.03279179	0.003949764
0.004858236
0.01663203	0.02843885	0.08149372
0.01630126	0.1007257	0.07842776
0.002913616	0.08303321
0.006809849	0.01314578	0.04393206
0.01167807	0.02251239
0.002575728
0.04964588	0.1118797	0.1231142	0.1106965
0.09343239	0.1107382	0.1679574	0.02739345
0.04296978	0.08172196	0.3519204
0.06301308	0.1121152	0.0362305	0.01533023
0.01114532	0.03908995
0.09141619
0.03508925
0.01966938	0.05484231	0.06895854
0.008355869	0.0212863
0.01397751	0.1205146
0.006973951
0.01855841
0.03176872	0.0658872	0.07598138	0.04308284
0.01233307	0.01059103
0.0604885
0.02837617	0.01619178	0.5511362
0.01250366
0.04093662	0.05980136
0.03204511	0.00946824
0.001144283	0.02672287
0.03941211	0.3999545
0.03921732	0.03474966
0.02420215	0.01248027	0.05602564	0.01164655	0.1204457
0.02516318	0.01778349	0.06367887
0.0551532
0.4260666	0.03437245	0.053175	0.0680959
0.06479414
0.001103897
0.07017494	0.05255432
0.1066749	0.002981757
0.01308401	0.04789701
0.02223617	0.03421307
0.02967136
0.1011952	0.0256823
0.04746196	0.01581641	0.07944973
0.16306	0.05298613	0.04557001
0.008838938
0.02671981
0.02079367
0.01785329	0.1108733	0.07217747
0.006651179	0.07410321	0.1713566
0.03774782	0.001078244	0.2467612	0.1211716
0.08982269	0.1824028	0.005519095	0.1400153
0.2337974	0.3314482	0.01676147	0.0518137
0.1114017
0.01884531	0.1507735	0.09903324
0.0308386	0.00881539
0.03346121
0.004560145
0.03169562	0.9231424	0.0118373
0.02344054	0.01781827	0.8880932	0.3070706	0.1995347
0.01095895	0.05947573	0.00485969
0.05303861	0.02797093
0.009638305
0.01662523
0.5019853	0.1946534	0.05857854	2.483702	0.2634603	0.04661479
0.04378541	0.07338885
0.1757742	0.04769147	0.07209164
0.09020663	0.09700373	0.165454
0.1432786	0.1724736	0.06654039
0.04031134	0.1633033	0.2045909	0.1110214
0.02684997	0.1294292	0.1534715	0.1499201	0.02280812
0.01614398	0.05578068	0.06022598
0.02393324
0.01447525	0.02913913	0.01289588	0.06165231	0.03482008
0.01148378	0.190465	0.02026566	0.0431244
0.06483464	0.05430555
0.01618834	0.08944722
0.1042149	0.07763303	0.02842725
0.01459485
0.1368788	0.007898166
0.02337281
0.009267077
0.02410424
0.04003148	0.01999807
0.1468656	0.03653656	0.0228403
0.005242186
0.1047187	0.01668144	0.05172523
0.01155519	0.04474754	0.1347477
0.02245787	0.06149676	0.03212775	0.004445482	0.06731074	0.0191373
0.02843858
0.01021232	0.02256273	0.03198706
0.005200475	0.01045049
0.02062063	0.02978234
0.1146472	0.004372603	0.02320322
0.006881392	0.02481441	0.07339993
0.03246203	0.04269437
0.02575413	0.00571009	0.007574156	0.02774638
0.02649928	0.01599745	0.01946512
0.004077978	0.06720501	0.001253514	0.02787004
0.03973454	0.09736686	0.06755324
0.02778349
0.01618432
0.04460933
0.04296925	0.07888838
0.03948464
0.008249366
0.01398447
0.02245755
0.01915707
0.1093098	0.02039564
0.01806279	0.009136276	0.06070307
0.2561397	0.02182359	0.007904588
0.1474968
0.1913704	0.2074494	0.09940942
0.04501575	0.2030617
0.01365482	0.187377	0.1776019
0.02790427	0.288227
0.0325359	0.1272648
0.002734336
0.06168227	0.005129002	0.02059805
0.002777188	0.02373321
0.01039609	0.00641341
0.05924223	0.05139264
0.03237158	0.158541
0.03861062	0.01379748	0.01887749
0.01782244	0.02407379
0.04418053	0.01766953
0.09848909	0.01549878	0.01399503	0.1506683
0.03408994	0.2671591	0.05255808
0.06093531	0.01781556	0.002349851	0.09804135
0.0448854	0.03798308
0.05793113	0.06277186
0.06159805	0.01641462
0.06848907
0.01936852	0.03031753
0.01290975
0.04858057
0.06436248	0.1036033
0.02807178	0.08161562	0.1585664
0.01556777
0.04123546	0.1138118	0.1109685	0.08216762	0.02631306
0.05139833	0.05582193	0.01871962
0.04320023	0.1028647
0.02109419	0.04606357
0.04338946	0.02756569	0.01303065	0.1070948
0.06472058	0.03743823	0.01280213
0.009944112	0.07039175	0.03944701	0.8942716	0.02139063
0.07576381
0.2273298	0.03262627	0.0268722	0.4861166	0.1025502
0.06093427	0.0120451	0.007067319
0.02880095	0.1330661
0.06382575	0.1646878	0.007758197	0.2131962
0.06394454	0.4768345	0.09034059
0.02915131	0.3333028	0.004258545
0.06739736	0.2756429
0.05976811	0.2618074	0.7199837	0.03673835
0.03094719	0.2806986	0.327674	0.04673632
0.06630913	0.2815418	0.04526563
0.08396155	0.2961008
0.04411826	0.2575442
0.08872898	0.2626569	0.03690535
0.04626559	0.2756837
0.1541835	0.3286313
0.009888517	0.2356596	0.0472192	0.7682869
0.008777	0.3045899	0.1382744	0.09509889
0.05518429	0.3320262	0.03845764
0.02742129	0.3026198	0.04864398
0.3996931	0.3293232	0.09966586	0.1730919
0.01446911	0.3293232
0.01549688	0.3041166	0.007026943
0.1260477	0.3041166	0.002529859	0.01467341	0.3074697
0.02848222	0.2343414	0.0785794
0.1823211	0.2873492
0.06289879	0.2733542	0.09064787	0.1161998	0.1370564
0.006087065	0.1973841	0.2352337	0.01346303
0.01296016	0.217902
0.01200504	0.1960815	0.07221328
0.1171214	0.1624756
0.03408872	0.1283623
0.09909563	0.1551811
0.1513379	0.1528651
0.1833614	0.1694764	0.0501684	0.2292915
0.1559787	0.1960098
0.02249463	0.1569232	0.02008052
0.2189495
0.04126831	0.2024283	0.2479771	0.3386999
0.04902493	0.1695034	0.0177369	0.02349161	0.08954297	0.008425895	0.1478632
0.02966479	0.07353276	0.074589
0.02303824	0.01795209
0.03345187	0.06185619
0.04081386
0.01046545	0.1036857	0.05759957	0.05831112	0.06737764	0.5191738
0.01548069	0.0284062	0.0654754	0.1924963	0.01289165	0.03824128	0.04358619	0.1785711
0.0460293	0.09648787	0.02110436
0.06831856	0.1059397	0.01730729
0.07773221	0.009259248	0.01484467	0.09462869
0.02693515	0.02578641
0.004886669
0.01487039	0.02531973
0.03353423
0.006364745	0.02846693	0.0406134
0.06174092	0.09372174	0.07541934	0.1642511
0.04090127
0.01743553	0.07145411	0.02211245
0.007562568
0.01374321	0.05362729
0.01181129
0.05061333
0.01651737	0.02231478	0.0155865
0.02695004
0.01337659	0.08588444	0.1322071
0.08471138	0.008725512	0.1529533
0.0230479	0.0830585	0.02312985
0.01306428
0.0593007	0.02870624
0.01106113	0.005856052
0.08089119	0.01616748
0.01217693	0.06468657	0.007497625
0.06114967	0.01001879
0.05598589	0.01975909
0.009829091	0.01102705	0.1334591
0.03969676	0.05615177	0.1710625
0.03453155	0.11572	0.1394705	0.01675738
0.002998613	0.2977183	0.02961092	0.08659003	0.1108281	0.004777765
0.02359192	0.06062634	0.07507748	0.3149351	0.03546832
0.0392276	0.01060485
0.0209686
0.04151595	0.01887952	0.0665157
0.02914727	0.03363707
0.04311333	0.1156667	0.05075914
0.0221738	0.6058589	0.005758384
0.03545548	0.02195161	0.2327864	0.02249242	0.3016986	0.2021311
0.02020757	0.01294791
0.02610154	0.0699858
0.01107685
0.03863073	0.0145634
0.1423127	0.03977373
0.02196401	0.0891358	0.01834766	0.1806554	0.2322945
0.02058418	0.06821415
0.01256783	0.134529
0.03622735	0.1445452	0.2124069	0.1977209
0.003396378	0.1059391	0.07447558
0.06212528
0.01365439
0.03651538
0.1137719
0.1898085	0.09378261	0.09961301	3.41064
0.05258591
0.04846716	0.05743301
0.01261219	0.009536236
0.01578377
0.0140815	0.06407907	0.1021846
0.04499364	0.08545271	0.01689458
0.008518747	0.03796073
0.03767589	0.009676299
0.01435577
0.02063023
0.01877214	0.03384553
0.01810033	0.195615
0.002558763	0.005481817
0.02365996	0.1379146	0.01107734
0.05024076
0.009863921	0.06694062
0.0276505	0.03623667
0.0126379	0.1660957
0.1109863	0.009175258	0.05236163	0.1714227	0.01728226	0.03221156
0.01874571	0.01578868
0.009414926
0.005782848
0.007667317	0.01395523	0.01557018
0.005350481
0.005377798
0.009263609	0.0078422
0.009434688
0.0156189
0.005184712	0.003513248
0.01855269	0.01040983
0.05821895
0.05285315	0.1229363
0.0120671	0.1287217	0.3061091	0.1076212
0.1103227	0.1945072	0.6088653	0.6675769	0.1292486	0.006022426	0.08307385	0.1053912
0.0247005	0.01300617	0.2469371	0.7355151
0.2382763	0.04616971
0.06617649	0.01202442	0.1340537	0.108069
0.001460026
0.07042048
0.03080408
0.05029453
0.01667999	0.1312077	0.05019762
0.02995724
0.01214644
0.0263101
0.07640487	0.1058133
0.1121792	0.04182035
0.01604089	0.0009302633	0.01046778
0.1205991	0.03578861	0.1914747	0.02845974
0.07293976
0.09416577
0.1371738
0.02711114
0.008801662
0.02044555	0.09147105
0.01656639	0.01846647	0.08237933
0.008829989
0.0612129	0.1604383	0.0071982	0.03752602
0.04801503	0.03520831	0.01349307	0.1600641
0.007661726
0.0494286	0.02541009
0.005557459
0.1542525	0.01401378	0.03279943
0.01096209
0.0517125
0.0049919
0.02310524
0.03947134	0.03171139	0.03215505	0.04410576
0.08566541	0.01142537	0.06914849	0.06963693
0.02332719	0.03278395
0.006749959	0.02964416	0.06091581
0.01322902	0.03186638
0.0806113	0.06716194
0.06931453	0.468263	0.0200652
0.01940134	0.3490465	0.02721665	0.02044082
0.04220058	0.002239434
0.02107199	0.0169564
0.02831095
0.02117789
0.07379025
0.03606776	0.006822938	0.3047542	0.03002091
0.02313666	0.08534667
0.02161517	0.01562187
0.01321813	0.01154003
0.05158916	0.01278861	0.01316888
0.01225687	0.04945325
0.06356125
0.0226548
0.01061294	0.05592823
0.01834208	0.05251694
0.109816	0.1241755	0.05501252	0.0591865	0.01095679
0.00491791	0.03293261	0.02880565	0.1354839
0.05815892	0.0557277
0.007981404	0.08565829	0.04542966	0.07143819
0.5445782	0.7950515	0.04508457	0.1881774	0.006468826
0.02014104
0.02820616
0.05475005
0.008315596	0.04742853
0.01947899	0.005138514
0.01912504
0.0429463
0.01196812	0.01170021	0.7519258	0.02168911
0.03049133
0.02843386	0.06797049	0.02813241
0.003641339	0.04030569
0.007844794	0.00470873
0.03163026
0.02212887	0.03305282
0.004082583
0.1224338	0.02814478	0.09469693
0.08029424	0.1152946	0.038242	0.02371882
0.09532047
0.3095176	0.0003776226	0.1025797	0.005645029	0.01126933	0.08774845
0.02331118	0.02786594	1.109769	0.05514606	0.1298381
0.008378391
0.02523809	0.004011323
0.03360855
0.01812982	0.002461742	0.06434165	0.04237437
0.01127245	0.02850944	0.01919419
0.02233163	0.1004304
0.08473623	0.009129516
0.02965374	0.005126868
0.0103521
0.04240836
0.02662018	0.06372873	0.02703567
0.07257309	0.07301201	0.04740242
0.04092924
0.02094636	0.01166126
0.04462688	0.01098683
0.1403246	0.05706474
0.1118943
0.04577725	0.007935534	0.09005833
0.02652463	0.04361235	0.2644754	0.0735329
0.02285769	0.1270925
0.05260674	0.008669378	0.0148208
0.05981849	0.256715	0.01367221
0.02299699	0.01815803	0.09483654	0.175682
0.03332526	0.1653698
0.06019307	0.06101442	0.1076614	0.07198749
0.022492	0.01355989
0.1865018	0.04017875	0.002354617
0.01709719	0.04257883	0.01482761
0.03361057
0.01026804
0.06502361	0.04026723	0.06974924	0.03636334	0.03099155
0.003335238	0.09872517
0.005456562
0.04907153	0.02718715
0.03884869	0.01090021	0.1138017	0.02040233
0.04453266	0.2056839
0.1305219	0.009508092
0.1487455	0.06501937	0.03025033
0.05828245
0.06904527	0.01179576
0.00806181	0.1649512	0.05606632
0.1152792	0.1252445	0.158796
0.0472317	0.01509093	0.005242269
0.02334256
0.0339352
0.02828075
0.01605767	0.1028498	0.09176559	0.3011371
0.08921145
0.005002604	0.01451542	0.01152778
0.01401323
0.02753573
0.0172977	0.1330316	0.09576562
0.1041417	0.3782277	0.01772113	0.1614766	0.06469526
0.02111094	0.1491049	0.04743849	0.2696321	0.08433129
0.04575897
0.01091961	0.1640202
0.04441153	0.05141788	0.1733401	0.0419578
0.04902272	0.05398105
0.007118169	0.009083971
0.06543717	0.01376439
0.0196671
0.0374659	0.005496063
0.01055842	0.03376495
0.02679108	0.1037094
0.05927427
0.00715231	0.01987571
0.01881152
0.02897019	0.03636259
0.006704359
0.1028086
0.01826043	0.04418563
0.04847685
0.007210915	0.08259668	0.1490582
0.005980108
0.02182002	0.1198499
0.001754428	0.03813631
0.001607478
0.02682874
0.0392223
0.002728954	0.08645768
0.03042221
0.009250436	0.06560824
0.007952923	0.02570586
0.02421354	0.05241112	0.2088916
0.01216461
0.1369113
0.09325678	0.07636252
0.1409127	0.008140999	0.09693508
0.1066609
0.01380083	0.1174895
0.01918547	0.1428419	0.01790193
0.02875107	0.1160698	0.2170167
0.01213862
0.02112769
0.08108844
0.04083807
0.01970103
0.002946361	0.01857716	0.03775051	0.04618162
0.01815868	0.09394315
0.09513671	0.09636403	0.05148431
0.05462133	0.08918219	0.07419837
0.01132065	0.06739594
0.01825318	0.1827219
0.02959479	0.2135206	0.06471326	0.06993162
0.01725578	0.1894989	0.1065553
0.1092621	0.2049807	0.006353775
0.4978959	0.09075276	0.01105935	0.1293362	0.1533668
0.03750167	0.04426819	0.06945158	0.2151054
0.07405604	0.001447968	0.01448118	0.02818519
0.005667757	0.03358768
0.08514326	0.1394792
0.06736721	0.1807991
0.0324098	0.3001631
0.035974	0.3008404
0.05955164	0.3008404	0.2579202
0.2435192	0.3601463	0.1538402
0.04158034	0.2149222	0.01159568	0.1507969
0.1296932	0.1528323
0.1143765	0.002651616	0.1046062	0.1245477
0.01430981	0.009972881	0.01521884	0.2829558
0.002192024
0.1163191	0.0196344	0.008914985
0.05725611	0.01875236
0.05809527	0.04671451
0.1353848
0.007685028	0.04798341	0.02222796
0.05443708
0.08225042	0.09296995	0.3360976
0.02952898	0.05462274
0.04271874	0.09633233	0.2944681
0.01092481	0.04685747
0.05382885	0.005241876
0.05107758
0.05131067	0.06657563	0.02093376	0.0456657
0.01475562	0.005643072	0.1602153	0.06904475
0.01605882	0.1514829	0.03865676
0.006900654
0.01792824	0.004665403
0.05540744
0.02801357	0.02025381	0.1554347	0.1200111
0.00089443	0.05567315
0.06873956
0.04310191	0.04522202	0.05772199	0.1536102
0.08257032
0.02647762	0.01685082
0.02990495	0.1518743	0.06162896	0.05980141	0.05887204	0.0563121
0.03740537
0.02202403	0.003918007	0.03965682	0.009576735
0.03511315
0.02735037	0.6311319	0.113899
0.01480287
0.3706319	0.05276188
0.04257994	0.004923625	0.0870104
0.0267427	0.08985945
0.03600369
0.06308359	0.04939696
0.0268471	0.03300488
0.03350917	0.04533322
0.005488285	0.06125639	0.03021473	0.03513872
0.07159004	0.2173957	0.05382535
0.04609131
0.008896462
0.006443857	0.2194504	0.0134371
0.01131679	0.2353508	0.0848496
0.03964873	0.08804923
0.00810371
0.002732812
0.0756618	0.01756264
0.03757739	0.1467159
0.01494659	0.1179293	0.1770741
0.1091565	0.1068682	0.0119823	0.1161474	0.1679191
0.03370642
0.006918695
0.02934234	0.01163672	0.1227288
0.01434355
0.05127135	0.0610693
0.005011906	0.2163215	0.009355532	0.01130655
0.03554429	0.2937339
0.01648312	0.3282418	0.01157485
0.01310128	0.2995397	0.02541027
0.07457022	0.2563276
0.04337034	0.267584
0.07437614	0.2055767	0.02638045	0.2148217	0.06840282	0.04991464
0.07712891	0.2290929
0.02962149	0.2138993
0.1066188	0.2462973	0.422228
0.02445259	0.3305672	0.3036913	0.03950257
0.07047342	0.3205562	0.07897793
0.00718487	0.2865923
0.03102567	0.2668586
0.0227463	0.3266718	0.2800331
0.006171911	0.2677249	0.1097023	0.2052275	0.3307171	0.2102374	0.04809855	0.0664953
0.24902	0.3332384	0.01506151	0.2446543	0.002230768	0.1700551
0.02785167	0.3130149
0.03170002	0.3465241
0.01606556	0.3527511	0.1552586	0.2699346
0.009905188	0.3388553
0.0322551	0.1711848	0.0155599
0.1019291	0.02276673	0.0489771
0.06658164	0.01418642
0.05290212	0.009486911
0.01022674	0.1174719	0.09670736
0.0281862	0.06820048	0.2663466
0.006233992	0.0472902	0.09049169	0.1696277
0.0149624	0.01593716
0.04573067
0.2196367	0.007599337	0.06425114	0.01132933
0.05928179	0.02982265
0.03461713	0.06225059
0.005165783
0.01785631	0.0199759
0.01679883	0.05078389	0.03763114	0.06417624
0.01662909
0.002399672	0.05297926
0.0186396	0.04324334
0.01242049	0.04212019
0.002524431
0.002811238	0.01847458
0.007972406
0.01505627
0.003537638	0.02566572
0.01132371	0.00318659
0.009380762
0.03069539	0.008097046
0.01039076	0.01123114
0.05460914	0.08560641
0.04214264	0.1453461
0.07039183
0.1157627	0.08090268
0.009258259	0.03261678
0.06447697	0.04224495
0.03469676
0.01449622	0.02000514
0.01627075	0.01105319
0.007442382	0.006559043
0.0405212
0.03054101
0.006163756	0.1238486
0.01586912
0.04411276	0.009386649	0.06972377	0.1926887
0.01623401
0.03098934	0.02238438
0.02181919
0.03071787	0.02604829
0.06130951
0.03148384	0.02538553	0.03170076
0.01736317	0.003513378
0.01337553
0.04393911
0.04088795	0.006232625
0.02384164	0.01408685
0.01452131
0.07239886	0.0174956
0.04962758
0.01139089
0.02226945	0.1038552
0.04587424	0.08337856
0.08067224	0.091276	0.1714006
0.02174573
0.010863
0.1414107	0.03745541	0.3006227	0.007145316
0.2008717	0.04851595	0.3522233	0.3087351
0.0105112	0.08408533	0.538794	0.0899027
0.05423256	0.6189162	0.06387982	0.1909124	0.1001229	0.005190918
0.167241	0.6189162	0.0569638	0.01090021	0.1190061	0.2483846	0.05428882
0.1289191	0.03467879	0.149587	0.2810914	0.0671489	0.03016883
0.3458723	0.09676856	0.3047202
0.1964809	0.01290049	0.1514055	0.3417339
0.2923367	0.04227787
0.157812	0.1189362	0.2488819	0.1579781
0.110078	0.01045734
0.02123091	0.004838953	0.02925456
0.07011369	0.05299646	0.006488731
0.002405914	0.02138932	0.186785
0.03010834	0.001793621	0.06743562
0.05132602
0.0457728
0.004145915	0.05540775	0.04151101	0.2407744
0.03078234	0.01839503	0.06175266	0.003463433
0.02266213	0.01908555	0.02054043	0.04635102
0.008657095
0.150706	0.03319145	0.04412022
0.01209686	0.05961499
0.002753192	0.02509371
0.01542825	0.01877487
0.03171513	0.02301029
0.02623738	0.1021393
0.01574107	0.02789882
0.01407955
0.1068498	0.05249822	0.01040808
0.0314447	0.01878002	0.07135431
0.1326677	0.003686204	0.08822792	0.0647462
0.006413252	0.008595906	0.5435171
0.007528265	0.0392721
0.03909388
0.03797124
0.08367907	0.0134252	0.2925957	0.1301258
0.008764721	0.1739784	0.02152957
0.003469679	0.03719653	0.04505018	0.02670827
0.2890447	0.05475575	0.07390926	0.04065358
0.01958389	0.0138412
0.001197609	0.07266208
0.01988095
0.01090871	0.005903405
0.05967987	0.02861196
0.01354344	0.179254	0.01614795
0.034011	0.01669486	0.01112772
0.003199623
0.028039	0.01062499	0.04570264
0.03270961
0.01022678
0.03759254	0.04032067
0.02444492	0.02270463
0.002709336	0.03130236
0.01957019	0.01608001	0.1142699
0.06210885
0.09899302
0.008417537	0.1279871	0.09265374
0.06872923	0.116466	0.01928001
0.03369492	0.0245492
0.2054769	0.05275867
0.1569874	0.03169399	0.3997204	0.05983562	0.4826634
0.2145494	0.02304421	0.009039025
0.02036928	0.07768378	0.3845418
0.0303766	0.2267344	0.0308069	0.008821861
0.05256092	0.1869949	0.002259807
0.05356368	0.1910729	0.01970988	0.05817763
0.04362132	0.1422228	0.02704102
0.01404739	0.1314841
0.01507212	0.03337406
0.005193309
0.01753654	0.01133825
0.03448798
0.0871664
0.006192109	0.007963442	0.01105245
0.007642214	0.04014509
0.1676764	0.0184778	0.02369439	0.02222886
0.01409077
0.004796179	0.09111754	0.02682272
0.00650625	0.02382766	0.03614585
0.01327109	0.01522242	0.01504603
0.01418824	0.5246449
0.04013874
0.08840899
0.01009159
0.02139628
0.007921435
0.02077407
0.02949092	0.05111485	0.3133077	0.08086371
0.01169466	0.02374363	0.01364778
0.1667042	0.01033856	0.04294994
0.0383528	0.08064556	0.1051468
0.1480378	0.1843117
0.03303446	0.0156675	0.05934063
0.06636181
0.1228092	0.02183754	0.01474992
0.05122149
0.08214997	0.01743751	0.04270525	0.04003369	0.04074185	0.09041961	0.1464194
0.0362729
0.0405112
0.01316427
0.03395042
0.01754847	0.1085952
0.02509545	0.02527088
0.01068133
0.02318932	0.07160494
0.06566305
0.01461989	0.02134574	0.1621517	0.09622304
0.1740844	0.07466508	0.2512439
0.004973931
0.02111065
0.03559987	0.1958518	0.04173338	0.2030294	0.01172911	0.7445856
0.07271664	0.01443164	0.129849	2.398151	0.01067667	0.002574061
0.02816427	0.0314264	1.085873	0.1569495
0.06194847	0.1378854	0.06460691
0.06570955	0.1444086	0.0176424
0.02843459	0.1762008	0.059798	0.1687412	0.04034337	0.2270877	0.2749273
0.04853993	0.09514404
0.09239311	0.01922232	0.0646255	0.08016347
0.01809378	0.04860515	0.007333273
0.05325341	0.1254871	0.02263273
0.05485353	0.02711587	0.2910518
0.005937104	0.08062469
0.01349249	0.03135615
0.4075161	0.0188476
0.005429524
0.03002188	0.06032492
0.02672789	0.04096405	0.02814684
0.01492241	0.06687782	0.09797724	0.05399951
0.07546894	0.4657585	0.04961398
0.1314295	0.07792771	0.04493944
0.02292022	0.07236798
0.02356537
0.01319912	0.1000432
0.01789634	0.1414014
0.01773389
0.1437748
0.08704771	0.007146392
0.05921948
0.007448303	0.01985516	1.615556
0.0455669
0.01869957	0.04547509	0.1315887	0.01848084
0.0342378	0.034099
0.02992401	0.0108563	0.03394637
0.01955854
0.0493609	0.06368128	0.01852343
0.03578887	0.1852588	0.014262
0.2024673	0.01195473
0.2141729	0.04846534	0.01066442
0.01474282
0.00793099	0.06194773	0.004123593
0.09841364
0.02933563	0.01150311
0.009096529
0.0601383	0.08590824	0.2630582	0.03366066
0.05418029	0.02888343
0.05289385
0.05813364
0.07710319
0.0305799
0.007305703	0.03668253
0.01903228
0.02954013	0.06149962
0.06349745
0.03481923	0.06501054
0.008016932	0.07211609
0.06788384
0.02382227
0.04344875	0.02223074
0.06385575	0.03411661
0.03773086	0.03034752
0.04412412	0.02743012	0.00853844
0.0595123
0.01065291	0.1028983	0.02160461
0.0292337	0.09703238	0.4204302	0.01731107
0.09165427
0.01642945	0.1658027	0.03938379
0.04544859
0.02292655
0.008074827	0.05653448	0.04452594
0.01391123	0.01756021
0.02275813	0.05146179
0.1052994	0.03371765
0.003683131	0.01103862	0.04933678
0.09229648	0.09744138
0.01201237	0.03839411	0.1683401
0.03559412
0.147224	0.05033059	0.09321643	0.0832341	0.034979
0.05379991	0.06734296
0.03044997	0.009642099	0.06293274
0.06334276	0.00743804	0.02608779
0.03997292	0.0464301	0.0101961	0.01971101
0.1095728	0.03168558
0.0122027
0.0537528	0.03429253
0.007440912	0.02189295	0.1081198
0.02064969	0.08595627	0.02414969
0.02800407	0.03562397
0.01886905	0.009921517	0.006396469	0.04987254
0.000885414
0.03000229
0.04054467	0.004665821	0.1928623	0.1110284
0.06905216	0.08900576
0.1071619	0.07274208	0.02823403
0.04968434	0.09146051
0.03418318	0.01946687
0.006272726
0.008071724
0.006004864	0.01442691
0.01856698	0.007548699	0.04103106	0.06842607	0.03894498
0.03057096
0.03668807
0.05457098	0.03546657
0.06080756
0.0379109	0.07608428	0.02238925	0.04148025
0.004850846	0.02510578
0.0158585	0.004373218	0.02095261
0.07778482	0.02432106	0.07210542	0.242568
0.1943207	0.3721751	0.07454839	0.2367518	0.004049073
0.1907429	0.03606424	0.05574566
0.0631834	0.004111825	0.07419647	0.2226139
0.1383676	0.05795403
0.04842961	0.154291
0.1345413
0.1280716	0.133748
0.05077492	0.1033415	0.03223106
0.01849022	0.02763599
0.007849494
0.1180535	0.009830884
0.008149827	0.003196506	0.02138341
0.0693256	0.03584814	0.04457236	0.05884289
0.003249041
0.09470872	0.04850007	0.09399068	0.7913526
0.4597092	0.04146224	0.01264744	0.08815691
0.01282069	0.08560814	0.06951169
0.006803873	0.1476676
0.02353436	0.08142104	0.03789777	0.1693162
0.1279666	0.03178796	0.01083335	0.01535461
0.01063123	0.02641678
0.2784953	0.01596636	0.08380874	0.3150711
0.02899774	0.7790511	0.09211776	0.0218427	0.02483346
0.2989868	0.1740108
0.1350194	0.1950016	0.04033453
0.0222881	0.289248	0.09494205	0.1900027
0.06401708	0.4193625
0.1086995	0.1662979
0.02788124	0.2055428	0.0176787
0.08035757	0.02613696	0.120256	0.0149034	0.09158821	0.03592818	0.06249609
0.02548041	0.003978179
0.009113834	0.04500338
0.05874188	0.02326635	0.05700602
0.001882787
0.05633408	0.02082365
0.009836303	0.01135885	0.01378798
0.01906874
0.03056663
0.01561302
0.04571505
0.07875547
0.02834361	0.121619	0.02791412
0.08509876	0.03106569	0.0384165	0.01826554
0.1070437	0.0219393
0.02453549	0.1786941	0.01484404
0.05259983	0.05441047
0.009992414	0.04645732	0.3989981	0.151425	0.03339349	0.01215019	0.05627631
0.0408833	0.1191977	0.6203383
0.03019291
0.03369806	0.007602307	0.02956496
0.2530926	0.01136779	0.2079298
0.04264802	0.02566496	0.01113825
0.4482741	0.03998012	0.1602318	0.05678275	0.04961633
0.1354837
0.1504177	0.1161661	0.07750721
0.2076443	0.03083194	0.01945213
0.1757746	0.2162649	0.07989922	0.01627905
0.07730078	0.0240452	0.3196325	0.1142885	0.4145276
0.2802791	0.06375554	0.2334044	0.2223185
0.2779607	0.01357801
0.1962667	0.0931595
0.148456	0.1719721	0.08532362	0.1915097
0.3630954	0.09850032	0.05280151	0.1302416
0.1404316	0.06253021	0.3504777
0.03129763	0.3052597	0.09557906	0.06958068	0.3321554
0.04127096	0.3218645	0.02583131	0.1300954
0.01124754	0.01225255	0.008332669	0.08375564	0.007313581
0.001470474	0.05089124	0.06672536	0.008960524
0.005591047
0.02635677
0.04890967
0.0669565	0.02337865
0.03701584
0.01374733	0.03606289
0.03231439	0.09651179	0.1265629
0.1739436	0.02222191
0.02624895
0.04688598	0.041532
0.02527677	0.01062022
0.02946414	0.1100009	0.03199791
0.01624377	0.0477301
0.003607609	0.01509961	0.07422828
0.09217656	0.04172594	0.09783861
0.1657381	0.03070872	0.05313494
0.02634398
0.01822491	0.07385486
0.01078874
0.1110584	0.06100517
0.02678397
0.1467451	0.01480904	0.03919952
0.01491637	0.02807015
0.02246821	0.226014
0.02433495	0.02009843	0.213973	0.03647338
0.1500414	0.001919153	0.01811808
0.04373785
0.003835216
0.01678681	0.06770441	0.1923458	0.02466253
0.02635237
0.03099208
0.04899691
0.03300129	0.04201074
0.004839817	0.07361768
0.02548921	0.1506771
0.04830565	0.04407884	0.06574228
0.03500551
0.01188235
0.04511309	0.06269379
0.03791948	0.01925018
0.01161667	0.01140535
0.1510467	0.02156754	0.01436979	0.05214584
0.03152721
0.1925659	0.005246699	0.004346512
0.02809736	0.1018739
0.02752546
0.02171883
0.008221336	0.08952419	0.03351271
0.008726566	0.006702934
0.0673971	0.03120749	0.02521404	1.099155
0.007039418
0.03607945
0.01040254
0.007761934
0.03755147	0.009152335
0.04274313	0.04309575	0.03644011
0.01988226	0.007615062
0.04040074	0.06687553
0.1297617	0.6988287	0.0410343	0.03659165
0.1585931	0.02091045	0.02990551	0.07871654	0.01790146	0.1453754
0.05861923
0.02961911
0.01127754
0.01082222
0.009044715
0.0132821	0.02345254	0.05661764	0.1275344
0.1062387	0.0634896	0.05352776	0.1001481
0.02662505
0.01851772
0.0817926	0.06571116	0.1517956
0.001850194	0.3164233	0.03230547
0.002727893
0.03934622
0.1673061	0.008458636	0.005228869
0.0139552
0.01266507	0.02055366
0.0186958	0.08240063
0.08308189	0.09969699
0.07304757	0.0511524
0.04920925	0.05651417
0.06328124	0.02555456
0.01028904	0.1123004	0.03342632
0.01927527	0.0225387	0.1046688	0.05376993
0.01118427	0.04339161
0.002870622
0.02195718	0.05338384	0.05215414
0.02298877	0.008705243
0.0253312	0.03183073	0.0587068	0.06233017
0.05135364	0.00505988	0.05794106
0.03192176
0.03642722	0.001266278
0.03061991
0.00463611	0.05893699
0.08320005	0.1006098
0.06712707
0.1922007	0.01096879
0.2106618	0.02220455	0.01506222
0.01847571
0.01927252
0.07465265	0.01370873	0.0408835	0.02325373	0.02053871
0.1699452	0.01269623	0.1244887	0.07939004
0.04232778	0.04212613	0.3470398	0.1705923
0.04451844	0.03961409	0.3706605	0.2470582
0.03175582	0.0126722	1.079039
0.01695681	0.03234784	0.1578661	0.02922772	0.2530519	0.05709735
0.004222212	0.2026279	0.04017242	0.1039625	0.2127582	0.0746256
0.0486241	0.04727613	0.01399726	0.08285107	0.02436254
0.03361313
0.02314067
0.07891935	0.112079
0.02144686	0.01462468	0.4054421
0.02450497	0.1034555	0.02306444
0.05963571
0.03135403	0.03748993	0.4556649
0.02711807	0.134368
0.1495138	0.1569718	0.004813634
0.07264454	0.1240943	0.007142662
0.01754663	0.002035159
0.06280353	0.02064273
0.01136009
0.01911663
0.004654802
0.002910643	0.008110263	0.2838621
0.05438538	0.0474646
0.06583329	0.4640936
0.008770022	0.166734	0.008861401	0.1031553
0.004117348
0.009405542
0.05779221	0.06684945	0.07484156
0.1478237	0.06052627	0.5094734	0.08431268
0.01262699	0.05270193
0.01468012	0.7114686
0.1078693	0.3957594	0.08124385	0.06028856	0.03012023
0.01587723	0.4725124
0.01873305	0.0953721
0.005429635
0.06821124	0.06893565	0.02072398	0.3834329
0.02913825	0.05673408
0.01543284
0.05175094	0.07706676	0.006707661	0.1263881
0.01307816
0.02916301	0.003546919	0.01940999
0.02598398
0.1056353	0.02341705	0.007341168	0.00163608
0.1150411	0.001260324	0.04845924
0.01491975
0.09499134	0.1951332
0.124424	0.2457596	0.5160464	0.3268019
0.003853136	0.215563
0.04403674	0.1962823
0.03353274	0.2069613	0.03409097
0.03153322	0.1622621	0.05512036	0.02157253
0.004165112	0.6218209	0.05061671	0.1024729
0.00298872	0.0161832
0.04749031
0.01563272
0.08786161
0.07856665
0.1585262	0.0784664	0.244657
0.05768273	0.06454203	0.244657
0.2003624	0.02179771
0.09568761	0.3107622	0.009720542
0.4362441	0.02226743	0.2286364
0.07274143	0.2283902	0.06278766	0.6009199
0.1347764	0.2325921	0.08628363
0.01801576	0.07808749	0.08021887	0.3775769	0.7972849
0.2843889	0.0492465	0.127241	0.0948324
0.2015884	0.02611804	0.07117884
0.2302076	0.009988444
0.03114814	0.2918079	0.0516726	0.6502161	0.01462924
0.03602598	0.02373271	0.3598578	0.2107851	0.06566892
0.02100489	0.04526264	0.291752	0.02269362
0.0377242	0.01759161	0.04435704
0.1291456	0.009974578
0.1799008	0.0304753	0.008737293
0.04936765	0.2592118	0.08140511	0.2986368
0.08286824	0.3120815	0.01324642	0.02944229	0.1156652
0.02378921	0.008548252	0.1108732	0.3272284
0.07296339	0.02195627	0.006043927
0.06658314	0.1915897
0.009891414	0.1075187
0.0791972	0.01223024
0.03510343	0.08383566	0.2780048	0.5223496	0.06580187
0.1103155	0.1925628	0.1058236
0.02734424	0.1754659	0.0245568	0.01687745	0.01325579
0.01768829	0.07732061
0.07230362	0.05446515	0.02447531
0.05611114	0.02676607	0.02963097
0.002170091	0.01090573
0.004499191
0.01702559	0.02268637	0.1342089	0.04946594
0.07388546	0.05970132
0.0117564	0.01903623
0.01305093	0.0397447	0.5581209	0.02111115
0.01407797
0.0153714
0.02401192
0.02329042	0.07479161
0.01193556
0.0116822
0.01618306	0.112788	0.01334655
0.02426009
0.01160785	0.01217714
0.07306247
0.001016569	0.03967934	0.122964
0.03237833
0.0113468
0.0685671	0.8528503	0.009964914
0.1061082	0.1700175
0.127645
0.04351698	0.177379	0.122395	0.07344112	0.3009547	0.1545505
0.1274156	0.1112493
0.1443738	0.1628109
0.08115082	0.07533236	0.1000344
0.02585244	0.05403253	0.2618636	0.05888413
0.0232014
0.02271543
0.173342	0.005092328	0.001335714
0.01266084
0.04657492
0.004318041	0.038396
0.09500919	0.05432063	0.1821526	0.02673035	0.01055127
0.01958206	0.03104692	0.07928251
0.1048186	0.05930755	1.150372
0.2266765	0.0112919
0.02893075	0.06237727	0.024422
0.05386315	0.203451	0.04567012	0.2148628
0.08377705	0.269339	0.08678324
0.1197625	0.05592504
0.08026793
0.02743032	0.003209347
0.04208298	0.01409316
0.06706046
0.1083038	0.01698686
0.007523322	0.05252466
0.007476214
0.01113358
0.00944429	0.01613841
0.0351346
0.01081953	0.09169213	0.03079361
0.01208127
0.006489932
0.06383722	0.2125558	0.004007656
0.0343392	0.009196374
0.003284317
0.03310757	0.01574433	0.01668621
0.05110149	0.0122425
0.01975527
0.03066731	0.009848435	0.2826152
0.01511414
0.04402137	0.06093125
0.01583332
0.02464243
0.03441684
0.03928511	0.01857579	0.04131466
0.04826565
0.02899321	0.1323912	0.07341281	0.1077529
0.02871499
0.1201209	0.1466664	0.007085512	0.02591783	0.01798949
0.08924636	0.1320478
0.06306026	0.150405
0.009219776	0.04569095
0.03884455	0.01149962
0.01407718	0.04046079	0.07942399
0.02245611
0.01728249
0.02579798	0.1873253	0.009249963	0.07119048	0.01100099	0.06013478
0.001896301
0.1368253	0.03959082
0.00685092
0.0224319	0.1264395	0.02984764	0.009137539	0.2655766
0.06146958	0.02050915
0.007618961	0.05228429	0.1619081	0.005477481
0.01622528	0.05933428
0.005217513
0.2554223	0.0069529	0.01886519	0.01534705	0.09956724
0.008934767	0.1442874	0.01703886	0.1078106
0.01891213
0.007843277	0.03932689
0.08301876	0.06117336	0.0183149	0.04066242
0.01445161	0.007329379
0.1050135	0.1098468	0.05076192
0.01838271
0.01956726	0.0325431
0.001999014	0.002031789
0.006120984	0.04170386
0.007286748
0.003923521
0.0841654
0.007079126
0.01379189	0.1273678	0.1324772
0.07881858
0.2065935	0.009830776
0.06578826	0.006825686
0.09681675
0.06532127	0.05811264
0.04875614	0.1080459
0.02905558
0.01752303
0.03120641
0.0584464	0.04081441	0.1246345
0.06751855	0.3828622	0.02322409
0.009389991
0.03296823
0.0864715
0.007147026	0.4974244	0.02548288	0.02477561
0.03919115	0.04116078	0.2802606	0.07210677	0.1079839
0.09002375
0.04905676	0.1016848
0.1044305	0.06633703	0.03555862
0.09894607
0.01295655	0.08065203	0.02287928
0.02538326	0.088676
0.005157024	0.1557905	0.06855106
0.02759282	0.01758805
0.01937284	0.05256542
0.05893169	0.03110535
0.002571383	0.08981215	0.004764835
0.1295117	0.008034452	0.02274832	0.0503869
0.002944278	0.0365233
0.09697197	0.01336739	0.008142964
0.008359407	0.01578711
0.007569067
0.0522036	0.02424194
0.0009894009	0.05577911
0.009031121	0.07976249	0.2310341
0.09883105	0.02464046
0.02253752
0.003976047
0.01186944
0.05416584	0.0105629	0.0008789612	0.08395999	0.09786074	0.01815886
0.0004531677	0.05102226	0.03842912
0.03399905	0.03705307
0.01377768
0.01321266
0.01845554	0.02052255	0.02642441
0.009536593
0.03451606
0.02433932	0.04518828	0.1301039	0.05841888
0.06916734	0.03508552
0.04669506
0.06241106	0.01183213	0.02512588	0.02057527	0.1044424
0.07050643	0.158361
0.03835043	0.1693052	0.09277076
0.1685536	0.0449027	0.1736328	0.05786744
0.0333894	0.05256666
0.00429365	0.2569242	0.1678662
0.01779436
0.02109156
0.0107614
0.05806798
0.004394989	0.0229274	0.03086877
0.05596225
0.004469106	0.1386983	0.003300613	0.007528707
0.01642374
0.006559378
0.02808462
0.02089901	0.01503281
0.008995923	0.0125229
0.06591989	0.1309595
0.05104109	0.0759977
0.02909102	0.08549094
0.00228397	0.02899968
0.024128	0.01312402
0.01097659
0.004810895	0.100424	0.05637904
0.05129533	0.01300511
0.05274788	0.01628203
0.008318085	0.08479601
0.1032358	0.02429064
0.01382566	0.04124905
0.178571	0.06963975	0.1257532
0.04608134	0.2229921	0.0483533	0.08652933
0.02387839	0.1845222	0.1069151	0.8279784
0.03841428	0.220853	1.256479
0.1007699	0.0715882
0.08237561	0.03548195	0.09507596
0.0827428	0.01013563	0.2359528	0.06267967
0.01880537
0.01218889	0.01131963	0.2879008	0.02650314
0.04565452	0.03122209	0.01660028	0.2357824	0.1257079	0.1626089
0.0160494	0.1809948	0.02048615
0.205222	0.7405351	0.0862099	0.1212295	0.02202209
0.01039962	0.4405474	0.06710137	0.05535161	0.03080566
0.03756633	0.005243053	0.03029025
0.07368673	0.02371376
0.03131902	0.04026616
0.0460431
0.08676442	0.006107945	0.03657421
0.03967888	0.2341622
0.03376008
0.04572722	0.04499638	0.1081796
0.01069943
0.01080008	0.05999145	0.1079471
0.07919579
0.06369962	0.06597766	0.09166449	0.04026941	0.3445561	0.007519654	0.008314504
0.1112613	0.04809137
0.06046318	0.03607719	0.05015288
0.0515151
0.01571331	0.05502738
0.02822011
0.03724117	0.01399722	0.02763364
0.05444153	0.08085808	0.04372969
0.02166968	0.006479425	0.5772771
0.03128545
0.01105143	0.02511255	0.01537438
0.07851192
0.01247641
0.02590381	0.0678275	0.1985471	0.1282975	0.01498851
0.03250759
0.006667791	0.01887045
0.1221165	0.02156817
0.08229917
0.004480203
0.04016508	0.05864629
0.3421608	0.04151607	0.01647653	0.1325731
0.02877077
0.01077714	0.02258407
0.02276615	0.006050535
0.02946529	0.04837552	0.06381186
0.04917286
0.0767619
0.01522451	0.1008481	1.367861	0.01462313
0.2294727	0.01311665	0.05676061
0.02712459	0.0321293
0.07359828	0.1228472
0.01746559	0.02735913	0.04878814
0.007718932
0.01544235	0.02340482
0.02250569
0.001675325	0.02665418	0.0320862
0.04936981	0.02066918
0.03029316	0.08591736
0.0308179
0.004456704
0.05254752	0.003914883	0.01231429
0.05036594	0.02096327
0.05371149	0.0529585
0.1209571	0.0487009	0.01005006
0.03250628
0.1558057	0.03154197	0.7184667	0.04600979
0.01071398	0.0282504
0.003022387
0.06012433	0.03585338
0.006808719
0.03376433
0.02021685
0.002827715
0.01376943	0.003882752
0.002023009
0.01013286
0.05696631	0.002148739
0.0167422
0.01521999	0.0159636	0.2600447
0.1439162	0.1568822	0.03083726	0.01746585
0.03129072	0.1503023
0.02070945	0.1273571
0.02827238	0.03070883
0.004235049	0.1470812	0.02736837
0.02565923	0.05087397	0.04473107
0.05877982
0.00718435
0.006396466	0.01999192	0.01553382	0.009873948
0.01464096	0.1430224	0.04041285
0.06853393	0.02867746
0.07479487	0.02444493
0.03012289	0.01009633
0.002994733	0.1644916	0.07877681
0.08109936	0.04405282
0.06682366	0.1587968	0.02426887	0.0996861
0.01149225
0.0103492
0.002944314	0.1027427
0.05139218	0.09396838	0.04171207
0.1324104	0.04059996
0.08469393
0.004509023	0.0497102	0.08656357
0.04339503
0.009580207	0.004335724
0.07184953	0.003867347
0.01641964
0.02073294
0.01896914	0.01067476	0.1626722
0.02091226
0.0688041	0.01360482	0.2011925
0.01335662
0.0155679	0.04641759
0.01660803
0.02267659	0.008173504	0.02093218
0.01646603	0.07779358
0.02975579	0.02411756	0.3576647	0.2759383	0.02832434	0.09198184	0.02601656
0.005259973	0.01167492
0.02837672	0.01793985
0.02263305	0.009397785	0.1277962
0.005178842	0.01362259
0.03755322	0.08332736
0.03036433	0.01334829	0.04322149
0.02908905
0.1833484	0.05516747	0.1518041	0.06965041
0.09932308
0.03868449
0.008582413	0.05205358
0.01920936
0.010786
0.01165262	0.04706362
0.07089398	0.004938545	0.0667434
0.05037477
0.07813817
0.02019854	0.02520249
0.01320913
0.02382632
0.03176522	0.1526037
0.008637505	0.1813421	0.01166742
0.02251246	0.1595761	0.2359977	0.1152522
0.005718502	0.2427899	0.04145401	0.2744444	0.1779716	0.239757
0.01743917	0.2092202	0.01228428
0.08931943	0.1908797	0.07392332
0.08943794	0.1947652
0.05575314	0.279714	0.03094103	0.2427351
0.3320105	0.02889305
0.3792396	0.09374981
0.341995	0.05624843
0.3223971	0.03784579
0.0219693	0.2661484	0.2274105
0.109129	0.2390063
0.005647693	0.2360964	2.278015	0.07156433
0.009540873	0.3020575	0.05031639	0.251658	0.1478517
0.06216546	0.0313629	0.0244031
0.03381248
0.2824351	0.02099644	0.0235015
0.02018782
0.03756588	0.1363208
0.01858353	0.002394788	0.06255134
0.009819042
0.1599085	0.03148817	0.05705117	0.008161257	0.1825766
0.01368926	0.0621524	0.0180384	0.01785877
0.007338708	0.1106262	0.02324627
0.04654579	0.08741856	0.1540195
0.004523696
0.01173394
0.01376838	0.02485018
0.0630918	0.06317644	0.07828316
0.002381969	0.0550451	0.004023918
0.04745969	0.004751118	0.02603927	0.1879587	0.09070953
0.003295721
0.03505057	0.1973804
0.01936929	0.1318538
0.07928941	0.1007678	0.2110295
0.01361175	0.176958	0.07144068
0.03076696	0.2883418
0.02677947	0.2251188	0.004982884
0.007062345	0.135181	0.04023078
0.03089095	0.004687775	0.05038419	0.1465432	0.001901415	0.1513256
0.1160827	0.07347572
0.04640832
0.003454453	0.1991389
0.03590574	0.03604378	0.01362661
0.3324794	0.007480738	0.05573447
0.02930436
0.03697373
0.02401173	0.007066835
0.01475767
0.01371417	0.2184661	0.1105988
0.07575835
0.02624454
0.0193501
0.01706706
0.04220556	0.04582154
0.05432794	0.0799235	0.08203379	0.01955145
0.04547105
0.1093689	0.04487047
0.005744033	0.02542408	0.2850542	0.007349489	0.09467871
0.08639811	0.4051595	0.01191817
0.003192053	0.2365703	0.04396743
0.01717058	0.09001013
0.01668389	0.01458709	0.1366442
0.02355871	0.1288688
0.02672534	0.07486414	0.05493596
0.1281545
0.02550873	0.01874347	0.0421054	0.2123123	0.09179909
0.04087542	0.01499326	0.02178997	0.1668528
0.02083304	0.05428791
0.0718042
0.03762363	0.04540397	0.1423165
0.02365668	0.1488884	0.1238813
0.003731278	0.2397501
0.01270699	0.1045046
0.01889763	0.04210066	0.1076834	0.0285519
0.02348047	0.2710511
0.01989798
0.1497784	0.03655894	0.1473276
0.02984551	0.06662837	0.04360248
0.08092723
0.001880807
0.01640412	0.05938655
0.05542788	0.02344306
0.1051768	0.009467946	0.03032538
0.1377968	0.06232671
0.003329797	0.08710762
0.003629833
0.06203168	0.04287634	0.04682083
0.03468836	0.03753913	0.08882563
0.07344822	0.006032729	0.6285545
0.04475724
0.01730523	0.1900601	0.03913943	0.09422546
0.03157998	0.006751791	0.3342889	0.05136509
0.008952203	0.4487919	0.02724636
0.2914837	0.07134756
0.1914854	0.3077263	0.1286509
0.06614112	0.3077263	0.1026926
0.02430565	0.2368814	0.07769565
0.03885305	0.293466	0.003170114	0.009453446	0.04565905	0.05471048
0.08644537	0.293466	0.06700074	0.0451079	0.02561496	0.06107667	0.2081892
0.09279341	0.07274887	0.2578851	0.03138918
0.02332805	0.2992046	0.00825066
0.01584004
0.05455118	0.0409307
0.04168994	0.01916199
0.08785776	0.07484253
0.02191711
0.02498587	0.101072
0.03923625	0.0283081	0.07511283
0.003245565	0.01064636	0.02205368
0.1099698	0.1345155
0.02830778
0.019508
0.04108118	0.02808302	0.04684297	0.1228634
0.0189593	0.03046529
0.02213946
0.01786014	0.04681711
0.02847583	0.01892158	0.1712428
0.002417235
0.072972	0.01849029	0.01545537
0.1393581	0.1225196	0.02401774	0.05261025
0.02234823	0.01130711	0.08986279
0.01452746	0.07077284
0.04208964	0.05137429	0.007548389	0.09519716
0.04464849	0.01440108
0.0589048	0.005296337
0.03506296	0.02749598	0.0443855	0.004358393	0.02933593
0.04449251	0.007006653
0.01810678	0.1152879	0.00392304	0.04506111
0.05874717	0.05105619	0.06875963
0.03533355	0.01532962	0.006945841
0.02686587
0.009724
0.01863263	0.05569056
0.002896263	0.03321629
0.008608951
0.03772855	0.02018242	0.09804249
0.04434037	0.005721021	0.01840003	0.005912395
0.03588791
0.02585657
0.05787034
0.04844989	0.03686318	0.07937862
0.01551482	0.02949325	0.01325063
0.2473891	0.02561342
0.1950711	0.06449567	0.08990252
0.2155363	0.01738412	0.02445285
0.006430062	0.01466989
0.002290466	0.09867513
0.02333342
0.08106635	0.10426	0.0167566	0.05205742
0.07539548	0.02365137	0.2126913
0.06306549	0.0715389
0.1430922	0.01102386
0.01744584	0.07121191	0.08705551
0.05069071
0.07103013
0.004394248	0.01642133
0.0279315	0.01222583
0.01440322	0.009603925	0.02578287
0.05506467	0.0386745	0.04817927
0.04397225	0.08584932	0.382702	0.01131047	0.09583653
0.1824116	0.1152603	0.156563	0.1384982
0.05104409	0.1950512
0.003920816	0.01680425
0.01216146	0.02053901	0.01199047
0.008394506	0.08512973
0.003414812	0.02372323
0.04335526
0.03350512	0.03023304	0.3160477	0.01271735
0.0176097	0.1015195	0.01581533
0.1346331
0.01516085	0.1325444	0.1724024	0.1552937
0.1628169
0.1944291
0.00526376	0.1762142
0.06701013	0.1505397	0.09241441	0.0193966
0.04410959
0.02398755
0.01360216	0.04067975
0.006155686	0.0329246	0.4165509	0.1699202
0.02149384	0.005770939
0.05504769	0.01318519	0.04949287
0.03391048
0.06432135	0.04191144
0.01382206	0.02567769
0.01703943
0.04784457	0.1085012
0.01558035	0.01915197
0.01436957
0.1040008
0.03025383	0.1418158
0.009060674	0.1376586
0.001770911	0.2048579	0.2824915	0.06876543
0.02627384	0.09383516	0.03226831	0.09831642
0.02747956
0.03618085
0.2427223	0.0174591
0.591728	0.05116432	0.004778289
0.1611681	0.00677837	0.1559333	0.2425416
0.03165787	0.1252535	0.01938476
0.01169217
0.04785122	0.04349383
0.02831912
0.05033838	0.03226564
0.0263115	0.02106988
0.04485079
0.00714158	0.0141454
0.008579815
0.05015234
0.02172211	0.05062361
0.1915757	0.01938404
0.01071394	0.09084833
0.01211713	0.07060736
0.06980748	0.0366236
0.116843	0.06646043	0.09182449
0.1244352	0.06291072	0.09223611	0.05620482
0.03864463	0.05690976	0.01840966
0.0311757
0.02919408	0.004629658
0.04472772	0.01481606	0.06934585
0.01050559	0.05199596	0.02771778	0.2388026
0.03435302	0.06416465	0.01726752
0.051387	0.1593317
0.001369772	0.1094358
0.04828029	0.2686765	0.01309542	0.2014645	0.1000627
0.006658901	0.09651943	0.00695563	0.03734722	0.01711575
0.02553946
0.02685132	0.03292304	0.01114143	0.011918
0.137115	0.04201342	0.03965927
0.05705593	0.05754796
0.03746108	0.005983436	0.01567569	0.1480512
0.04193054
0.0137319	0.04783395	0.005095841	0.01353757
0.03315839	0.08406249
0.04084154
0.03221593
0.02658619	0.06688331	0.03984307
0.07700222	0.06565565
0.08375168	0.001937243	0.004576558
0.01780879	0.00524876	0.146233
0.04825813	0.09343716	0.06169879
0.03337596	0.01712445	0.1695404	0.003299797
0.005954541	0.1058472	0.08050281
0.02397269
0.06338189
0.00627937
0.02826207	0.0854887
0.01568941	0.1143777	0.01672826
0.08060821
0.04512265	0.01380018	0.1400984
0.01289481
0.2186296	0.009779479	0.104465	0.03776121
0.008388288
0.08910966	0.01289098
0.06265823	0.000565145
0.1458131	0.02416359	0.09197453	0.02067353	0.04274915
0.01869944	0.0329529	0.06599018	0.05543854	0.03074584
0.007558178	0.01957947	0.05424044	0.1832656
0.08855826	0.05941786
0.00813037
0.1710111	0.006865163	0.04695279
0.02206511
0.02677666
0.1895921	0.007726824
0.01925888
0.01249459
0.04086698
0.04462081	0.03591064
0.01689933	0.02183419	0.1578041
0.0585349	0.1326028	0.01835255	0.009479834
0.04702303	0.08292323
0.04977399	0.4584479	0.04226589
0.01914652
0.01471026	0.03364003
0.08413516	0.0635426
0.02639343	0.03244376
0.07064249
0.02662106	0.09804832
0.1557153	0.144706	0.1149855	0.1351225
0.06966304
0.08183637	0.03627488	0.07503832
0.03090636	0.3764361	0.02593237
0.005689077	0.3163299	0.04604292	0.3018845	0.2536805	0.07967158
0.004774274	0.2321434	0.006283312	0.004828244
0.09375244	0.2438308	0.01286933
0.003399225	0.3057913	0.04429569	0.01475374
0.03292585	0.2709036	0.005356493	0.009410972	0.03926441
0.03834495	0.09960528	0.3076534	0.01901998	0.0396242
0.1390776	0.01931681
0.08761458	0.02730131	0.1587948
0.2061474	0.003896289
0.0707719	0.05778806	0.5842261
0.09447443	0.07673041
0.03376068
0.03481458
0.03085435	0.0391698	0.08253572
0.05521755	0.04999366	0.04613442
0.04745345	0.07387084	0.02992341
0.1769948	0.1918455	0.2958538	0.08259449
0.03203667	0.04090078
0.08186976	0.09886754	0.1223274	0.04373579
0.01833908	0.05494499
0.05234578	0.05413147	0.03819937
0.001836647
0.04492473
0.01265921	0.01379079	0.03381946
0.1523254	0.09467034	0.0749313
0.05173845	0.007514023
0.1032803
0.01212925	0.1203115
0.00505094	0.06845173
0.4309284	0.08758298
0.001655609	0.5256486	0.06622861
0.03798357	0.0978678
0.07623553	0.0006739416	0.3753374
0.01331179
0.2060899	0.008844079
0.04228004	0.02394569	0.5893874	0.08076112
0.006835179	0.04991517
0.02561976	0.04222011	0.05043376
0.007762269	0.08916389
0.04091338
0.005147724	0.01828396	0.6739554	0.05273032
0.03462372
0.02518208	0.04520781	0.03518616
0.03123553	0.1298702	0.05543357
0.009700187	0.005490832
0.02750833	0.02250518
0.005321495	0.08685219	0.02251484
0.0280256	0.03250077	0.08545606	0.01162209	0.07605589
0.014312
0.00505262
0.03230893
0.1780423	0.009481678	0.2858941
0.2193524	0.01883097	0.04058242
0.08236763	0.008203732	0.2059457	0.1272993
0.05686686	0.1118708	0.02033454	0.04433423	0.3196455
0.002176652	0.09666326
0.02456764	0.01688099
0.07210393
0.007247207
0.01609362
0.06108985
0.03817216	0.02817952	0.05899709
0.009334563	0.1740901	0.07767679
0.1048571	0.04428946	0.02277386
0.1058161	0.03073249	0.1153669	0.009212688
0.04481783
0.03454233	0.06531532	0.008313625
0.00528344	0.1016413
0.01075057	0.05322798
0.009536161	0.08815792
0.05279474	0.03552893
0.007642827	0.1080026	0.01065172	0.004155016	0.1523315
0.09668889	0.002290143
0.004552638
0.004485624	0.01652518
0.05642276	0.491229
0.01834734	0.2201042
0.008802764	0.006600252
0.02018887
0.1213014	0.006615834	0.02421569
0.02252205	0.01090607	0.06119861
0.003174665	0.1005476	0.04085433	0.03536009	0.02430127
0.1837997	0.04096486
0.02421992	0.007366313	0.07292732
0.009245777
0.01352992
0.02674406	0.006011892	0.07523435
0.05162458	0.6462062
0.06449797	0.5103927	0.090222	0.1748695	0.02674214
0.01258101	0.6330083
0.01134006	0.4977899
0.2452957	0.06259347	0.01949898
0.02861385
0.07849782	0.01992752	0.03431874
0.05686122
0.373797	0.04699904
0.03358714	0.05439302
0.04374155	0.08980125
0.03839371
0.02258616	0.00544628
0.04778063	0.01020848	0.4539947	0.001113676
0.03271803
0.007424347	0.1591352	0.03281536	0.05775812
0.08282463	0.2262555
0.05168903	0.1927514
0.1163657	0.2133148	0.02491376
0.06452124	0.2575412	0.05348047
0.1066306	0.2055424
0.05515478	0.2340584
0.01767263	0.2956166	0.1847892	0.07509097	0.1312441
0.1429803	0.1502398
0.07252951	0.2469118
0.01136752	0.2244059	0.03034854
0.0561586	0.2139133	0.03079458
0.157788	0.2132987	0.2470426	0.2444756
0.004647325	0.09522374	0.1533426	0.2035377	0.09652285	0.08754206
0.04346663
0.09103321
0.01051262	0.2437858	0.02014319	0.2002958	0.8194034
0.1167385	0.02343618
0.09001833
0.07582139	0.04850269	0.1646166	0.03463313
0.05532538
0.004032949	0.02350984	0.05201255
0.01796545	0.05432274
0.009983845	0.1137424
0.0437174	0.1543432	0.05568002
0.05477109	0.007465012	0.7573791	0.09709594
0.01447171
0.01607838	1.51304	0.004518338
0.03387219	0.09169752	0.03285187	0.2780836	0.09939703	0.06098302
0.3850943	0.01014467	0.09191129
0.08043596	0.08695445	0.08763251
0.07140186	0.08141822	2.242411
0.1386274
0.007334507	0.2298838	0.2349932
0.01632653	0.2346326
0.04394892	0.2221163
0.159017	0.2160136
0.03914404	0.02677215	0.002191593
0.06772681	0.1180489
0.06544617	0.04015498
0.04065238	0.0188343
0.078081	0.05142656	0.08600912
0.1449764	0.1785351	0.1448472	0.01141654	0.1535547
0.1942419
0.2326039	0.05438704	0.05983913	0.08761352
0.06363614	0.02486249	0.469938	0.06448546	0.1243142	0.2251631
0.1139751	0.1482546
0.002884713	0.1177017
0.08263639	0.1125476	0.2602946	0.06745001
0.0441633	0.0952022	0.06427592	0.03558309
0.02432033	0.008332131
0.1471387	0.04125588	0.09412971
0.0454604
0.05007364	0.8885329
0.07655281
0.1205686	0.007015965
0.02623961	0.1587542
0.08470809	0.009494544
0.04420936	0.03783486
0.04578133	0.1068381	0.08473709
0.03498019
0.0218415	0.03527515	0.2517902
0.04100609	0.05648673	0.0266135
0.006834416	0.06444276	0.07572056
0.02414978	0.04463573	0.02683271
0.01641905
0.04706808	0.09621018	0.01890331
0.01666728
0.3433573	0.02130405	0.05043317
0.00369277
0.04923015	0.02364394	0.06996824
0.01407314
0.005954165	0.4544967	0.03424253	0.05041301	0.3276822	0.05056913
0.009779951	0.6021767	0.1503256	0.05531598	0.1835972
0.02632685	0.4554596	0.08964143	0.1075631	0.02783152	0.005529347
0.01194498	0.6440953	0.1198445	0.3750412
0.06983491	0.4735556	0.1413565	0.162154
0.09350638	0.1665863	0.7582114	0.03714509
0.008856072	0.155705
0.004708414	0.1839676	0.03599083	0.07838845	0.1826124	0.07461047
0.08954245
0.1694023	0.04191758	0.05960657	0.1011531	0.3578366
0.01407168
0.04710239
0.05193568
0.02182183	0.05229547
0.03828335	0.1427476
0.006149915	0.02547527
0.00654421	0.01187132	0.0558608	0.7757254
0.01936898	0.003149302
0.04728632	0.03752268	0.1210096	0.01211066
0.06834366	0.003472034
0.6468726	0.04531551	0.05577499
0.02540152
0.003464601
0.0111835
0.007172146
0.01186166	0.002968951
0.006065107	0.01244568	2.208892	0.1147714	0.1029279
0.04232456	0.03321275	0.233557	0.01872612	0.02194739
0.0103054	0.05585836	0.1955629
0.0892409
0.0357345	0.03680231	0.07679647	0.08928495	0.0189433
0.00550242
0.02052944
0.03016364	0.3693144	0.1459325	0.07062901	0.08494225	0.2018563
0.02035736	0.28921
0.07638196	0.09854667	0.1588318
0.4550612	0.005177919	0.03731496	0.04277514
0.02499887	0.02607525
0.01066036	0.06198019
0.09266736
0.01834862	0.1201614
0.05304764	0.1677607
0.06683155	0.06062781	0.0532204
0.00596182
0.0614677	0.04938084	0.2137557	0.1157102	0.07981073
0.002659574
0.04786278	0.01038227	1.027223
0.0006984586	0.01465094	0.01671416
0.01903441	0.0198118
0.04983358	0.03065221	0.03859968
0.03077869	0.08732432	0.04549798
0.03502547	0.04954256	0.03799841
0.02832044	0.0567763
0.07056175	0.01790648	0.03237354
0.0121433
0.0251318	0.002548652	0.01992398	0.0117827
0.0585435	0.01561048	0.1442852
0.04963322
0.06789232	0.04168402
0.007149936
0.1162142	0.02218646	0.04429084	0.02465707	0.2439043
0.02463288
0.01927511	0.06477736
0.07385503	0.05570787	0.01646022	0.06920968
0.03342258	0.156268	0.04049478
0.007039567	0.1374416	0.04334277	0.2138752	0.02534888
0.01192104	0.08243355	0.1020335
0.0649401
0.01603965
0.03657372	0.03721873
0.02366968
0.04396434
0.00954971
0.04290855	0.07271605
0.1031772
0.4430896	0.04291728
0.002458457	0.007475169
0.05254571	0.03397926
0.06470334	0.01104228	0.01015438
0.00972225
0.03329757
0.005486625
0.005614535
0.08971705	0.01031808	0.1077429
0.05934434	0.0183013	1.367728	0.0473302	0.02427123	0.03178204
0.02337341	0.01093305	0.642716	0.1113131	0.0146332
0.1420013	0.002380876	0.2435311	0.04296615
0.007122172
0.04590109	0.06505945
0.04815291
0.0610746
0.01140578
0.006926941	0.009170106
0.03535586	0.07140602	0.1238501
0.01104454
0.002367922
0.05168336	0.001704237
0.02130393	0.00625769	0.4043015
0.05128298	0.07044971
0.005211028	0.07264897
0.01807563
0.01774604	0.09145498
0.03933674	0.04378548	0.03383131	0.01198169
0.06065283	0.02024888	0.1055531
0.01723514	0.01964305
0.04019682	0.09670803	0.2062506
0.07562873	0.05120116	0.1555335
0.03982119	0.06529207	0.02625283	0.6515598
0.08973749
0.01162712	0.005773195
0.1556775	0.05629195
0.2533	0.1259635	0.3649763	0.2793073	0.1127478
0.007661474	0.1506864	0.3437093
0.04654152	0.1036312	0.2166878	0.3227805	0.03191651
0.06313331	0.3554695	0.03079578
0.04473889	0.00269352	0.1094488	0.157444	0.05672146
0.05590777	0.2149478
0.005939928
0.008508452
0.02343578
0.0096124	0.02826877
0.01250239	0.01264083
0.0227051
0.03262026	0.0956817
0.01557312
0.08841129	0.03218279	0.04825138
0.01098866	0.04833262	0.02688874	0.05922516
0.004966827	0.1279639	0.1837238
0.03909586	0.002578566	0.06057712	0.2018316
0.06419613	0.02756133
0.05059312
0.03315851	0.05654037
0.01655741	0.118621	0.1208502
0.00733107
0.1529319	0.05480854	0.2715849	0.02500048
0.008287054	0.5075508
0.0216252	0.05850709
0.03441365	0.1788732	0.01039921
0.02675289	0.003419729	0.04582779
0.08409042	0.01172652	0.01154661
0.07719247	0.04575839
0.03384567	0.003044143
0.01999239	0.002909562
0.01780114	0.04089112
0.06401053	0.0394272
0.08298785	0.02588269	0.1055906
0.01843951	0.01726809	0.01070065	0.07065218
0.01336713
0.01911145	0.008179264	0.01195902
0.02851976
0.002966779
0.01175633
0.02001018	0.02816006	0.4564124
0.05047928	0.01947431
0.03833828
0.02589557
0.03566171	0.003243167	0.0683002	0.01073009
0.01789145
0.07093957
0.004996396
0.004381881
0.01846255
0.02028616
0.02974507	0.1315256
0.07590783	0.05802434	0.09760179	0.367692	0.1341859	0.005171328
0.005105494	0.1802037	0.05447659	0.05753276
0.06251901
0.02784469	0.002349338	0.04202493	0.0146811
0.07358441
0.05917885	0.1514422
0.1844787	0.04991208
0.02602872
0.01728951
0.04917694	0.3514534	0.03747465	0.1023706
0.1045735	0.337581	0.05027384	0.117294	0.2249297	0.02513721
0.02580193	0.2922521	0.005679598
0.01065876	0.2712488	0.1094968
0.1000892	0.2285435	0.433103
0.02410628	0.04947577	0.4733074	0.1495684
0.06965472	0.3788424
0.03473862	0.2776088
0.006263928	0.01309811	0.2768342
0.01365382
0.07503055	0.01675023
0.06056057	0.001714191	0.005718427	0.001165949
0.03802457	0.006948919
0.02844092	0.1388118	0.004640303	0.0236023	0.01045099
0.005677048
0.04327906	0.008116744	0.04081941
0.002335713	0.07509202	0.0107568
0.01019518	0.03545233	0.02230554	0.04069026
0.02452667	0.03906829	0.09350523	0.445332
0.01876004	0.1799722	0.0299396
0.01080244	0.02155151	0.2430193
0.001874208	0.1878996	0.03682326
0.003110374	0.1262345
0.118062	0.1092
0.05076978	0.07818999	0.04449486
0.03404863	0.0153956	0.02954383
0.007860512	0.04631961
0.1135486	0.1408728
0.01359653	0.1719362
0.1291318	0.1542914
0.09838245
0.1122641	0.1637473
0.03293133	0.3574288	0.05005034
0.03723217
0.04130749	0.1383663
0.03514123	0.1804276	0.02333789
0.03474987	0.01432632
0.03237866
0.01093297	0.2074474
0.01410285
0.04417391	0.2841551	0.05384405	0.08353764	0.1898172
0.002754857	0.01124302
0.007412035	0.09455043	0.008786243	0.1795672
0.02791925	0.2601916
0.02097016	0.05299187	0.04594439
0.01206271
0.1515355	0.01070095	0.1487736
0.03547159	0.00281401
0.006119558
0.02544425
0.06234583	0.1320644	0.0235738
0.1384584	0.08522046
0.06393593	0.03099823	0.0996795	0.02095282
0.104919	0.1036849
0.03834321	0.02831562	0.05371259
0.04745735
0.04577987
0.03325433
0.004194397	0.01134228	0.04602084	0.08217778	0.9183477
0.06268098
0.1467358	0.1787002
0.02089143	0.175027	0.06226287
0.2011248	0.007425708
0.1956409
0.2769626	0.2381253	0.1753234
0.05521836	0.2660318	0.05073365
0.07594668	0.2646466	0.01568059
0.02119522	0.3401406
0.1408467	0.3647504
0.056756	0.3037465
0.05422817	0.3502411
0.04322282	0.3795784	0.2274056
0.004017122	0.3678927	0.2470409
0.008096546	0.3818454
0.02494894	0.3893485	0.5400308	0.1299751	0.1128336
0.02626007	0.3337442
0.03414359	0.3808604	0.2069881	0.001969633
0.02014363	0.3833956	0.03668817
0.0247356	0.3529514	0.6846819
0.05871233	0.3820488	0.2672274	0.02990415
0.08733246	0.3960565
0.03757883	0.3416315	0.05424069
0.3998613	0.2992374	0.07204018
0.03277854	0.2947031
0.03290612	0.3109554	0.04243843	0.04144988	0.03083556
0.09746439	0.3436137	0.07157647	0.3596756
0.03740021	0.3029404	0.05113012	0.03620073	0.16828
0.0818709	0.3098582	0.07353227
0.02625691	0.2567684	0.1429481
0.09477533	0.01514315
0.006711077
0.0115304	0.02846049
0.01292498	0.0101211
0.001785615	0.03787841
0.02191195	0.01546583	0.1682413
0.1304503	0.005916626
0.01644762
0.01810024	0.2917214
0.005695985	0.009827661	0.2086883
0.01393323	0.0219756	0.02096365	0.1503769
0.01121512
0.007673963	0.1220065	0.02490982	0.005222689	0.1265599	0.08461434
0.02712396	0.1137587
0.05329846	0.4313606	0.07087897
0.07160501	0.0578119
0.08222762	0.0841866
0.0250207
0.01912364	0.05190789
0.009402118	0.0480042
0.0849954	0.05615185	0.1120614
0.01225237
0.04004167	0.01325291
0.04982568	0.1065424
0.4528955	0.0825487
0.05352631	0.04949595	0.05969022
0.02767184	0.03239752	0.002154717
0.02305677	0.05779899	0.07187983	0.1580403	0.1521779
0.0293217	0.008537728	0.3024154	0.1938247
0.02682797
0.02172005	0.05361359	0.02940106
0.1248058	0.003396858	0.007124851	0.08513753
0.08654879	0.01760336	0.03878166
0.08681067	0.01447147
0.01901045
0.03691762	0.01229914	0.07659604	0.08042522
0.02097975	0.003565042	0.1025298
