ExtinctionRateChangeTimes
6.933099	43.74373	62.30742
51.33586
25.22828	2.989433	42.46163	23.29969
46.04991	38.1181	49.58962	36.42559	8.006594	27.34444

34.21301	8.960913
51.94126	40.55279	38.81049	7.750517	40.05017
63.29497	4.060553
1.371669

16.70449	10.86401
68.45518	41.6138
29.06044	27.89934	25.38578

12.3987	59.24199
6.705449	47.41331	61.59954

3.295005

44.22644	43.4215	39.69632
8.532924
7.676362
13.12221

53.84304	33.53093
2.626542	70.2903	69.11215
15.88838	66.51031
19.60185
54.39144
45.56694
42.36216
46.60074
10.28063	70.81143	7.592629
8.892778	70.85817



18.06115
5.11692
8.298055	5.743451

32.37578	42.68582


33.14195	7.184676

22.71569
6.257611	65.46326

45.40815

10.54105


27.55986	4.276038
61.25832	69.32805	68.248
4.796216	59.7175
5.075153
24.15286
30.40724	70.25149	29.68921
24.93368
57.46514	17.82949	40.83976
51.75681



51.56278	30.39332

11.69863


46.08081


20.76213
32.25301


40.73212
9.010393


70.63612	36.24046
36.92501

4.40238	49.16907	6.852692	8.948033
44.45142	46.13232	12.08048
65.82785
49.89376
55.59502	29.1625
29.68602	70.56069	67.86976	24.04149

28.42666	12.91735
61.41241	8.86526	60.52355
51.80156	38.04696
49.56339

52.12317
19.94691


71.75745	43.34334	12.80533

11.86721
54.29958
58.09858
5.916486	38.772	6.659233	66.50146
66.95514	50.39553
48.98336	54.92233	63.85395	29.30408
34.55757	54.07705
51.77723
52.12068	71.43006
33.24696



2.423071
9.44654
14.07844
71.64026
52.75748
9.834583
1.538438
30.19359	2.734699	42.48039	68.31537

26.95186	71.39924	42.51489

24.88975

34.92911	5.878601

1.566398	67.2669
70.72455


2.416622
62.89266
69.85368
50.23776


16.78222	30.83502
8.327693

67.5129	69.36477	24.31559
60.57939
27.68034
11.4882
48.65165
6.267548
40.87089	66.03422


9.785366
24.25246	71.68445
42.86464	37.17939	17.81784	70.82456
46.08278	15.90469
61.00339
49.58497	17.16127
44.48624	28.74534
40.6816	33.94414



33.14441
11.94085
49.20589
1.666404
3.487679	65.12652
30.48647	21.61423
63.56053
51.34287	29.46885	71.55153	10.91803
6.028573	4.782804
52.56966	26.75557
58.90284	40.77994
29.54017	71.9073
60.5333
27.73382	38.85639	61.9851	63.57995
57.49555	19.3557
23.98071	17.2633	4.480504	16.38541	11.45572
22.97618
37.23011	47.64422
44.2649	27.29169

42.91519	2.302484

40.98438	58.30459	38.82782
72.28484
56.76374	50.21669
52.90922	53.05852
65.55813	70.39006


19.23362	10.96339	70.59539	70.92232
50.78837	59.10433

7.994915
72.22076	50.98008
69.90929

22.80328	21.77436


60.56112	33.80058

64.86237
22.17789	5.010771	32.9492
6.2679
27.04084
26.55052	37.75729


14.47304	40.72837	28.23297	66.52786	72.42226

25.83455	22.99736
55.65659

4.296823
58.15385

65.78011	52.89314	38.75427	61.90749	4.64464	43.10411
47.55278	9.738517
48.58233
34.21551	50.57768	15.25153
48.43412	20.08066	43.41331
47.04852	23.76301	11.12568	37.59315	32.73753

6.792426
49.83752	33.28796
8.805038	3.982801
41.73753	4.887967
41.92906	4.193968

10.08008	52.52234
33.49838	59.41597
67.02045	70.02276	46.74721

15.27811
27.14499	27.4538
0.655185

27.61621
63.66319	27.85045

63.90125	52.82859
2.177187	64.1142
51.71682	33.26672

50.33034	31.31754	31.13495
48.9271	44.9329	57.45871	35.88476	69.14266
44.37444	37.51075






20.04304	71.67289
64.84313
54.44615

63.38083
47.57816	23.06642	45.57657
37.66655
52.63068	18.51774	28.12949
43.71252	1.764172
50.84373	61.83117	54.02198


38.64612
64.14401	70.99089

8.629289

53.10708	57.05027
2.720717


44.5558	24.56564	20.49066
60.60959
67.11956
39.61429
50.96287	50.68926
57.3283	1.310022	14.54447	66.17353

24.8915	42.75579	13.74463

37.72697	8.583699	65.13899	44.75166
23.02429
42.53603	34.72002
58.42656
61.96771
49.59394
43.34224	0.2813046	44.30084
55.36124	0.608701
48.23793	64.10278	63.01403
38.05949
54.09161	28.2782	23.33678	38.9939
44.36031	34.14188	31.29404	64.84262	24.67834
41.75674	20.38869	18.08681
6.555107	44.13356	60.92614	60.246
57.00156	3.353968	22.17468	53.83285
46.08072	12.42357	70.26432

31.66957
38.34848	67.39609	36.48775

27.24024	26.50002	49.8348	26.65432
31.81199	46.69105
20.25279	17.86239	7.13405	29.60423
8.6316	8.870082
39.41246
64.56745
63.65908	30.71602

40.29874
3.309848

63.80698
57.47203
47.26192	34.57052
38.62868
45.72017	30.46916
51.92166	26.17919	49.51452
50.51001
66.03957
52.57843
43.03934

36.1124
28.48242
12.33454	70.80238	11.07371
20.56142	70.62879	18.34479
20.15364	3.518664


40.13199

50.53751

72.19651
7.535902

26.05766
49.64037
3.733998


72.49538	37.61022	12.66238	22.65476

56.14782	28.00716
43.25776	36.79868	64.50304
47.17391	0.4387297
47.69929	27.03464	0.4985599
53.98547	3.229132
9.551467	48.5553	62.08732	72.25431	68.31649
49.81191	9.136819
41.39034	11.91428
12.81021	60.52987	44.43863	12.04538
32.39243

5.743482

43.45648	25.62555
17.36744

29.82185	64.44277	29.29539
60.45445	19.75878
61.67248	41.57405	32.74303	70.6433
33.68503	19.24253

54.43804
41.86137
44.13289	6.793234	23.07462
25.94305
39.17611	27.7696	15.64574
42.85691
61.83966	69.63524	33.32216	71.8809
64.33308	43.83247	56.45207
41.28474
28.69163	10.94401
22.65009	41.86486
47.09665	56.0122	61.6993	62.25041	7.336879
47.65921	59.06994	63.71874
58.12744	50.73903	24.71576	2.471355
37.35761
60.27723	32.24268	0.8376323
54.22423	18.33685	7.678486	43.04152	49.74016
52.39765	32.52557
42.92582
45.14525	69.87399	13.17099
44.62503
37.44755	52.13927
45.42563	69.94673	32.55946
41.14166	72.01093
36.53822
40.44036	9.178599	64.40277
45.42871	5.683012	1.375405
20.49129	15.03562	70.32278
49.12534	29.729
58.14893
43.97589
1.407797

25.10454	58.72082
38.9007	53.54987

56.71909	37.2324
37.10779	51.8774
31.22717
66.29032	5.081195
59.5683

6.079504	4.571227	63.10754
44.24514	34.05514	64.35712
50.07293	38.79291
49.01376	45.24103	12.26601
0.9122944


32.4399	29.20801
52.77249
64.50159


61.97909	34.78724	28.42287
30.96611

33.37721	32.73415

48.05322
23.84245
16.66729
72.50769
48.3519
43.82962	16.84163	40.25176	39.93355
65.7681	72.25376

2.146286	4.979101	55.73045


23.95752
41.41404
26.33486
69.81982

69.9729
27.71427	6.781726
0.4200652	11.74925



14.8542	61.34012
43.13855	32.61626
47.82921	29.15136	24.76869
47.55648	52.25716	24.71569
30.79422	48.11327	10.0749

15.17075	59.46587
46.65555


72.10983	31.93567
45.117	33.70292	34.77919	53.42289
20.90314	69.89704
63.21141


2.43476	33.17523	32.38569	67.53805	16.24761
5.675469
0.6555963	59.26975
39.84249	32.69322
33.75941	26.34349
38.37432	71.67146	71.14997
53.59349	44.11434	69.98848	18.62403
19.61205	27.41434

65.08641	38.04034	50.64902	28.02405
60.72006	68.46355	39.49883
30.68866
44.49975
63.9814	12.60503

13.72266



60.25628
10.12507	61.35304

65.96867	71.6747
20.44659	71.13606
48.61142	2.798715	19.23461	63.29101	64.43985

20.46043	55.08661
59.07702
0.4620575
26.3002	3.045969
59.4262	40.71697
11.79922
48.74291	4.304163	1.50283
50.47347	72.28602
20.47279	4.145309	60.69424
66.69921	17.61396



7.056898





19.38727
29.70932	0.5296612
10.12248	61.14399

14.17374	6.713549
15.26462
42.82731	0.1026077
67.44057
33.43492

50.8655	7.144695
35.51336
13.0984
51.86219
49.63962
36.79186	67.593
66.76843
26.98552
28.09279	8.44874	1.570154
28.51911	47.76136
44.75396	66.46738	37.05238
32.04098
31.40613
42.0601

8.076229


5.429788
23.63452	23.1121

57.54652	56.28615	25.66875	6.59912
10.2326	45.71652
8.39418
53.49972
42.77668	67.56667	18.28334
27.69156	9.926699
24.60474	61.1966	24.53506	20.62662

11.70718	42.33592	10.49158	6.305701
25.24292	61.58114
40.6316
57.64769	52.23505	37.34815
64.42882	8.911221
51.63552	70.07944
48.22604
43.54954	39.11738	7.413863
33.56318	32.08432	22.61908
40.28471	24.28284
47.80802
39.0569
34.74946	11.38828
24.98516
51.54893
51.55467	37.41266	50.20943
53.09985	21.84177	47.43053
48.86276	67.77107
43.5998	10.70712
38.64659	1.227448	67.45216
53.55417
43.17574	41.98763
42.56264	30.61572	23.96804	28.7133
42.6487	22.20275
37.7535
44.77021	58.00651	5.425394	68.89577
44.72909	19.81073	4.395403
6.623942
51.50541	29.84722
3.090789
19.58621
37.99162
37.25082
56.78302	72.5148	53.76955
52.40942
52.22505	48.9276

49.2346	36.7977	32.38894
52.58242	12.94069	22.25947	31.96009	4.169776	13.51432
7.121572	42.18968
10.59597
26.62427

57.78713	37.91018	49.71933	69.52571	72.32052
11.69361	37.80527	32.53	11.42768	19.60943	65.55644	30.7276
53.41764	13.76478
43.86363	30.53652
40.50023	71.97835	17.38237
56.02002

4.419729

62.74749	10.8967
21.19158	8.714169	0.1888911

51.67009	6.88792

4.336721


21.79412	6.765062

36.86648	63.45036
31.83035	14.8399
27.40174	65.7008

5.164987
31.06737
2.766522
61.03735	62.64204
50.96146
45.83932
24.87926	16.59661
13.75376	11.1521
37.31782	26.47115	34.83428
63.93044	26.22649	23.30497	26.16916	22.16336
57.35856	33.36821	56.05324	14.98611
54.7071

17.1992	12.5284
39.70262
14.75608	43.2377
71.52379	63.87449
49.05147	30.1934	18.82395	6.988401	42.53701
38.53819
49.16155

19.20254
53.09673
59.86209	47.84509	18.70128	6.979245
39.82876
47.99939
38.12265	66.53685	62.27199
38.75334	26.63589




9.33598	16.94508	9.279292

20.37125
26.88921

22.67994	63.46304
9.794697	63.70391
8.04228
49.84627


72.12376
69.35131
61.7265
27.01247	60.40402

62.88454
56.16925
66.58641
14.22162	35.0521	30.43815	67.35509	13.50382
44.59298


32.66393	29.47995


71.23902


69.82894
24.89824

21.48086
45.0843	38.15624	10.13361
31.21824	36.89982	63.42769	44.20462	65.19006	33.35869	55.65642
42.79734	15.55032	15.09302
48.24975
55.71998	39.20263	0.5796414




68.45739	30.3178



61.30728
40.22483
53.38401	64.59106
58.60811	47.65739	4.147834





71.76265
61.96663	61.02902

59.03557	5.685087	47.10021
49.17092	7.309915	43.75286

10.65869

4.225679	4.154544




18.2466	27.05766	17.72572
10.23957	66.50203	34.83946
0.3336179
66.42824	56.72881
48.97671
40.88783
69.13913	11.53048
64.95876	70.78272	62.49416
66.0235
69.50372



11.16574	10.53151	51.951
24.31699
64.20908
48.0451
67.61801	54.05288
5.101711


45.97255
33.56073
53.25182	38.0748	5.344256	44.19117
54.95848	30.38458	71.5488
53.92736
51.90901	37.86941	66.99785
68.65197	0.3701582	71.55351	26.75506



43.0074
20.66973


24.71739	72.49301	8.377053

2.612128	27.49556
63.75472
16.58203

26.62788

0.02752775	46.85504
65.80044	71.51523	59.27461

6.931382	37.33429	32.49795	63.29168	22.17733
57.18795	70.49365	11.28914	3.399007

25.08414

52.98612	36.67821	57.20623
63.21443	39.08779
41.13679
48.30072
52.04524


28.01801	15.64207
49.07383	66.12807

13.41206
15.78836
56.87135

24.36986	3.729412
43.48105	35.86892	32.88885
64.54235
18.27359	44.95302
62.72095	24.988
9.3037	62.56889	39.79732
31.3893
49.15693	26.49448	26.93578
19.82945
41.39957	3.393134
17.34932	15.85772


32.10651	52.2734	49.91198	70.41874
42.01747

55.95937
0.4917129	10.32621	49.45564
63.69395
23.65389
36.83484	6.000117

32.12466
43.82226	62.54367
33.39641	11.75993
36.44888	64.97946



51.03124	67.98792	67.5474

18.70698	45.05169


22.80678	50.04872
70.53581	68.94113	23.58625	70.513
21.16999	26.99156	69.53819	70.23908

68.0085
40.9617	19.44948	18.08176
12.14908
63.79597
0.1045345

68.10814
48.34131
66.32062

46.16422

54.58072


49.60812

31.65766	12.4971

69.4603
68.67288



56.74418

67.24313
11.51166
53.0993	44.06416


71.03586
65.98337	42.57072

49.96439
44.80679	18.96981
22.66337	15.79473





42.76982	23.5897	37.19315
20.57659
30.07414	55.29671
61.65314	62.39232
45.32153
56.52644
36.66246	15.11939	2.452669
35.78444	69.41854
16.3045	69.14692
54.35842	0.2182466	13.75261	61.62823
13.19095	11.36555	71.70065
41.11313	65.90293	30.94648
26.27222
38.61443
1.058459
41.91707
41.8632
36.37204	25.88647
48.90961	67.6507
32.22056	58.86399	56.52784
36.80543
69.45334	13.0559	63.68333
49.03008	54.48373	36.40921

20.30982	64.78379
18.66045
5.489271

61.40187	55.37509

43.05003	40.57576
4.097006
39.78232	37.73031
62.03909
48.26422

49.54988	48.95025	15.38392
60.84746	32.51308	3.778151
38.07451	62.53912

20.66646

62.38322	24.70082	28.28366
43.15292

71.31708	54.48817	38.80874

38.63836
12.79633	59.36607	35.89011	72.39647	57.72328

15.78234	10.0201	28.30094

70.95149	61.43623

5.572313
54.53521	31.63222
33.9322

0.2149896
15.60994
51.96984
30.67934	23.97863	21.52132
4.912068	44.24136


56.18488	52.06035
48.09777	38.13539
60.99021


2.411336
65.79379
35.10983	5.995978
38.78365	23.3539	7.110952	60.8611


35.93708	69.05003

1.955935
48.8381	11.75396	71.63285
44.07166
43.5287	26.94526
41.55441	70.97572
26.7294
36.19583
39.44879	31.90296	59.54688	28.26837	15.84157
40.72791
17.0693
39.52472	66.58584
36.90653	34.07767	70.18493
32.09203	28.04212
26.55492
24.05237
29.00931	62.1123
28.95887	6.772592	23.69439	68.0259	64.80066	12.88237	66.07509
34.85762	9.686743	16.27749	30.56646	25.13288
42.74095
45.01235
69.4086	15.52647	59.20486
65.68476
66.96159	13.38483
10.71232	36.44032
6.774774
63.59213
54.17296	68.60754
45.66697	33.7964
38.50118	69.42635	16.67319
34.43377

7.969956	56.98073	0.6408121
14.21532
57.18084

22.58076
15.59218	35.67662	12.46224

58.99615
51.14309
60.43107

61.93488


37.19502
6.240051

0.7390645
16.75103
52.75633
63.43352

19.41527
16.69848
16.77121

57.71265
48.78425
65.18228


34.59582

46.38638	14.49252	38.00685

10.00019

69.64755

44.63704	54.91353
40.96538


13.99675
64.94785

68.13466


46.99827
6.861538
44.64676	5.285431


47.31355	13.78324	6.618593
44.9184	7.653782	71.6344
44.07392	39.07586	34.02001
33.62921	41.55254	65.45658	21.27586	8.384271
33.03272	45.35863	3.898647	15.58776	16.64435	44.36954
71.04185	64.75651	22.34087	11.87622	48.64808
45.40698	24.63731
45.08923	68.11028	32.80348
53.12747
59.43575	10.17673	38.63235
43.30593
56.7381	17.33297
1.078523	33.31518
2.151117	0.9567968
20.10215	11.79051


18.01297	28.00125	27.67628
37.2459	0.5967009	43.79023
70.49617	3.558197	54.18414

43.68661	30.30006
15.99327
62.34545
16.78419
64.33649
71.81833
8.505948

10.1495	20.17493
31.68971	28.78541
15.31099	58.94314	12.00722
44.52803	42.07502
31.72252


42.53812	23.07357	2.700153
8.619803	50.37853
51.57429	32.43848	61.47148
0.2302592	59.78715	61.19146
33.46154
11.90576

31.2133
44.53974
61.12232	31.15319
2.109444	69.71148

24.53026	59.43709


38.20433
33.62102
49.2797
62.41948	62.3767


37.8016	58.84257
61.59765	55.5749
6.148035
55.77903
44.38197	36.4465	63.22556	40.75455
44.8533	55.07445
43.91083	30.71201
13.4576	58.77767	2.181421
37.49835	56.17222
39.75429	11.31536	36.54361
38.42333	15.16185
71.43314
52.26618

55.27802


21.03841	2.946164
47.15224
30.22831	5.653815	11.97338

65.40604	30.56831
14.21045	31.29969
11.88161	14.89236
68.54263






57.54407	49.38528	47.31034
22.40566	27.56113
16.14589	1.913262
49.35715	34.68333
49.55798
50.56599	38.86328

0.2474146	35.54638

41.03784	45.56684	27.02878	29.33214	71.40788	36.51916




68.72426
15.11881

28.71089

56.79659	38.77757	6.429104
55.68321	50.41777


42.35633	52.37581	36.96524	19.98898	40.32104
41.84801	54.8992	40.59819	29.6781	67.78261
41.84801	40.59819	70.97992
32.78083	4.810111
8.428935	54.70389
37.81096	63.55186	7.881559	20.08561	30.78039	62.80315
24.9563
2.495199	62.18633	59.26163
52.69972	69.47351
66.86287	0.774766
43.95358	34.26044
71.11111
54.91115
3.466073

23.46812
61.11438	56.83751
41.81341	65.9936	28.09485
30.43215	40.57693
37.59368	12.49167
14.73106

59.89812
60.63991


28.96374

47.2937	46.97631

38.1668	28.8522	19.68453
50.36651
42.33803	18.92773

52.1013	66.17047
33.71006	48.60837
45.14991
38.68302	66.07273

5.489409	61.9222

45.8187

18.18991	4.318999	55.88247
13.42998




31.91733

6.657832

37.99246
31.40187


43.74838
23.80409
61.51195
47.25045	31.40873

68.05665	52.65138
44.51529	32.58291	34.68627

66.2934	52.9749


65.48177	57.7513
35.06656
38.64453
11.78144
61.48279	20.85458
30.29404
51.50919	13.55575

1.715715	50.24413	13.70194	14.9797
60.37175
34.86848	64.50763
11.94606	72.5124
30.74052	50.35794	22.47938
48.1693

16.92991
63.67596	51.29
30.61356	14.09888
45.01205
1.167059	14.28327	6.691153


42.94359	12.67142	71.48586
50.37725
68.64424	31.94835
49.58114
30.01732


3.148569
23.43415	60.31744	71.29935	57.88963


54.63635

34.27894	11.63362	30.71141
3.226671
62.53498	45.68653
56.44774	65.49871	69.28543
30.93706	46.52528	8.513979	27.97576
0.3493863	59.86431
46.95782	10.01146	40.81275
47.23553
32.19621

59.19125
30.53595	16.20067
10.89732

7.814531
8.610275	68.35684
19.50272	63.19335	13.65182

29.0511	23.08519	28.50946
60.31403	53.77408	1.533051
43.43836	35.70519
49.52112
33.20248	47.63561	34.47223
16.89768	18.56096	0.0380281
30.16053
0.9642857	60.76084	64.90022
70.76594	34.37046	9.554427	68.0126
1.197789
29.14208	12.18903
39.34863	59.4277	53.89375
67.46031
9.422287
47.55844	34.93901
42.18768	63.72018	18.89425	0.4868944	17.13346	34.82984
14.28081
48.69167
1.208577	13.4757

56.84166
45.41907	72.44568





52.52644	18.00865
42.0195	17.20287	30.00285
53.13354
62.96617	43.16165
31.95586
20.00106	19.2393	50.87984	1.159287	37.48144	46.00834
51.05325	71.168

16.56766	61.94836
46.19098	15.29666
41.46041	60.66965
1.957712	54.67255	4.366898	70.28174

54.07018	65.11955
54.70779	67.65579
17.87019	50.14406	51.94789
47.65009	11.66992	64.04284	7.027232
48.30957	40.03687	29.20935
45.97469
60.07837
29.79051	58.69103	30.54834
44.86821	70.94131	68.28493
48.2745	29.89449
7.604649	45.0632	53.64534	23.79487
27.43224	43.46768	5.728171
0.03082942	12.57269	45.28659	2.525385
58.57044	36.78729	67.2482



62.51097

19.45945
46.03543	8.867548
7.986142

50.12058
21.18044
33.4359	23.41674
34.07678
68.64156	63.79841
40.76924	13.95866
14.69844	68.14876

51.04918

17.80349

7.764761	15.99772
9.298452
63.05332
46.52314	38.65037	29.73364
0.4307375	66.7885


44.25028	39.91338	40.62642



54.89817
25.16155
64.03129
44.91635	18.20473


55.10034
30.59265
3.9832
21.48608	56.98018	5.142052

1.614286	7.349504
57.87878


53.97379	68.07503
49.1152
13.8356	53.17746	52.6088




50.37956
60.96759	17.09125
49.43569
71.21559
44.74282	47.58275	43.3919
3.668368	0.2167642	63.86419	46.47013	50.5596





69.31173	33.53647	65.92754
36.67073	67.89669	1.176565


57.81752	42.07323
70.83803	28.83171


1.7472	46.75953

24.06707
47.85568
58.39024
70.00336
7.908113
4.919989
13.07688	61.07445
55.76769	29.38799	49.19415
27.3474

60.91103	23.25539
14.15116
34.43831	4.915127	16.07539
0.4250788	31.78492

63.64105

50.20432
6.669126

4.039852
0.2104638	34.33544


69.56792	24.55044	7.902113	21.95337
46.78153	44.32126	72.14891
43.70978	31.28622	25.0125
44.01338	31.76439	31.45727
44.17993	40.47225
46.27491	9.370958	25.18313	33.6773	62.09032
8.434575	50.47601	58.42688	29.66917	27.88926
31.13103	60.44715	22.57186	51.1483


64.06873
66.47097	63.20976
42.28993	52.00748

27.1273	71.6939
46.31566
37.21469	1.129208
42.2066	13.93064
8.116389
9.643621



45.2827	44.75496
63.90748
69.2396
69.98117	56.16092	24.45993


25.01944	66.56515
45.33996	41.72279	15.2296
55.3936
66.56535
67.82639	22.41992	6.588894	52.39067
68.545
22.02817

59.85279	13.3202	11.78217
63.44003

52.81093	10.11719	35.94679

0.7901606	47.55172

38.29185	18.48679	9.159203
16.08118	35.11541

51.95788
47.18187	32.03014	40.93987
8.919334
32.38407
44.63437	40.82432
41.64918	70.00604	28.27388
56.09121	57.89297	51.77599
51.97639




54.57984	2.038853
53.5831	0.2235754
54.77703
19.2943	46.80011
46.09637	3.472156
21.91165	57.55311	15.79436
11.90451	43.14094
48.2614	17.00598	34.37002	10.03507
41.7049	23.18436	64.70675
56.78221	54.54032
49.74298
20.14637	45.60853	10.98926	59.74593
43.91093	27.55946	69.06845	9.168346
45.26829	21.51529	67.52238
37.22409	70.89125
51.64283
46.52794	56.56811
9.376237	43.90024	13.61408
25.8416	54.74042	42.93817	52.98746
55.09942	43.62096	32.83822
16.24375	66.29026
60.11567
29.79307
25.16125
45.72209	28.93025	27.80971	25.85156
29.69305	43.36749
45.43788	57.94439	2.685661	17.62514
42.65711
1.309578	25.72386
43.54281	27.70715
37.2112

58.79587	33.0692	50.50591
34.68667
35.07319
50.61733	49.89952	55.14829



26.34467


32.28747	16.46032

71.47899

63.04448	62.79598


68.7209	43.04728
66.11007

38.88367	38.93909	31.25497	61.21542	30.84227
57.13555
24.86733
47.16925	10.18489
19.46243	10.98255	64.2337


7.984144	50.88575


66.85677
63.02498	42.11359	17.70321	70.78359
54.59914	54.0034
7.382434	72.47957
17.53198
63.92996	21.15483
31.27805	11.9155	53.33366
71.84569	44.55382
64.81001

42.13618
67.50865

23.74312
62.95167


1.62932

71.28674	68.18488


61.15542	55.44956
67.36687

2.998397	31.27218
62.47079

28.35372	25.66764

22.488



56.26301	34.5291

52.9131	59.65126	50.85044

35.64745	59.19411	16.74036	31.01552
63.96051
36.14193
12.1443
71.27042
45.02985	66.92


39.97478	59.12743	48.38973	44.67185	52.12941

1.20156

32.01954	39.43285	61.19986	58.60616
23.92944
50.43865	33.63078	42.6427
9.47885

3.687261	18.38921	5.824263	14.22844
32.38968	52.12446	26.35162

10.95958
59.89279	4.946823	13.26318
57.238
41.33334	6.943065

55.32849
31.15027
46.00915




50.00864	62.3855

3.682227
36.85655

61.835
37.80344



41.35237	6.142659
67.40952	26.2446



68.92623	36.55272	17.61261
44.24689	70.68552	5.584462	8.653314

71.07373
2.834838	50.93862

46.05599	67.31555
32.86455
64.43914	32.54575
0.8558362
28.92017
7.927693
53.30416	5.776244
12.50667	53.94344	31.15092
51.67762
14.00129	58.98758
39.32586

6.654673
30.12788
7.940183	4.671041
10.61999



21.63432	0.2693154	47.49	19.0042	46.95433
32.89276	37.77504
29.71702


7.783136	55.49737


58.87012	38.4701	58.36703
57.59185

46.10708	59.41539	21.01482	25.54537
31.61388
38.80753	2.770796
57.123	40.93097	2.898873
66.97368
70.43324	67.88329




41.64008	21.68283

51.7186	53.12656	10.80771



64.79951
40.10633
66.37752
42.04147
19.55131
54.43721
35.62287

43.91403	4.035905
60.40293
57.20292
28.49589
69.47989
58.57928
1.908258	42.94857
60.58578	57.9426	45.17275
58.95827	52.84746	50.07002
64.21036	72.11354
69.97765
12.89736	10.20042
4.775133	68.64932	68.61068

44.72709	19.98163	11.12442
50.81271	10.6463	63.61882	37.10634	27.24228
59.42016	30.98649
53.25221	56.3264	28.79926	6.385752
53.86883	56.3264	11.75091	62.08504
5.057855	58.70525
53.66087
41.58185

4.002615	18.98107
68.15622

58.00843	8.537423

35.60053	29.31031

43.3315	29.71158	37.02912	30.17748	40.02881	21.29958
37.13822
37.35049	58.71689

30.69371

64.41106	13.27374
60.36759	57.18148
44.06193	38.40851

35.37043	24.90343


51.25725	44.04882	61.90688	64.09782

15.84033
15.28942


16.7069
0.9899738	68.91196	58.08361

69.9277
72.22378
39.4038	61.82135


68.85058	72.43835	52.25848
52.71089	2.498156
26.15884
36.2246
61.51563	51.99066

33.64033

61.71421	69.661
36.42079
72.10892


20.25877	32.36136
44.74466
71.56197
20.53371	51.26033

69.04929	69.04451	16.67978
7.298402

7.041085




15.14292


2.963973

46.86986	21.84312
24.53516	62.17478	1.814009
60.45894
51.12597
64.47706
61.00462	30.38883
59.18767	65.35908


71.25869	50.96358	44.02737
45.66094	51.40356
69.27436
27.11557
6.503217
69.9337	30.51775
5.724126
15.62057	35.21218	33.89571


38.20781
31.0042	10.90891
70.53238

57.93932	64.38924

60.9501
6.932479


28.92086	26.35128

44.37567	33.9059

27.09294

31.02114	68.956
26.67526
50.60032	35.22699	25.35331	28.99921	43.81375	15.17609
67.42303
37.98351
57.66473	18.56681
51.49107
62.101
26.45657	69.18666

2.547897	31.94128	33.997


48.35751


48.02427
44.34609	7.586284


60.74197


38.8283
46.94702	16.30428
42.19322	62.51516	61.66834
45.75239	55.63448	61.96326	54.55399	71.98978
44.09964	15.81091
44.88812	72.45986
2.699873
4.528516	65.46819	50.52898
58.43896
55.37262
57.98899
61.31547
5.861113	69.50412
13.59152
32.84682	71.9937	24.8269
61.14733	42.01265	27.04018	26.26284
62.38876	45.75824

0.1849591	35.56758

28.18449
5.888297	38.71205

54.60474	48.04511	7.168469	34.8318
67.33871	9.445053	43.44823
47.64868	45.57553
5.199408	67.14011


32.29776
29.25086	0.6397541
47.32295	18.13318
58.94349	49.43088	68.66244	56.87632

36.52368
31.38304
18.70709	67.48033
38.54009	28.34296
48.91638
50.51205	45.03022
50.90391	23.58313
59.79638	14.16956	34.94076	34.87375	0.4692123
48.49078

72.51023
25.63634	9.712357
1.469545	54.73558


26.9098

24.63615	56.27953




35.14134
4.024202	50.47705	36.45999

44.96437
44.81934	30.76021	61.72623	12.84634
34.32983	39.94494
31.87458	46.76089
33.13346
54.55142	14.7988
71.56694
63.79601	66.95256

31.16774	39.93576	70.16677	18.35311
50.67288	5.353059	48.31343
49.584

39.78223	52.86545
16.87555	11.94457
64.29691
41.71779
25.57603	44.90302	43.37971
72.03819

22.14611	49.14127
13.09905	0.8725544


47.57415
6.716832
36.2903	43.94857
62.971
40.64129

18.74313	38.5013
55.90917	55.61392
51.36288	72.35143

11.8301	52.57533	72.24243
46.04023	26.1377	43.13895
31.1871	44.86933
50.31532
33.92184	55.79218
23.68014	58.41211
28.0865	59.01288
27.32474	55.70803	23.72726	61.38034	67.25924
20.28359	48.87071	5.983218	59.67981	67.44927	3.766459
42.79488	29.65114	8.146844
33.91198	47.32465

14.0385
58.92028
19.35496

68.27287
30.33112	65.68129
46.37564	43.13572
66.27094


52.9228	45.16402	70.59662
44.59301

72.08616
16.54124	69.62966

23.27874	55.5885
66.54673	46.81241	55.3319
63.75864	10.02549
24.09558
43.25772	54.16458	10.23928
56.56993
43.16222
21.3002	9.111161	15.81365	32.91861
30.94482
48.71044	37.43046	41.03726
3.817803	48.2469
40.81307	14.10441


72.40594
61.86404

34.49381	70.27891
59.7429	61.01476	12.69863



39.63599	50.99607
12.89115	19.6251
45.49512
68.93294	54.22159
23.36376	54.47743
8.458034
67.53212

48.72975	0.254764	18.85692
57.70373	40.95489
54.36802
21.39987
21.77233	65.45032


13.89982
35.28637
62.21634	58.62321
18.42122	66.58785
32.57958	68.46468	13.65439	65.38283
67.55233	26.13874	71.451
28.49354
54.85702
52.91149	8.395298
44.90127
69.34043

40.84578	35.36736	69.0147
15.99151	70.40088

61.88488	28.1475	38.39072


33.96068
11.93801	44.40638	8.364575


14.8716
34.76759	33.34781	30.58893
70.0567
60.49861	35.15662

62.29412
58.91768

14.44938
36.25531


32.71813
46.05153
62.1111	48.23835	60.40254
54.36026	66.73213	40.51102


16.8823
37.01134	20.35513
52.83026	2.816455	16.13327
53.58401	64.38021

22.41485

5.593279
11.10234

16.13429


45.22866
1.98015
55.53759
35.45567
27.94049
10.18263	72.1595
2.133066	1.573107	54.66807
48.7119	20.32955

48.29357
69.62687	29.73685
55.86591	9.975181	51.05452
8.334488	32.4822
61.05657
46.84612
33.4494	43.99411	61.86659	67.13299
46.8903	46.35594	30.55434	4.166429

67.24018	7.860195	60.01553
13.75751	61.308
35.41045
21.82826	23.26776	71.25602

44.69831	5.750473	12.2019
51.52633


56.32303	42.54216
44.07982
45.44608	3.624229
27.3989	8.499844
15.07659	11.87572
23.96965	58.46839	11.86937
39.48737	70.94223



49.44224
13.57856	7.661562

55.89701	8.176671

17.45606	4.08592	35.00267

52.69423
0.1006973
22.31217	57.90794	44.26783	29.16603
47.10775	18.11691	15.33761	47.90485
39.31459	37.44262	35.3335
48.95552

3.420768	1.385412


0.946468



7.259297
50.03078	27.34633
39.34005	70.19892	28.21522
26.3588
61.09027	63.32001

72.36374
12.79568
15.16322

26.99764
72.05798	28.39482	66.8751

19.51517	10.8531
70.2134	8.138803
71.77025	58.04752	56.97587	60.86268	65.91066
31.42346	5.932125	47.35251
29.58506	48.99485
32.08205	47.87032	46.80155
19.24389	45.81056	46.96148	64.05806
47.88505	31.51456	55.74848	14.79441
43.77072
59.32808	5.296286
54.55888
45.44989	38.11004
30.97206


16.1095	70.19484
12.76312	55.28205
20.27683	53.9259
28.35393	5.40654	14.85019
5.917011
41.05779	32.85996	16.82089
42.12305
68.32172	11.01981


45.6238	14.60284
51.17483	34.00884
45.9544

55.26531
41.91323
0.1812768
68.85842	38.59677
49.38206
62.57725	61.64157

0.5425291
43.42747	42.50775	69.99124
66.20742
38.93586	59.67317
51.76117

37.06114	39.51563	40.27452

50.22241	2.401826
6.935464	42.11248
65.3265
35.28286
69.51211	27.14837
46.62427	25.71655	9.615942	69.60756



45.40424	29.90512
47.46696	44.8563
48.00933	8.912391	43.04693
59.51722	65.27488	51.83932	69.09542
48.63879
47.72689




41.60859	11.1907
38.807	49.0956
42.06162	72.01702
16.51984	12.09015	53.59376

48.97593	60.83614
24.96759
63.65941
32.78775
8.908759
34.06385	11.73573	59.46042	55.85186
39.29578

66.04946
66.50082
63.66013
18.84383

12.29772	35.32158
22.34715	72.27345
20.04858	6.93027	50.91124	72.37143
45.97351
16.32578	15.32766


18.3813	53.96701
67.14453
66.70973	46.16757	14.44677	25.44289
66.32864
66.32864
9.418204	2.088805

4.679465	1.417743

1.932372
38.96556
24.22646

64.97832
22.24422	22.17297	17.2381

59.78651	45.76828	52.20205
36.08967
31.88923
35.24795	14.09209
43.28911	33.19346
33.66158
36.75254
25.67025	44.31429	15.79798	16.95243
9.165451
37.47942
27.72564	9.621603
14.55256	6.475317
27.9619	31.44209	28.2202
14.25619	12.04731	46.86249	61.38775	33.48608


54.55002	55.29875	15.27478	11.12408
68.74424

64.9427	54.01311	41.13929

52.44164	47.9285
47.9097
19.08637
45.52757	33.86531
69.33174	68.4713	70.46396

70.69145	3.516987
47.96819	19.52839	36.96688	24.88006	13.60762
3.605943	41.29377
28.14986	10.37066
16.35177	15.47328

28.79824	34.96799
36.85694
39.16532
50.33009
53.17363	24.58371
67.27184
61.73439
9.286734
33.36014	63.96334
43.86783	39.1168	1.039581	70.43453

44.5223	63.58186	63.61125
54.95946	25.62596	41.34963	10.98678	7.640305
63.20378
10.65357
44.80349	34.4706	22.3485
42.89514	33.47009	29.96063
31.17929
9.15439	62.58118

70.38228

44.34556
68.19387
29.06833
29.26192
39.05384	56.2196

30.1263	10.95654
7.187187	55.84157
17.72614	23.40974
44.50809	20.18918

7.070811	17.77383

1.574505	48.80319

62.3593	33.51599

32.76538	43.24809	16.9629	11.86673	11.47619
32.14522	39.92944	25.46758	7.545836
29.54444	47.23867	10.16239	71.77442	6.215622
33.31443	42.2873	69.93333
32.0375	44.46782	65.37645
39.84644	70.61302	37.07086
28.76911
42.71178	25.6981	1.824638	36.66362	40.29016

1.138618	72.01771	14.31808	71.65178



43.39198
68.2078
70.017
39.56698	33.93433	71.71767
50.95108
38.87551	62.08402	18.40423
66.41261
3.097634	63.30287




13.46781
54.31499	53.65188	69.94795	25.39608
51.83167	14.09345	59.12884	0.7455501
60.96896	1.156171

43.31034	35.64869	69.69623	19.28696


35.90501	68.14569	19.18177	43.84648	2.198604
66.71159
67.80049	62.57271
1.354552	16.89882	2.978797
2.962299
49.93786

37.17444
57.61589
52.22409	24.11456

45.00392	42.43189	41.05268	60.98231

44.05154	43.37613
55.00948	66.63131
18.12615
70.30843	15.79613
38.4899	66.50869
60.16211	58.4775
12.81335
7.021584	36.36042

59.32631	33.10631	11.67205
61.52096	36.91168

5.648882

0.5142583	40.97324	37.28865	36.78406

25.27223
42.31487	50.75504	53.00883
50.84461	27.40891
23.40553	26.05715	25.64057	4.06899
49.01132	59.02387


11.99585



68.76488

0.2891667
28.01426
46.4847
46.84994	66.2925




58.69358	56.60968
42.24481	39.8337	32.89505	0.3309106	20.71303
44.64539	40.54309	20.51348	60.3372
39.56857	15.94241	67.71428

3.014987



1.500479
13.95709	12.01338


13.35274
37.26965	33.74083
27.9334
70.22041

35.33457
50.78391	28.73482	30.75418
52.14973	64.16111
13.0149
40.19125	35.17859
52.17269	37.88027
3.892751	69.58039	70.8598

17.33495
58.99229
54.72306	53.07876	22.58459	67.67267
49.43788	7.095601
45.26274	12.05437	20.80567	69.41376
27.11209	43.4316
53.04985	29.91755	25.90196	10.48631
60.177



54.254
44.8004

69.00472

61.18871	68.24715
55.93582	65.24057	61.7492
25.1444	61.11424
48.30142	26.50847	12.52364
70.15562

8.276959
69.98288	65.10224

4.256844	68.67826	47.28455
68.67826
10.05862
57.36081	25.09125
67.78447	39.34722
1.393357	48.58757
45.02679
45.59929
44.55735
43.53341
3.259451
18.22706	60.58562
52.92194	36.49276	68.94682

15.44735	7.131946



41.81439	70.92024
4.40758


53.43557	17.46376	21.37061






42.8773
16.12801	38.20358	6.95981	71.52131	13.9863
61.69034	69.12252	37.1583

61.84971	14.34485	9.882607

6.212855
40.95701


60.16082	20.54291	14.02265
65.23669	35.23523	14.37236	50.45002	0.6605342
41.13864	16.82317
47.54066	34.94018
39.9095	67.42878
15.62134	63.66289	31.16533
63.85608
64.75591
48.4702	38.09005

58.54583
10.60094	69.41414	54.89382
25.37115
43.20707	48.00974	64.97907	16.46687

61.84815	41.21119
43.94878	72.49627
61.6198	4.110061	67.05269
19.67229	64.82674	13.00407
57.07275	45.61321
38.21419	37.15778
63.87108	24.17142
38.78405
66.47142
26.18392	1.208091
62.82885	29.09434
61.89114
69.05041
10.58102
21.09466

30.45587
68.99167	46.4596

41.14695
66.01531	43.56109
42.00789

71.22496

64.82978	9.657282	20.27566	68.43169
18.44147
45.61286	21.28118	35.17983
68.36595
63.34701	50.11294

11.99502	70.10554
15.67239


63.41659	29.576
11.58959
43.78605	20.03107	7.865108
43.78559
57.28891	64.84242



3.834288	20.77588	43.89566	2.466729

33.72066
27.22524	14.81414
62.61019

50.91244	36.86445
10.88553	3.487629
40.49567	17.91531
32.36838
39.52282
30.88023
29.60677
50.12267	40.69491
42.26404	37.00125
47.15203
59.04602	34.19972	53.19419	35.50241
51.26197
48.04306	1.131922	8.238656
41.2386	34.59273
41.53939	39.67961
33.3003	23.92045	22.18222
17.40649
25.96233	19.00787
33.75975	2.683621
44.42723
60.51957	4.187125	2.686479	45.53211
54.4985	17.26528	13.37752
53.45216	43.80303	28.16676	49.93026
52.6582	30.21169
55.89263	27.69445
66.61063

31.51794
53.577
35.29381
47.78841	43.91332
27.59169

68.52074
34.99268	34.32594
31.93067	14.1311	71.18535

51.38022	61.7957	16.75714	8.651485	60.2409
34.00371
70.63688	0.4580671
63.33746
20.06575

18.9978
11.47867
45.9118	42.65323

42.91577
33.96312
2.068129
16.28406	11.4749
9.967396	60.73035
47.10582	5.700793	18.42344	69.50776
45.73534	29.09033	27.53049

54.4904	44.34587
8.213538	11.75916	13.8497
45.24075	46.01511
0.3167001

14.90881	37.13195	71.19054
44.597	30.67444
