Iteration	posterior	NumSpeciation	numExtinction	numMassExtinctions 
100	-110.942232093462	3	4	0
200	-108.784323183874	3	2	0
300	-115.079459207149	4	5	0
400	-117.359650785351	2	7	0
500	-100.046417151166	4	1	0
600	-111.053966832285	4	3	0
700	-127.598955973057	5	6	0
800	-108.459767420456	2	3	0
900	-110.727182034618	4	2	0
1000	-98.9086765750718	3	1	0
1100	-125.204160749185	7	3	0
1200	-105.71839602699	3	3	0
1300	-107.045136608992	2	4	0
1400	-100.088297588305	3	1	0
1500	-103.804745639714	3	3	0
1600	-101.372822286431	2	4	0
1700	-95.57356312319	3	1	0
1800	-117.394848387281	6	2	0
1900	-101.334674225344	4	1	0
2000	-103.793340655035	2	4	0
2100	-103.981928602907	3	2	0
2200	-101.948123757794	3	2	0
2300	-99.7614119882409	3	2	0
2400	-92.2178354476071	2	1	0
2500	-107.486701272019	4	3	0
2600	-107.50394524853	3	4	0
2700	-106.702211370397	3	3	0
2800	-104.705847018355	2	2	0
2900	-102.771505737633	3	2	0
3000	-100.949117664945	3	2	0
3100	-105.558830686375	4	2	0
3200	-99.6398997712613	2	2	0
3300	-125.830035258073	5	4	0
3400	-108.699610588747	2	3	0
3500	-108.376627668865	3	1	0
3600	-107.577363789833	3	1	0
3700	-109.359435342327	4	1	0
3800	-108.301429025409	2	2	0
3900	-113.780221018829	4	2	0
4000	-105.005731550157	2	3	0
4100	-108.435606293112	3	1	0
4200	-115.016971921688	3	3	0
4300	-102.221530138728	3	1	0
4400	-107.101291629677	3	1	0
4500	-105.207338960822	3	3	0
4600	-106.49067550874	5	1	0
4700	-94.8207006391061	2	2	0
4800	-99.6671529042405	2	3	0
4900	-94.6040237865013	2	1	0
5000	-102.656149632183	3	2	0
5100	-97.6601827294779	2	1	0
5200	-102.630633853695	4	2	0
5300	-101.14580995107	4	1	0
5400	-109.11545626472	5	1	0
5500	-118.552188829954	5	3	0
5600	-115.023632218816	3	4	0
5700	-98.5944363054239	2	3	0
5800	-95.7578379602471	2	2	0
5900	-107.936691618701	4	2	0
6000	-111.48889005887	2	4	0
6100	-109.438533396769	4	2	0
6200	-109.720469069337	3	4	0
6300	-106.79169645096	5	2	0
6400	-96.8822602378679	3	1	0
6500	-99.0918640192885	3	1	0
6600	-95.6896944485457	3	1	0
6700	-101.338032004356	2	3	0
6800	-97.2779615248333	3	1	0
6900	-97.1917177280412	2	2	0
7000	-97.7874924776637	3	1	0
7100	-101.3101473182	3	1	0
7200	-112.255808613752	5	2	0
7300	-96.2710989893136	3	1	0
7400	-96.9972640884038	3	1	0
7500	-99.3258835747626	3	2	0
7600	-98.1379159523488	2	2	0
7700	-92.2803110333797	2	1	0
7800	-101.069056325557	4	1	0
7900	-100.140415466607	4	2	0
8000	-102.268066332574	3	2	0
8100	-92.4722144419038	2	1	0
8200	-106.857906703228	5	1	0
8300	-108.195250889935	3	3	0
8400	-101.472701939457	2	2	0
8500	-102.79819123814	4	1	0
8600	-109.298822754218	2	5	0
8700	-106.67471051895	2	4	0
8800	-104.070379246068	3	2	0
8900	-96.1836931400505	2	2	0
9000	-112.898654940179	4	3	0
9100	-109.952081687469	2	5	0
9200	-97.4464091496056	2	1	0
9300	-116.308821191234	6	3	0
9400	-111.622473416263	3	4	0
9500	-100.948697650479	2	3	0
9600	-102.780107188966	2	2	0
9700	-99.7917421523168	2	1	0
9800	-105.965783108812	3	2	0
9900	-108.821556788676	5	2	0
10000	-92.7119354760757	2	1	0
10100	-96.2048466128173	3	1	0
10200	-117.225466453998	4	4	0
10300	-95.1506833389963	2	1	0
10400	-100.367074718582	3	2	0
10500	-110.459302319847	5	2	0
10600	-99.0629775392185	3	2	0
10700	-104.895787908514	2	5	0
10800	-108.200851821543	3	3	0
10900	-111.443166150575	2	5	0
11000	-99.5546906414302	2	3	0
11100	-96.7191625532133	2	2	0
11200	-105.113542944226	3	3	0
11300	-99.4264704322715	2	2	0
11400	-105.72186333121	4	1	0
11500	-108.52327683846	5	1	0
11600	-101.918141407651	3	1	0
11700	-103.404206483207	3	2	0
11800	-98.6639176774137	2	2	0
11900	-102.08009390926	3	2	0
12000	-102.232484518204	4	2	0
12100	-94.1128819360288	2	2	0
12200	-98.9463173437056	3	2	0
12300	-98.6132489027567	3	2	0
12400	-105.620680427015	2	5	0
12500	-94.6072543721675	3	1	0
12600	-113.060418180581	4	4	0
12700	-98.3161926344845	3	1	0
12800	-105.807262773838	4	2	0
12900	-97.5348867953717	2	1	0
13000	-105.446800990687	3	3	0
13100	-97.2726809057193	3	1	0
13200	-99.6377352191526	2	3	0
13300	-94.2820062733938	2	2	0
13400	-98.529165374095	3	1	0
13500	-106.94028093117	5	1	0
13600	-99.4091415727851	3	2	0
13700	-96.4745597074488	2	2	0
13800	-108.598377896266	4	2	0
13900	-96.0681494725034	2	2	0
14000	-101.053996841264	3	1	0
14100	-93.8477669918387	2	1	0
14200	-97.2144176917871	2	3	0
14300	-105.187637503472	4	2	0
14400	-102.297526153944	4	1	0
14500	-106.004985943045	3	4	0
14600	-99.5853242853488	3	2	0
14700	-107.169880395834	5	2	0
14800	-99.7997560292027	2	2	0
14900	-111.63615947297	5	2	0
15000	-103.401963576707	2	2	0
15100	-101.07022963427	3	3	0
15200	-101.911103874947	4	1	0
15300	-98.2323138065007	3	1	0
15400	-101.55048744655	3	2	0
15500	-104.23077634924	3	3	0
15600	-112.114636640382	2	5	0
15700	-102.441691370422	1	3	0
15800	-100.65128086587	1	2	0
15900	-102.512208554658	1	3	0
16000	-101.577415372986	2	3	0
16100	-103.918335559192	3	3	0
16200	-99.1249037181643	3	1	0
16300	-109.342371824146	4	1	0
16400	-103.978416052425	4	1	0
16500	-101.679912179602	2	2	0
16600	-98.3427815202077	2	2	0
16700	-101.373965186076	2	2	0
16800	-101.811242687935	4	2	0
16900	-104.401577002467	3	3	0
17000	-107.883515545572	4	3	0
17100	-97.8976998426757	2	2	0
17200	-106.440609884707	2	5	0
17300	-99.9024812706703	2	3	0
17400	-108.510156329865	4	3	0
17500	-112.200972569296	5	3	0
17600	-117.812557895143	6	3	0
17700	-106.628603403155	3	2	0
17800	-111.636310735977	2	5	0
17900	-113.553929958322	5	3	0
18000	-116.264715196433	3	6	0
18100	-98.407873152496	2	2	0
18200	-112.634802474381	3	3	0
18300	-108.500487531398	4	3	0
18400	-95.8181577265044	2	1	0
18500	-107.017472155616	3	3	0
18600	-101.061634968467	2	1	0
18700	-105.54534653596	2	4	0
18800	-103.704953531414	3	2	0
18900	-98.2319274377248	2	3	0
19000	-101.113877605063	2	3	0
19100	-103.0789292487	2	3	0
19200	-97.4930796993924	3	1	0
19300	-99.7396875672918	3	1	0
19400	-110.973213590693	3	5	0
19500	-99.3383749495469	2	3	0
19600	-94.0401404752157	2	1	0
19700	-99.6284643576095	3	2	0
19800	-99.7892703111219	2	3	0
19900	-104.363607243508	4	2	0
20000	-97.5056995742715	3	1	0
20100	-106.487978481944	4	3	0
20200	-98.0725727750793	3	1	0
20300	-96.5163605930061	3	1	0
20400	-101.041425367698	2	3	0
20500	-96.3470115286929	2	1	0
20600	-101.02887062959	2	2	0
20700	-114.866634159051	4	4	0
20800	-102.546280136786	3	2	0
20900	-109.2900270523	3	2	0
21000	-99.8821114637243	2	3	0
21100	-112.697817741805	6	1	0
21200	-99.8474567172671	3	1	0
21300	-112.90028935771	2	6	0
21400	-99.8730067281927	4	1	0
21500	-104.307986852665	3	3	0
21600	-104.633852181326	4	2	0
21700	-94.5565037055343	2	1	0
21800	-96.9130604241599	2	2	0
21900	-98.3108935791544	2	2	0
22000	-110.978876588915	6	1	0
22100	-121.354093099829	4	7	0
22200	-101.327644808317	1	3	0
22300	-100.274290045173	2	2	0
22400	-113.241887850333	2	4	0
22500	-108.765163089332	3	4	0
22600	-112.132202863818	2	6	0
22700	-100.082464543094	3	1	0
22800	-103.223264685909	4	2	0
22900	-104.342080646379	3	3	0
23000	-103.303984291921	3	3	0
23100	-101.710001782469	1	3	0
23200	-101.125027805883	1	3	0
23300	-101.659986734715	4	1	0
23400	-102.46214894843	3	3	0
23500	-97.57406266591	2	3	0
23600	-105.811071999776	3	4	0
23700	-94.3805127061813	2	1	0
23800	-96.0754349917142	2	2	0
23900	-110.760345257785	5	3	0
24000	-100.771912830396	2	2	0
24100	-98.5086086401898	3	1	0
24200	-105.220105745141	4	2	0
24300	-102.319363533036	2	3	0
24400	-93.8946824732559	2	1	0
24500	-100.163635325858	3	3	0
24600	-99.9364815026163	2	3	0
24700	-110.044492793371	5	3	0
24800	-103.802228600949	3	1	0
24900	-114.881407651918	5	4	0
25000	-130.171407393039	5	6	0
25100	-105.660367306991	3	3	0
25200	-98.2444816432553	3	1	0
25300	-92.3830146678025	2	1	0
25400	-100.562990054642	3	1	0
25500	-93.0070205689948	2	1	0
25600	-94.0501927582663	2	1	0
25700	-92.8984480287726	2	1	0
25800	-105.515690695918	4	3	0
25900	-101.043448182498	3	2	0
26000	-95.7623242502595	2	2	0
26100	-103.127804668201	4	1	0
26200	-104.351903459776	4	2	0
26300	-105.444624601612	3	4	0
26400	-104.792630607344	3	2	0
26500	-113.055482581095	4	4	0
26600	-116.596369273699	5	3	0
26700	-106.334369266756	3	4	0
26800	-112.722791231822	5	1	0
26900	-103.001348682556	4	1	0
27000	-95.2487668615309	2	2	0
27100	-111.948320825236	4	3	0
27200	-102.934453353577	4	1	0
27300	-105.436013703992	2	2	0
27400	-110.692924813643	5	1	0
27500	-113.497587505838	6	3	0
27600	-95.7869848933014	2	2	0
27700	-104.97861851499	4	1	0
27800	-100.604427564998	4	1	0
27900	-105.162502706531	3	4	0
28000	-101.802006824576	3	2	0
28100	-99.7079362812699	3	2	0
28200	-94.6757493817742	2	2	0
28300	-101.489805227895	2	3	0
28400	-116.405820405453	4	5	0
28500	-104.441730802078	5	1	0
28600	-109.596501981606	4	4	0
28700	-110.68273273095	5	1	0
28800	-110.105587725212	2	5	0
28900	-124.848795838433	6	2	0
29000	-97.8388266698842	2	3	0
29100	-106.855799249523	4	2	0
29200	-100.231725557157	3	2	0
29300	-105.233852201216	3	2	0
29400	-126.377163191418	6	4	0
29500	-110.719063724213	3	3	0
29600	-105.114946510312	1	4	0
29700	-103.185216329984	1	2	0
29800	-111.334033525195	1	5	0
29900	-117.874139641244	3	6	0
30000	-112.204391100587	2	4	0
30100	-110.861116289826	1	5	0
30200	-110.170600151353	1	5	0
30300	-103.062253313523	1	4	0
30400	-105.26047676564	4	1	0
30500	-104.332237593785	3	2	0
30600	-104.162786966785	2	4	0
30700	-100.591105371563	2	1	0
30800	-116.281899783958	3	5	0
30900	-101.456946648067	2	3	0
31000	-105.485756334159	2	5	0
31100	-105.522088860445	2	3	0
31200	-118.102059656524	6	2	0
31300	-104.9108419167	4	2	0
31400	-99.2636908072432	2	3	0
31500	-98.4682168526755	3	1	0
31600	-99.373750592405	2	2	0
31700	-112.616063607799	5	2	0
31800	-94.6661650565036	2	1	0
31900	-101.340959130498	3	2	0
32000	-96.7479644021413	2	2	0
32100	-103.328796081829	2	3	0
32200	-96.5793692874017	2	2	0
32300	-98.1313531656206	2	3	0
32400	-105.921896546917	2	4	0
32500	-98.8831573823532	2	2	0
32600	-103.313139745085	3	2	0
32700	-94.2279290800664	2	2	0
32800	-96.0351648224335	2	2	0
32900	-97.2038379622335	3	1	0
33000	-97.2911543645907	2	2	0
33100	-101.151075287149	3	2	0
33200	-104.746043468474	2	4	0
33300	-104.34414639665	2	4	0
33400	-114.831648314636	4	3	0
33500	-93.3388651194485	2	1	0
33600	-92.4842747651667	2	1	0
33700	-104.766171102413	4	2	0
33800	-102.606404328831	3	1	0
33900	-116.425537882093	6	2	0
34000	-95.3822198413742	3	1	0
34100	-104.402365003234	4	2	0
34200	-100.628333404429	2	2	0
34300	-100.074524414943	3	1	0
34400	-98.9324242458822	3	2	0
34500	-96.0015610452652	2	2	0
34600	-105.960722198944	4	2	0
34700	-113.876491793292	7	1	0
34800	-106.385382602671	4	1	0
34900	-110.29573984374	2	5	0
35000	-94.0398259766908	2	1	0
35100	-106.567981442943	3	3	0
35200	-106.426774194284	1	4	0
35300	-100.708555887137	1	3	0
35400	-107.096324328265	2	4	0
35500	-101.153324316181	1	3	0
35600	-114.458647134546	2	6	0
35700	-101.138080668833	1	3	0
35800	-103.547389790855	1	3	0
35900	-118.74446568355	3	5	0
36000	-113.919555367882	4	2	0
36100	-103.67530068705	4	1	0
36200	-115.273934985987	6	2	0
36300	-98.1760899117005	3	1	0
36400	-107.158948114753	3	3	0
36500	-99.2712643039322	2	2	0
36600	-101.685899712333	3	1	0
36700	-115.800119362457	4	4	0
36800	-108.007366764581	3	3	0
36900	-111.698167633485	2	5	0
37000	-108.74260172158	3	3	0
37100	-105.832284905738	4	1	0
37200	-103.108700503925	3	2	0
37300	-99.0079013110512	2	2	0
37400	-107.464826290162	2	4	0
37500	-107.502839436341	3	2	0
37600	-103.969511611312	2	4	0
37700	-98.8397861697703	2	2	0
37800	-114.881098028609	3	5	0
37900	-107.87190435067	2	4	0
38000	-110.869504550525	4	2	0
38100	-107.873534560171	3	3	0
38200	-111.035144653347	3	3	0
38300	-138.633353251203	7	6	0
38400	-110.723118062195	3	4	0
38500	-112.701204662507	3	5	0
38600	-98.3761599593732	2	2	0
38700	-111.10236943516	3	4	0
38800	-121.804658704258	3	6	0
38900	-108.424076597731	3	3	0
39000	-102.918758470246	3	2	0
39100	-116.505654625814	3	4	0
39200	-105.915754840961	4	2	0
39300	-104.972427495828	2	3	0
39400	-110.555427594679	3	4	0
39500	-105.768188577667	3	3	0
39600	-100.600470215246	3	2	0
39700	-107.267623475428	2	4	0
39800	-109.279209356175	3	4	0
39900	-104.594222468434	2	4	0
40000	-99.5958348380703	2	3	0
40100	-111.594132782974	6	2	0
40200	-108.077396644264	4	2	0
40300	-100.650499093074	2	2	0
40400	-100.427856953162	3	1	0
40500	-112.279088726187	4	3	0
40600	-97.1306473355772	2	3	0
40700	-99.7163604046803	4	1	0
40800	-102.78478421602	3	3	0
40900	-115.318710188965	5	3	0
41000	-106.928468228708	4	2	0
41100	-102.654689203549	3	3	0
41200	-97.050542412218	3	2	0
41300	-99.7057061515485	4	1	0
41400	-117.743227967976	5	4	0
41500	-110.246239692177	3	4	0
41600	-103.438960540121	2	3	0
41700	-109.215313058237	4	4	0
41800	-101.28193726019	3	2	0
41900	-101.079799861385	3	1	0
42000	-94.0357975710437	2	1	0
42100	-104.239391702858	3	3	0
42200	-112.735933487109	5	2	0
42300	-102.905500971171	3	2	0
42400	-101.173736662116	3	1	0
42500	-92.3418407743986	2	1	0
42600	-111.119120892964	4	4	0
42700	-102.77870765848	4	2	0
42800	-94.7215065759551	2	1	0
42900	-112.704274098804	4	3	0
43000	-96.6134342641449	3	1	0
43100	-96.2167100845343	2	2	0
43200	-106.538973044113	3	2	0
43300	-104.336020938503	4	2	0
43400	-101.479395301858	2	2	0
43500	-110.953863893062	5	2	0
43600	-111.379635571596	3	5	0
43700	-118.673358385078	6	3	0
43800	-103.112460468497	4	1	0
43900	-105.831432379419	2	4	0
44000	-94.8013195795728	2	1	0
44100	-104.386643630775	4	1	0
44200	-100.476300428392	2	2	0
44300	-110.704583939673	4	2	0
44400	-107.185501570332	5	2	0
44500	-94.3864732337849	2	2	0
44600	-93.5593490323278	2	1	0
44700	-105.025049812239	3	2	0
44800	-102.171210998745	3	3	0
44900	-100.253522079156	2	3	0
45000	-96.4582325102321	3	1	0
45100	-96.4539800582246	3	1	0
45200	-97.9252652957466	3	1	0
45300	-112.027895525432	5	3	0
45400	-105.6339485611	3	3	0
45500	-105.878834792099	2	4	0
45600	-109.116582825205	2	4	0
45700	-122.845007301854	5	4	0
45800	-104.293772553526	3	1	0
45900	-111.867257946077	3	3	0
46000	-102.153653454459	3	2	0
46100	-106.51365232504	5	1	0
46200	-92.5818915797822	2	1	0
46300	-101.342001102059	2	3	0
46400	-121.081841125341	4	5	0
46500	-113.07719192855	4	3	0
46600	-99.2295656493781	3	2	0
46700	-92.1413775587694	2	1	0
46800	-101.016545782665	3	1	0
46900	-135.207285865723	4	6	0
47000	-110.416386865069	5	2	0
47100	-101.907462590164	2	3	0
47200	-104.953433715349	2	3	0
47300	-103.400224506131	2	3	0
47400	-105.407650065555	2	4	0
47500	-107.084536162449	2	5	0
47600	-104.660110466177	3	3	0
47700	-100.847886498956	3	1	0
47800	-106.667653161326	3	5	0
47900	-103.10157402262	2	4	0
48000	-106.039399440763	4	2	0
48100	-98.5491428196038	3	2	0
48200	-102.277041250739	2	3	0
48300	-92.188898814241	2	1	0
48400	-97.6991184661474	2	2	0
48500	-103.2012438757	4	1	0
48600	-95.7504735416068	3	1	0
48700	-92.9623290710638	2	1	0
48800	-104.625838153537	3	2	0
48900	-101.919659831143	2	3	0
49000	-102.554956092096	3	1	0
49100	-106.10120662057	3	3	0
49200	-109.731952194505	4	3	0
49300	-115.230285575677	4	6	0
49400	-97.7578751943309	3	1	0
49500	-97.5087459784567	2	3	0
49600	-93.4360294805977	2	2	0
49700	-109.72293178714	5	2	0
49800	-109.029748488131	4	3	0
49900	-97.3033004550546	2	3	0
50000	-111.734108720349	5	2	0
50100	-100.217733210972	2	4	0
50200	-100.564720657615	3	3	0
50300	-104.7329195785	2	4	0
50400	-100.584474285054	2	3	0
50500	-99.0737361523918	4	1	0
50600	-92.0071217203451	2	1	0
50700	-97.8660957533105	3	1	0
50800	-102.234686367157	3	2	0
50900	-94.165632809659	2	1	0
51000	-94.6910462461711	2	1	0
51100	-92.5595827384375	2	1	0
51200	-94.029148026981	2	1	0
51300	-93.0603445320685	2	1	0
51400	-103.325954747945	3	2	0
51500	-100.470065981932	2	3	0
51600	-112.848900671861	3	3	0
51700	-112.22634307339	4	1	0
51800	-121.6242234494	5	3	0
51900	-100.109919940767	2	2	0
52000	-105.790758922865	2	3	0
52100	-100.055583445379	2	2	0
52200	-99.8932094916529	3	2	0
52300	-97.8297330291796	3	1	0
52400	-97.8218292338763	2	3	0
52500	-96.8186557828206	2	2	0
52600	-94.3183600726632	2	2	0
52700	-109.4670478651	4	2	0
52800	-101.117190564677	2	2	0
52900	-101.929651418527	3	3	0
53000	-115.262329632657	6	2	0
53100	-103.637364101472	3	2	0
53200	-123.527677342055	5	4	0
53300	-102.843229418432	2	3	0
53400	-109.99770543765	3	4	0
53500	-104.024921036578	4	2	0
53600	-108.361277466274	4	2	0
53700	-103.346960364198	3	2	0
53800	-99.9985534629781	2	1	0
53900	-94.5907330111711	2	2	0
54000	-93.8442114457949	2	1	0
54100	-100.209265697903	4	1	0
54200	-104.28308186273	3	2	0
54300	-100.995720372233	2	3	0
54400	-96.7435840441874	3	1	0
54500	-118.102132400984	4	5	0
54600	-111.328339836599	4	3	0
54700	-106.277897708053	3	2	0
54800	-104.218054365122	3	2	0
54900	-104.058708836731	2	4	0
55000	-107.027637966381	4	3	0
55100	-125.352564746911	6	5	0
55200	-100.654981902651	2	1	0
55300	-115.970984677615	3	5	0
55400	-98.0580791680084	2	3	0
55500	-99.6994284309828	3	2	0
55600	-108.575645149121	2	4	0
55700	-137.795591160056	8	3	0
55800	-111.81234204122	4	3	0
55900	-99.6399403092105	2	2	0
56000	-115.501493154254	3	4	0
56100	-112.273897734794	3	4	0
56200	-104.859702067962	2	3	0
56300	-103.994163794275	3	2	0
56400	-113.20168833317	5	2	0
56500	-118.440663957447	5	3	0
56600	-113.414058067024	5	2	0
56700	-114.847656222728	4	2	0
56800	-124.305470472824	4	4	0
56900	-116.322535493755	4	4	0
57000	-113.644919161828	4	3	0
57100	-123.724946957222	6	3	0
57200	-121.40992659286	4	4	0
57300	-114.344797176539	6	2	0
57400	-101.32590302632	2	3	0
57500	-115.198025218128	2	5	0
57600	-103.736049677988	2	3	0
57700	-102.048185037024	2	2	0
57800	-112.804942988239	2	5	0
57900	-111.140060839571	2	4	0
58000	-98.9793004614208	2	2	0
58100	-100.317712605456	2	3	0
58200	-102.279258511052	2	2	0
58300	-109.777992511981	4	2	0
58400	-107.207397344189	3	2	0
58500	-107.350496932949	3	2	0
58600	-118.03752364103	4	4	0
58700	-100.967813684796	2	2	0
58800	-99.8055074860634	2	3	0
58900	-99.1853703044968	2	1	0
59000	-132.235479825603	7	4	0
59100	-117.551138027149	3	7	0
59200	-101.537339519849	2	3	0
59300	-94.3440318643939	2	2	0
59400	-101.668122828631	3	2	0
59500	-105.919331182234	5	1	0
59600	-118.208611060929	3	6	0
59700	-129.241868962318	4	8	0
59800	-106.591961596111	3	3	0
59900	-106.650380430616	3	3	0
60000	-103.533966394446	2	4	0
60100	-100.368401081844	3	2	0
60200	-94.9369884646761	2	1	0
60300	-95.6175459713365	2	2	0
60400	-95.6876452228482	2	1	0
60500	-97.4826440313709	2	3	0
60600	-120.825611651893	5	4	0
60700	-105.330606581578	5	1	0
60800	-98.5415067350955	2	3	0
60900	-105.803079334671	4	1	0
61000	-97.8900352265407	2	2	0
61100	-99.85254673913	3	1	0
61200	-100.564709889976	3	1	0
61300	-109.433369237526	5	3	0
61400	-97.9126112071201	3	1	0
61500	-107.877797182094	3	3	0
61600	-117.210106080194	5	3	0
61700	-98.116213033562	2	3	0
61800	-98.9325654064743	3	1	0
61900	-99.245405506165	3	2	0
62000	-94.2212386983684	2	2	0
62100	-99.6611002674822	3	2	0
62200	-96.7369741401864	2	3	0
62300	-113.889861706661	6	2	0
62400	-98.6809531116861	2	2	0
62500	-102.540361123578	3	3	0
62600	-107.081517064762	2	3	0
62700	-114.106341161602	4	4	0
62800	-117.301673343432	3	6	0
62900	-127.11187273508	5	5	0
63000	-105.134044165334	4	2	0
63100	-92.2375737332335	2	1	0
63200	-110.374782873622	4	3	0
63300	-104.161022599711	3	2	0
63400	-102.222533888116	2	3	0
63500	-121.175725264703	5	3	0
63600	-115.972045093167	2	6	0
63700	-106.829478561588	2	2	0
63800	-99.7021929050414	3	2	0
63900	-108.387701263239	5	1	0
64000	-94.2529744908336	2	2	0
64100	-99.4234426787505	2	2	0
64200	-118.101371005808	4	5	0
64300	-99.3283888380668	3	2	0
64400	-96.583760942943	2	2	0
64500	-105.607895361432	2	4	0
64600	-100.335617210786	2	3	0
64700	-102.915011602491	3	1	0
64800	-97.9911586670421	3	1	0
64900	-95.2214998150353	2	1	0
65000	-100.246550807279	3	1	0
65100	-120.841185953285	4	4	0
65200	-104.256753548763	4	1	0
65300	-106.342846965374	4	2	0
65400	-109.454172458421	5	2	0
65500	-91.7909333650447	2	1	0
65600	-107.262925290765	4	3	0
65700	-102.546784969217	2	3	0
65800	-107.155938085738	4	2	0
65900	-99.0712689999132	3	2	0
66000	-97.3238228604608	3	1	0
66100	-97.8895226231331	3	1	0
66200	-103.609765129058	4	2	0
66300	-95.4346283726831	2	2	0
66400	-96.0497024034333	2	2	0
66500	-104.257477070183	3	3	0
66600	-98.7570254208011	3	1	0
66700	-106.921768095909	4	2	0
66800	-105.170626227187	4	2	0
66900	-99.4887363669201	3	2	0
67000	-111.857291593727	2	6	0
67100	-104.105703063035	4	2	0
67200	-92.5183462196389	2	1	0
67300	-93.6942532122858	2	1	0
67400	-102.889869452747	3	3	0
67500	-95.2430527496029	3	1	0
67600	-101.736338116961	3	1	0
67700	-99.25851735454	3	2	0
67800	-96.7507077091323	3	1	0
67900	-102.926394167235	4	1	0
68000	-94.3887832286778	2	2	0
68100	-94.6610784884044	2	2	0
68200	-107.694974159608	5	1	0
68300	-102.371699301509	3	2	0
68400	-112.03284351927	3	4	0
68500	-134.242676556557	3	8	0
68600	-105.937639423214	1	4	0
68700	-97.9444273277921	1	2	0
68800	-104.418650710997	2	4	0
68900	-92.5790219596262	2	1	0
69000	-97.4268672566796	2	1	0
69100	-92.9095462523064	2	1	0
69200	-96.3158755696294	2	1	0
69300	-99.1762855880083	2	3	0
69400	-97.477841512778	3	1	0
69500	-94.0144692378638	2	1	0
69600	-94.3258270721769	2	1	0
69700	-106.657546462786	3	2	0
69800	-100.076823767695	2	2	0
69900	-103.906444014552	3	3	0
70000	-119.748963977365	6	4	0
70100	-100.200235834571	3	1	0
70200	-108.624263614151	5	1	0
70300	-101.184503051742	2	1	0
70400	-98.5094308046459	3	1	0
70500	-97.5729222113261	3	1	0
70600	-95.6527450092832	2	2	0
70700	-98.3241268594238	2	3	0
70800	-101.479972935456	4	1	0
70900	-108.750221742017	3	4	0
71000	-102.728922356056	2	4	0
71100	-96.3949362177928	3	1	0
71200	-111.117956610736	4	2	0
71300	-106.806318599991	5	1	0
71400	-112.365554552417	4	3	0
71500	-92.9908014103816	2	1	0
71600	-106.221370756887	4	1	0
71700	-95.1058086640473	3	1	0
71800	-93.0110112326862	2	1	0
71900	-111.017432193147	4	4	0
72000	-106.718528615429	3	4	0
72100	-101.892737065025	3	2	0
72200	-101.922983023841	3	3	0
72300	-115.570769868777	6	2	0
72400	-116.827511418537	6	2	0
72500	-109.952815283787	4	3	0
72600	-106.329009652736	3	4	0
72700	-101.559120492905	3	2	0
72800	-101.599255015293	4	2	0
72900	-97.0343834185692	3	1	0
73000	-97.7156420127202	2	1	0
73100	-99.2768890141313	3	1	0
73200	-110.412686148831	3	4	0
73300	-97.9833926959018	2	2	0
73400	-97.4223782360063	2	2	0
73500	-105.288275519244	4	2	0
73600	-106.101001841398	3	3	0
73700	-111.327274715045	4	2	0
73800	-99.6331363870448	2	1	0
73900	-96.3856898424094	3	1	0
74000	-102.994791115229	4	2	0
74100	-95.3918668117798	2	2	0
74200	-109.450997664909	2	5	0
74300	-115.207861864879	4	4	0
74400	-105.614733124598	4	2	0
74500	-107.471851931956	3	4	0
74600	-120.876925510487	4	5	0
74700	-92.1189910576692	2	1	0
74800	-99.0131386748889	3	1	0
74900	-106.046249332762	5	1	0
75000	-101.970416658303	4	2	0
75100	-94.6109838590854	2	2	0
75200	-103.191193457456	4	1	0
75300	-95.2063070401143	2	1	0
75400	-110.484168682475	3	4	0
75500	-97.4333670205215	2	1	0
75600	-102.228716619404	2	3	0
75700	-98.7705808300546	3	2	0
75800	-95.6581217798185	2	2	0
75900	-99.9361051325422	3	1	0
76000	-116.640167138236	7	2	0
76100	-109.704642940149	6	1	0
76200	-115.928727858051	6	3	0
76300	-108.228948888716	3	4	0
76400	-104.24226628035	4	1	0
76500	-118.828587537375	2	6	0
76600	-115.896774760713	3	5	0
76700	-94.7382438251744	2	1	0
76800	-99.2852211647122	2	2	0
76900	-92.8160059951252	2	1	0
77000	-102.686225306301	2	4	0
77100	-101.347839923582	3	3	0
77200	-96.9919087746617	2	2	0
77300	-101.217348069099	2	2	0
77400	-106.254253062882	4	2	0
77500	-98.5168518784568	3	1	0
77600	-94.0490822128906	2	1	0
77700	-98.1886289973568	2	3	0
77800	-109.36372381262	4	3	0
77900	-97.7495966499154	2	1	0
78000	-102.754207684633	4	2	0
78100	-98.0880532704311	3	2	0
78200	-100.71502767293	2	2	0
78300	-101.08625665552	3	1	0
78400	-111.534732901223	4	3	0
78500	-107.085103303018	3	4	0
78600	-98.0135444808088	2	2	0
78700	-104.251203621164	3	3	0
78800	-102.228016751212	2	3	0
78900	-105.255822454095	2	4	0
79000	-101.236579216101	3	2	0
79100	-109.862509446055	3	4	0
79200	-104.037776291062	4	2	0
79300	-100.608425193134	2	3	0
79400	-105.18837724446	3	3	0
79500	-108.728857774089	5	1	0
79600	-98.4531951655841	2	1	0
79700	-106.572161255639	2	5	0
79800	-107.495105436904	4	2	0
79900	-99.2265424971478	3	1	0
80000	-96.2686869385725	2	2	0
80100	-111.748172326687	4	4	0
80200	-113.139518743591	5	2	0
80300	-116.7315275287	5	2	0
80400	-108.394960426011	4	3	0
80500	-103.271582237696	4	1	0
80600	-99.1779491262637	2	2	0
80700	-99.7361567084854	2	3	0
80800	-103.919990701417	2	3	0
80900	-108.337994656723	4	3	0
81000	-104.409572199189	5	1	0
81100	-93.3899052976977	2	1	0
81200	-92.6967092794546	2	1	0
81300	-108.405172094135	3	4	0
81400	-99.7785883572293	2	1	0
81500	-96.9616640159725	2	3	0
81600	-97.1503949172229	3	1	0
81700	-112.027520281475	6	1	0
81800	-104.984253546125	2	3	0
81900	-120.186791514402	4	5	0
82000	-112.471757905955	3	5	0
82100	-111.925603931632	6	1	0
82200	-100.988348608728	3	2	0
82300	-108.889244572217	3	4	0
82400	-96.9560575605495	2	2	0
82500	-99.0537738753735	3	2	0
82600	-95.3053669194444	2	2	0
82700	-98.0252961438516	3	1	0
82800	-95.4909335726293	2	2	0
82900	-96.1179605064544	2	2	0
83000	-99.5540506495295	3	2	0
83100	-98.6829908295412	3	1	0
83200	-99.9817753030705	3	2	0
83300	-96.7921998873852	3	1	0
83400	-101.299734940853	3	2	0
83500	-105.694425034624	5	1	0
83600	-105.788170236918	4	1	0
83700	-98.2979973283643	3	2	0
83800	-97.5600919795658	2	1	0
83900	-113.391295866951	5	3	0
84000	-93.4980916716936	2	1	0
84100	-95.0911037738418	2	2	0
84200	-102.477726172074	4	2	0
84300	-101.95025362459	3	1	0
84400	-95.7184010848694	2	1	0
84500	-98.7853327436307	3	1	0
84600	-98.9796441109547	3	2	0
84700	-96.7978239031211	3	1	0
84800	-102.601442644025	3	2	0
84900	-93.8935149222681	2	2	0
85000	-104.601880281239	3	3	0
85100	-97.6849256428687	3	1	0
85200	-105.042457018586	3	1	0
85300	-118.263855386043	5	2	0
85400	-102.612851161172	2	3	0
85500	-106.702164961543	4	1	0
85600	-95.5896833976313	2	2	0
85700	-104.984482031098	3	3	0
85800	-105.632944112722	3	3	0
85900	-107.480533010844	5	1	0
86000	-93.1279986393216	2	1	0
86100	-95.6675676449574	2	1	0
86200	-100.822163534659	3	1	0
86300	-111.522339181625	6	1	0
86400	-115.061627211585	5	4	0
86500	-112.588869326066	5	2	0
86600	-122.57398359492	6	3	0
86700	-111.304048830572	4	3	0
86800	-118.68058196381	7	2	0
86900	-108.68939166411	4	2	0
87000	-122.192437748585	5	4	0
87100	-120.2919881356	5	3	0
87200	-115.273559854011	4	3	0
87300	-119.488014988644	4	5	0
87400	-115.982740183796	4	4	0
87500	-109.921851159908	3	4	0
87600	-108.135958948703	3	2	0
87700	-107.677625282312	4	2	0
87800	-105.397751055602	3	2	0
87900	-109.467560757335	4	2	0
88000	-98.9443687153567	2	2	0
88100	-105.739549210144	2	3	0
88200	-117.357969294142	3	3	0
88300	-110.312459829006	4	4	0
88400	-100.883728478206	2	2	0
88500	-110.133988059974	3	4	0
88600	-102.717630239971	2	4	0
88700	-97.696369612922	3	1	0
88800	-103.762611507465	2	3	0
88900	-100.839365610783	3	2	0
89000	-104.854475858116	4	2	0
89100	-103.739781670454	3	1	0
89200	-107.105482149831	4	3	0
89300	-98.463635085846	2	1	0
89400	-107.096162503681	3	3	0
89500	-103.789999630834	3	2	0
89600	-106.284077315896	3	3	0
89700	-93.7945094381313	2	2	0
89800	-100.164213039307	2	2	0
89900	-94.2436387557571	2	1	0
90000	-105.598922017303	3	4	0
90100	-107.515763820685	3	4	0
90200	-110.453137454662	4	3	0
90300	-97.2229057679324	3	1	0
90400	-97.8480663186748	3	2	0
90500	-99.615504951658	3	1	0
90600	-114.35988168348	4	4	0
90700	-95.9095220024533	2	2	0
90800	-95.414393109952	2	1	0
90900	-132.613013288743	7	4	0
91000	-118.64550164926	5	1	0
91100	-115.685271328758	5	2	0
91200	-147.99242219984	9	6	0
91300	-95.229315081194	2	1	0
91400	-105.69305960376	3	4	0
91500	-97.9510318792472	2	1	0
91600	-111.44676892516	4	3	0
91700	-92.9275805828412	2	1	0
91800	-101.510994335266	2	2	0
91900	-100.451000792625	2	3	0
92000	-96.704665455104	2	2	0
92100	-99.7265938235408	3	1	0
92200	-109.28479507457	5	2	0
92300	-102.908089083352	4	2	0
92400	-111.644841880645	5	2	0
92500	-100.778245191437	2	4	0
92600	-112.222105831924	4	3	0
92700	-103.988931944057	3	1	0
92800	-104.448236222752	4	1	0
92900	-111.673625439976	4	3	0
93000	-109.895597745393	4	3	0
93100	-107.064709039474	4	2	0
93200	-100.149837455893	4	1	0
93300	-97.3495713860163	3	1	0
93400	-96.1169216149324	2	2	0
93500	-111.600922884906	5	2	0
93600	-102.613416425559	2	3	0
93700	-119.723382545938	4	5	0
93800	-96.5992687295528	3	1	0
93900	-102.551335380948	4	1	0
94000	-104.274796880875	2	3	0
94100	-105.4017865561	4	1	0
94200	-97.1469179365791	2	2	0
94300	-112.231290833829	4	4	0
94400	-103.868532711351	3	2	0
94500	-108.261810959841	3	3	0
94600	-103.375467216148	3	3	0
94700	-107.001152265792	3	2	0
94800	-101.819704390279	3	2	0
94900	-124.218959509388	4	6	0
95000	-116.122957658703	6	2	0
95100	-110.057998085871	4	2	0
95200	-104.664393084244	2	3	0
95300	-110.526857388297	3	4	0
95400	-106.124357746039	3	3	0
95500	-124.355807695292	7	2	0
95600	-116.413749344533	6	2	0
95700	-120.300792914849	5	3	0
95800	-139.996180388056	5	8	0
95900	-130.748906300676	4	6	0
96000	-98.6633998910753	2	2	0
96100	-99.3010212353599	2	2	0
96200	-127.067180455701	6	4	0
96300	-110.864223147928	4	2	0
96400	-98.3475476964518	2	3	0
96500	-100.274851037011	2	3	0
96600	-95.5365086261283	2	2	0
96700	-112.757503228574	5	2	0
96800	-99.9425039528797	2	3	0
96900	-110.509170936189	4	3	0
97000	-115.96086685018	4	4	0
97100	-99.4909661902595	3	2	0
97200	-98.8011696562132	2	1	0
97300	-103.046090704613	2	4	0
97400	-115.048240272467	5	2	0
97500	-95.944406871685	2	2	0
97600	-96.9820454539632	3	1	0
97700	-101.553003491609	4	2	0
97800	-110.58793399007	4	4	0
97900	-100.480512110557	4	1	0
98000	-98.9478514528558	3	2	0
98100	-94.6451211404221	2	2	0
98200	-97.6494325326218	3	2	0
98300	-94.9838535649321	2	1	0
98400	-102.72387338086	4	2	0
98500	-103.353949620162	4	1	0
98600	-98.3294834333017	3	1	0
98700	-97.8753337663703	3	2	0
98800	-102.964667725545	4	2	0
98900	-103.103970315738	4	1	0
99000	-96.8457247147772	2	2	0
99100	-100.751730325591	4	2	0
99200	-98.13763292336	2	2	0
99300	-105.213929840115	4	2	0
99400	-102.215288103224	3	1	0
99500	-105.682368249566	3	2	0
99600	-105.175063458259	3	2	0
99700	-103.19315948451	3	2	0
99800	-98.2601643839706	3	1	0
99900	-95.7781494040159	2	2	0
1e+05	-98.6071380244976	3	2	0
100100	-94.488841607791	2	2	0
100200	-98.6487548259142	3	1	0
100300	-120.576823348342	8	1	0
100400	-96.9221521480302	2	2	0
100500	-101.703568389196	4	1	0
100600	-106.43717910029	2	4	0
100700	-97.7257767049349	3	1	0
100800	-109.108977157039	4	2	0
100900	-118.568267002952	7	1	0
101000	-101.193275932178	3	2	0
101100	-95.3172655215394	2	1	0
101200	-97.6020434099239	2	3	0
101300	-94.8906807878958	2	2	0
101400	-92.5283633063798	2	1	0
101500	-115.718437189518	6	1	0
101600	-95.506351858914	2	2	0
101700	-95.528686768306	2	2	0
101800	-97.0547365895042	2	1	0
101900	-111.672211161081	4	2	0
102000	-95.0592021432253	2	1	0
102100	-93.1829569719313	2	1	0
102200	-106.809399846471	4	2	0
102300	-106.817216746883	4	2	0
102400	-109.835221724449	3	3	0
102500	-96.9057846856301	2	1	0
102600	-104.078444963562	4	1	0
102700	-104.624351323197	1	4	0
102800	-122.096078503954	4	4	0
102900	-104.215904742486	2	4	0
103000	-115.517450432079	2	6	0
103100	-125.794188192328	3	7	0
103200	-114.398532379524	1	6	0
103300	-105.883333084203	1	3	0
103400	-105.182309656195	1	4	0
103500	-100.108441231603	1	2	0
103600	-118.389812357852	3	4	0
103700	-99.8206121147602	2	2	0
103800	-111.711048643278	5	3	0
103900	-99.3516342306014	2	3	0
104000	-100.334762301941	2	3	0
104100	-103.237127506588	3	3	0
104200	-96.4411916421743	2	1	0
104300	-99.1816931478617	3	1	0
104400	-103.438907440239	2	4	0
104500	-105.457424222058	3	4	0
104600	-100.127627996457	2	4	0
104700	-95.7609895043498	3	1	0
104800	-110.93677757856	4	3	0
104900	-125.519446816505	7	2	0
105000	-111.529672695508	5	2	0
105100	-100.30018555681	3	2	0
105200	-105.750450931261	4	2	0
105300	-96.9268237519023	2	2	0
105400	-98.7252244119632	3	2	0
105500	-95.4572529045663	2	1	0
105600	-100.328935583157	2	3	0
105700	-102.751289706499	3	3	0
105800	-105.410527587348	2	4	0
105900	-106.667740559292	4	3	0
106000	-97.9910681432848	3	2	0
106100	-93.6340547741698	2	1	0
106200	-93.9105627404189	2	1	0
106300	-105.396774184208	1	4	0
106400	-100.579008997938	1	3	0
106500	-103.713650883501	3	4	0
106600	-109.245985879234	3	4	0
106700	-105.077329406957	4	2	0
106800	-103.639944886216	3	2	0
106900	-94.094883655259	2	1	0
107000	-99.280561692309	3	2	0
107100	-100.045748449293	3	2	0
107200	-106.936133765748	4	3	0
107300	-104.710969898475	3	3	0
107400	-95.8188821636051	3	1	0
107500	-107.070805316113	4	3	0
107600	-94.0688148743783	2	1	0
107700	-92.2896928071315	2	1	0
107800	-103.082533610574	4	2	0
107900	-97.6618711766849	3	2	0
108000	-95.5760652723368	2	2	0
108100	-113.016929273991	5	3	0
108200	-93.8046847124824	2	1	0
108300	-99.0825015650957	2	1	0
108400	-102.268245142051	3	3	0
108500	-107.426196126253	3	3	0
108600	-107.71405634285	4	2	0
108700	-107.652433989509	3	2	0
108800	-112.737805313662	1	5	0
108900	-99.7209547742117	1	3	0
109000	-107.878815174496	2	3	0
109100	-106.920012413705	2	4	0
109200	-105.84894610472	3	3	0
109300	-104.844231487743	2	4	0
109400	-108.115173858063	4	3	0
109500	-111.489032228689	5	2	0
109600	-107.18695128017	4	2	0
109700	-96.2774452132832	3	1	0
109800	-100.792268603054	3	2	0
109900	-103.870901774837	4	1	0
110000	-99.4261564949143	3	1	0
110100	-98.9653925629664	2	3	0
110200	-97.8056382721728	3	2	0
110300	-109.996799719918	4	4	0
110400	-95.869115105026	3	1	0
110500	-101.609162194585	3	3	0
110600	-100.449846263889	3	3	0
110700	-107.000366342639	3	3	0
110800	-103.945912082622	4	2	0
110900	-93.685475109308	2	1	0
111000	-96.0807883599927	2	1	0
111100	-93.4664178213131	2	1	0
111200	-97.4278313603529	2	1	0
111300	-98.6194039356984	3	1	0
111400	-99.7199427727466	3	1	0
111500	-110.433601089011	3	4	0
111600	-96.4965331156132	2	3	0
111700	-107.471119210619	4	3	0
111800	-106.021251121228	3	3	0
111900	-111.093165548876	3	2	0
112000	-97.4668887176858	2	3	0
112100	-99.2679422825034	3	1	0
112200	-98.2049101678607	2	3	0
112300	-99.0359509302934	3	1	0
112400	-122.035690870539	4	7	0
112500	-99.7935095327172	3	1	0
112600	-96.1691050832193	2	1	0
112700	-99.2979155451466	4	1	0
112800	-105.551653290587	4	1	0
112900	-100.179195560655	3	2	0
113000	-98.8378274074151	3	2	0
113100	-101.149430722216	4	1	0
113200	-101.148484412173	3	2	0
113300	-104.034759261634	3	1	0
113400	-106.572215432663	3	4	0
113500	-123.554590331563	5	3	0
113600	-94.8764238539702	2	1	0
113700	-98.8264117365865	3	1	0
113800	-118.452424112631	3	6	0
113900	-119.435705589876	3	6	0
114000	-110.953570142262	3	4	0
114100	-118.890698397891	6	3	0
114200	-105.393389630844	3	3	0
114300	-118.873527999333	2	7	0
114400	-101.127325618097	3	2	0
114500	-113.172325702204	3	4	0
114600	-100.796176240538	3	3	0
114700	-108.042532817034	4	3	0
114800	-107.407980421591	3	3	0
114900	-94.6500472886737	2	2	0
115000	-98.3816046294638	3	2	0
115100	-102.856889252592	3	2	0
115200	-96.0259706100846	3	1	0
115300	-105.053441628176	4	2	0
115400	-98.9357013129703	2	3	0
115500	-106.963974484689	3	4	0
115600	-108.347410250178	3	3	0
115700	-109.643398132722	3	3	0
115800	-105.694400061168	4	2	0
115900	-100.049832219937	4	1	0
116000	-105.785700276226	3	2	0
116100	-99.7239709515953	2	2	0
116200	-107.723517952328	5	1	0
116300	-100.42380813288	2	1	0
116400	-101.04828954701	2	2	0
116500	-97.9562153433102	3	1	0
116600	-118.988015858387	6	3	0
116700	-98.2760534865782	3	1	0
116800	-103.935636185913	2	4	0
116900	-95.987768951071	2	2	0
117000	-105.296793620846	4	3	0
117100	-100.606594031443	4	1	0
117200	-110.020190166707	4	3	0
117300	-104.985390765907	3	3	0
117400	-97.3289993521778	1	2	0
117500	-110.067757328454	4	3	0
117600	-97.0481914520491	3	1	0
117700	-99.2061676951093	2	3	0
117800	-103.962757612495	4	1	0
117900	-104.219802932042	4	2	0
118000	-99.0569485360118	3	1	0
118100	-116.129288548536	4	4	0
118200	-96.6029185900835	2	2	0
118300	-93.8361648285286	2	1	0
118400	-114.605519615395	4	1	0
118500	-100.334582593719	3	1	0
118600	-97.4248928690964	3	1	0
118700	-96.2932107971519	2	2	0
118800	-96.2577282263246	2	1	0
118900	-99.1782754539098	2	2	0
119000	-99.1505234068781	2	1	0
119100	-98.4509295664753	3	2	0
119200	-96.251805968135	2	2	0
119300	-100.216127022652	3	1	0
119400	-95.965867537244	2	1	0
119500	-97.8845606551509	2	2	0
119600	-100.460185907644	3	2	0
119700	-108.910294281792	4	2	0
119800	-99.6526077406817	2	3	0
119900	-102.320520719061	4	1	0
120000	-103.345537019922	3	3	0
120100	-110.674542253037	4	4	0
120200	-103.781150918377	3	1	0
120300	-111.661963460951	4	3	0
120400	-104.312884135196	3	1	0
120500	-93.5226273755552	2	1	0
120600	-103.45337401297	3	3	0
120700	-100.107229859647	3	2	0
120800	-94.4467232126232	2	2	0
120900	-109.687800435103	5	2	0
121000	-97.3443350661831	2	3	0
121100	-106.390934480802	3	2	0
121200	-110.146778980675	4	3	0
121300	-93.9882625008636	2	1	0
121400	-108.529385729854	2	5	0
121500	-103.186532380973	3	2	0
121600	-98.4125940264097	2	3	0
121700	-108.805700331926	4	3	0
121800	-101.732544618167	2	4	0
121900	-108.841126251994	5	2	0
122000	-94.0501641937996	2	1	0
122100	-95.6849937593775	2	2	0
122200	-97.2392425204436	2	3	0
122300	-100.300971643889	2	3	0
122400	-106.971906855678	5	2	0
122500	-102.393858642004	3	4	0
122600	-99.5601612031839	3	1	0
122700	-94.2236494233607	2	1	0
122800	-106.781977260675	2	4	0
122900	-99.2693697306864	2	2	0
123000	-103.249240998858	2	3	0
123100	-96.1293253749521	2	2	0
123200	-100.235807744698	3	2	0
123300	-93.21525673886	2	1	0
123400	-92.5122907263747	2	1	0
123500	-110.417022118633	5	2	0
123600	-124.880979459509	6	5	0
123700	-96.3622255455274	3	1	0
123800	-94.2628949969809	2	1	0
123900	-98.5662789111114	2	2	0
124000	-100.268232837404	3	1	0
124100	-108.604182259129	3	4	0
124200	-99.801670532064	3	2	0
124300	-108.086442062112	4	3	0
124400	-117.775551592566	4	4	0
124500	-114.360005504943	2	5	0
124600	-103.581468518181	2	3	0
124700	-110.400411044556	3	4	0
124800	-107.764528863174	3	2	0
124900	-102.980743069553	3	2	0
125000	-99.0065045591812	2	1	0
125100	-100.903483539191	2	2	0
125200	-99.6132332246908	2	3	0
125300	-96.0342377821705	2	2	0
125400	-95.0127236470223	3	1	0
125500	-97.7506098912934	2	2	0
125600	-101.41966458452	3	3	0
125700	-106.337144879962	3	4	0
125800	-92.2304721966681	2	1	0
125900	-126.738418498534	6	4	0
126000	-108.685090375878	2	4	0
126100	-102.001857988268	3	3	0
126200	-101.468780624202	3	2	0
126300	-105.221622766352	2	4	0
126400	-103.456285442195	2	4	0
126500	-98.412317909514	3	2	0
126600	-107.583978438972	2	4	0
126700	-110.083671604561	2	5	0
126800	-111.578238135666	4	2	0
126900	-109.346934869602	3	3	0
127000	-106.190923370619	2	4	0
127100	-104.390712191421	3	2	0
127200	-108.194425625409	4	2	0
127300	-99.9039749279912	2	3	0
127400	-125.994280512773	5	7	0
127500	-98.8670132905305	3	2	0
127600	-111.689246531965	4	2	0
127700	-120.222089862207	6	3	0
127800	-98.9421149805796	3	1	0
127900	-101.39983172157	3	2	0
128000	-100.99308242856	3	3	0
128100	-93.5524761346866	2	1	0
128200	-93.836685272586	2	1	0
128300	-97.6556906027304	3	1	0
128400	-94.6596793570369	2	1	0
128500	-97.8816546353065	2	1	0
128600	-102.649294676729	2	3	0
128700	-104.760790969772	2	4	0
128800	-98.5373904639105	2	2	0
128900	-103.35408696522	3	3	0
129000	-96.4849278593312	2	2	0
129100	-125.016557479634	3	7	0
129200	-114.374612817585	5	3	0
129300	-108.737124625976	5	1	0
129400	-101.974646589382	2	3	0
129500	-110.355107048858	3	3	0
129600	-100.514209816571	2	3	0
129700	-110.855715529049	2	5	0
129800	-98.6201217398287	2	1	0
129900	-108.548134193307	3	3	0
130000	-100.721255905522	1	3	0
130100	-104.960806528162	1	4	0
130200	-113.559503886858	2	5	0
130300	-109.423237713707	1	4	0
130400	-111.283560105769	4	2	0
130500	-110.724631188981	3	2	0
130600	-126.240754734971	6	4	0
130700	-112.256013653556	2	4	0
130800	-103.556048852668	1	3	0
130900	-112.011777265154	2	5	0
131000	-107.272122053146	2	4	0
131100	-105.781103983112	2	5	0
131200	-105.295101550748	2	4	0
131300	-101.311783948353	3	1	0
131400	-97.7644489499018	3	1	0
131500	-100.358025925426	3	1	0
131600	-97.625197718441	2	2	0
131700	-100.074808971412	3	1	0
131800	-102.283496200406	3	2	0
131900	-101.90776643824	2	3	0
132000	-106.65250435689	3	2	0
132100	-97.0300205955698	3	1	0
132200	-95.4075990124161	2	2	0
132300	-94.2442613596205	2	2	0
132400	-108.513547676257	4	3	0
132500	-95.316872509461	2	2	0
132600	-101.335770089783	2	3	0
132700	-107.755748084925	3	3	0
132800	-111.865436196067	4	3	0
132900	-94.0933741361249	2	1	0
133000	-94.7889475654222	2	2	0
133100	-97.0571212846601	3	1	0
133200	-101.009352570317	3	2	0
133300	-103.287178599555	4	1	0
133400	-112.378864779632	4	3	0
133500	-99.1097686204114	3	2	0
133600	-104.007500913408	3	2	0
133700	-108.045301674136	3	4	0
133800	-101.930727751257	3	3	0
133900	-98.946799751659	3	1	0
134000	-100.052145654791	3	1	0
134100	-102.560749978914	2	4	0
134200	-97.2389881360467	3	1	0
134300	-99.2248395243156	3	1	0
134400	-97.9068035249756	3	1	0
134500	-102.621000567199	4	2	0
134600	-105.004729103133	4	2	0
134700	-106.542036188406	4	2	0
134800	-103.886616772291	3	3	0
134900	-108.00413033965	5	1	0
135000	-98.1748299315109	3	1	0
135100	-104.374260523293	4	2	0
135200	-98.5080067987985	3	2	0
135300	-99.310654787423	3	2	0
135400	-113.080200321959	4	4	0
135500	-101.912915142599	3	1	0
135600	-112.71141372494	5	3	0
135700	-97.7899380756874	2	2	0
135800	-103.298779122192	5	1	0
135900	-95.6168974721745	2	1	0
136000	-104.228499830223	3	3	0
136100	-94.3107743085405	2	2	0
136200	-110.00319155901	3	4	0
136300	-97.919084709086	3	1	0
136400	-93.707569172987	2	1	0
136500	-100.538172979591	3	1	0
136600	-104.497865789778	4	1	0
136700	-97.9236706573797	2	2	0
136800	-102.758984967238	3	3	0
136900	-94.6558701598361	2	2	0
137000	-96.1183218251339	2	2	0
137100	-110.676596687268	2	4	0
137200	-123.991288518368	5	6	0
137300	-99.3259184245718	3	1	0
137400	-94.1207769834506	2	1	0
137500	-95.6167043375091	3	1	0
137600	-105.020176019164	4	1	0
137700	-103.946573164244	4	1	0
137800	-103.898564506083	2	4	0
137900	-110.919706050156	3	4	0
138000	-108.918106028348	5	1	0
138100	-93.8576343726173	2	1	0
138200	-102.811553146419	2	3	0
138300	-103.745571316592	3	3	0
138400	-99.9895792967028	4	1	0
138500	-104.376329141093	3	1	0
138600	-98.2229144344316	2	3	0
138700	-96.6746829428375	3	1	0
138800	-102.49449763757	4	2	0
138900	-96.3261813990418	2	2	0
139000	-107.100185649208	4	2	0
139100	-101.568516553993	3	2	0
139200	-97.1077000695458	2	2	0
139300	-101.173214529455	3	2	0
139400	-101.299590614164	2	3	0
139500	-112.87026924311	3	4	0
139600	-96.7192875882737	2	2	0
139700	-92.4587452327009	2	1	0
139800	-122.650014510057	7	3	0
139900	-98.3887092722832	3	2	0
140000	-109.267037027047	4	4	0
140100	-98.3178644508267	2	3	0
140200	-105.486992376662	4	1	0
140300	-114.21012012056	4	2	0
140400	-105.221609836947	4	1	0
140500	-100.94069418021	3	2	0
140600	-101.078624306758	2	2	0
140700	-95.2814206364515	2	1	0
140800	-100.948284471463	3	2	0
140900	-98.5097553958093	2	3	0
141000	-95.4076304353926	3	1	0
141100	-94.9554781122042	2	1	0
141200	-108.99648416663	2	5	0
141300	-112.018000795587	3	4	0
141400	-113.162659160533	4	4	0
141500	-106.848551229959	2	4	0
141600	-109.830670664383	4	3	0
141700	-122.728935735829	4	6	0
141800	-118.806422083422	3	6	0
141900	-110.56323886615	3	5	0
142000	-93.3018669931209	2	1	0
142100	-102.335104051362	4	1	0
142200	-109.735683692169	3	2	0
142300	-107.269599608406	3	3	0
142400	-101.377718444236	3	3	0
142500	-104.314794847451	4	1	0
142600	-100.587897529216	2	3	0
142700	-103.343530169253	4	2	0
142800	-104.52712170501	3	3	0
142900	-114.174527454879	4	3	0
143000	-102.305999422384	3	2	0
143100	-96.224909105352	2	2	0
143200	-92.8574201629951	2	1	0
143300	-92.8968541729515	2	1	0
143400	-99.2571181188853	4	1	0
143500	-112.103740998995	5	3	0
143600	-107.23079186456	4	2	0
143700	-103.029594505113	2	2	0
143800	-109.199993575252	3	4	0
143900	-93.7438984262946	2	1	0
144000	-111.784196990479	6	1	0
144100	-99.4347351999844	2	3	0
144200	-110.093355558091	2	4	0
144300	-97.5104292662941	3	2	0
144400	-108.816936659227	4	2	0
144500	-117.113489414025	3	5	0
144600	-108.124958276	4	2	0
144700	-98.0885471186309	2	2	0
144800	-98.0457337586687	3	1	0
144900	-104.200585695106	2	4	0
145000	-97.4804249261819	2	2	0
145100	-92.9082120005635	2	1	0
145200	-104.712986075796	2	4	0
145300	-92.9156545370328	2	1	0
145400	-100.932845078824	3	3	0
145500	-100.415188308345	4	1	0
145600	-102.867156076627	2	4	0
145700	-106.328921989781	3	3	0
145800	-100.031006891499	3	1	0
145900	-112.577683930773	5	2	0
146000	-119.276173205154	4	4	0
146100	-99.615664428115	2	2	0
146200	-101.80114020894	2	2	0
146300	-104.483052704487	3	3	0
146400	-103.540499816672	2	4	0
146500	-110.841538878959	3	4	0
146600	-96.8096720912026	3	2	0
146700	-93.9376027630545	2	1	0
146800	-103.800319107246	4	1	0
146900	-99.9217216156905	3	1	0
147000	-97.5375169121458	2	1	0
147100	-104.064128238378	1	3	0
147200	-101.934736956524	1	3	0
147300	-103.041816651709	2	2	0
147400	-105.529703678464	2	3	0
147500	-104.3303903313	1	3	0
147600	-108.463982261768	1	4	0
147700	-102.972434841891	1	3	0
147800	-110.957637858771	1	5	0
147900	-121.644484147237	3	4	0
148000	-101.913358689431	1	3	0
148100	-101.337406228533	2	2	0
148200	-117.403274763934	3	5	0
148300	-118.97038331254	4	5	0
148400	-122.451736877858	6	4	0
148500	-113.604717228577	5	3	0
148600	-100.904595364329	2	2	0
148700	-102.954594636583	2	3	0
148800	-104.956391633649	1	4	0
148900	-113.988775171149	2	5	0
149000	-104.561798216533	2	4	0
149100	-117.535014174444	5	3	0
149200	-99.6006906817512	2	2	0
149300	-108.563098913594	5	2	0
149400	-99.8575972432307	2	2	0
149500	-113.496090886173	3	5	0
149600	-122.003032258272	6	3	0
149700	-104.523745049469	2	5	0
149800	-98.5800916008207	3	2	0
149900	-103.949408652105	2	3	0
150000	-102.932836435461	3	3	0
150100	-94.3978384794493	2	2	0
150200	-101.425071148158	3	1	0
150300	-115.309070369203	5	4	0
150400	-98.5049885499642	2	2	0
150500	-103.75675355168	3	2	0
150600	-106.245184588044	3	4	0
150700	-97.9031266054756	3	1	0
150800	-92.4834899357284	2	1	0
150900	-97.0122480588536	3	1	0
151000	-96.6450204137799	2	2	0
151100	-105.297730229331	4	1	0
151200	-96.4605220616862	2	1	0
151300	-109.987249705167	5	3	0
151400	-99.1515904890709	3	1	0
151500	-104.981981846491	4	2	0
151600	-110.691755877706	5	1	0
151700	-109.618391988511	4	3	0
151800	-102.585688639433	3	1	0
151900	-105.436186853412	4	1	0
152000	-119.225347316142	6	3	0
152100	-107.88717515929	4	2	0
152200	-97.2584567657225	2	1	0
152300	-122.383518134715	3	6	0
152400	-111.509935845796	5	2	0
152500	-102.469915522523	2	2	0
152600	-109.375660298784	3	3	0
152700	-118.131396815824	4	4	0
152800	-94.4916502888931	2	1	0
152900	-93.5461263921492	2	1	0
153000	-106.294557370755	3	3	0
153100	-96.7458866272827	3	1	0
153200	-102.697684823685	4	1	0
153300	-106.575169952084	5	2	0
153400	-112.56490158533	3	5	0
153500	-105.875654296905	4	3	0
153600	-109.714544482607	3	3	0
153700	-112.881420568354	5	2	0
153800	-102.139379419192	3	3	0
153900	-116.020987885942	4	4	0
154000	-110.049313572382	3	3	0
154100	-106.433340492233	3	2	0
154200	-96.9018016192818	2	1	0
154300	-96.7078646540121	2	2	0
154400	-106.056399004677	4	2	0
154500	-103.105830340958	4	1	0
154600	-99.9979399342369	3	2	0
154700	-96.3958824922324	2	2	0
154800	-91.7461408620521	2	1	0
154900	-92.5921592151084	2	1	0
155000	-96.9946441865564	3	2	0
155100	-103.346088154785	4	1	0
155200	-111.513191325337	5	3	0
155300	-106.868157435087	4	1	0
155400	-93.2768981865845	2	1	0
155500	-101.831080046162	2	3	0
155600	-95.6433823908147	2	2	0
155700	-94.5440411248255	2	1	0
155800	-101.452339544183	3	3	0
155900	-102.654721310635	4	2	0
156000	-97.9329080262079	3	1	0
156100	-112.817573802037	4	3	0
156200	-96.816304249477	3	1	0
156300	-106.342392580099	4	2	0
156400	-95.7260475581127	3	1	0
156500	-93.3542839916314	2	1	0
156600	-98.3902963325587	3	1	0
156700	-101.102660629198	3	3	0
156800	-102.075304020272	3	1	0
156900	-110.475534275701	4	4	0
157000	-97.3684831994778	3	1	0
157100	-115.707981072699	4	5	0
157200	-109.365384146664	4	2	0
157300	-114.246108185614	4	2	0
157400	-99.5487332827541	3	2	0
157500	-98.7914647168939	2	2	0
157600	-105.206248351111	4	3	0
157700	-99.014245071619	3	1	0
157800	-97.3605479726285	3	1	0
157900	-112.543369513181	2	6	0
158000	-92.4247160719563	2	1	0
158100	-106.156469534207	4	2	0
158200	-97.6013357317759	3	1	0
158300	-107.614867629998	2	5	0
158400	-95.8136420856085	2	2	0
158500	-107.483324604363	2	4	0
158600	-101.450291673652	3	2	0
158700	-94.6565184999063	2	1	0
158800	-115.321808077161	4	5	0
158900	-110.023016676213	4	4	0
159000	-96.3510845340756	3	1	0
159100	-102.511097343953	3	2	0
159200	-108.538756807484	3	4	0
159300	-100.862496536502	3	2	0
159400	-101.306291530008	2	3	0
159500	-98.0092823830777	3	1	0
159600	-97.0969271363392	2	2	0
159700	-94.8030981374711	2	2	0
159800	-95.4662631472298	2	2	0
159900	-95.0839816436019	3	1	0
160000	-91.5394242725328	2	1	0
160100	-98.2475054534109	2	1	0
160200	-92.2474805822567	2	1	0
160300	-104.350978326274	3	3	0
160400	-99.1407324278425	3	1	0
160500	-97.787038445661	2	2	0
160600	-98.6418323294081	2	2	0
160700	-102.142490443259	3	1	0
160800	-115.103140660196	6	2	0
160900	-110.995695314826	5	2	0
161000	-93.8238453093925	2	1	0
161100	-95.9868849364246	3	1	0
161200	-105.894980861881	5	1	0
161300	-112.379702392171	4	3	0
161400	-103.95187441909	2	3	0
161500	-92.9188423112705	2	1	0
161600	-93.729057569495	2	1	0
161700	-95.3514105110206	2	1	0
161800	-107.964888485477	3	4	0
161900	-113.33395322452	3	5	0
162000	-100.13574498526	3	1	0
162100	-101.279615657833	3	2	0
162200	-100.022990621098	2	3	0
162300	-102.172347628281	3	1	0
162400	-103.864443985216	3	3	0
162500	-95.849330062395	2	2	0
162600	-122.408691451891	7	3	0
162700	-100.8697631492	3	2	0
162800	-97.5584777384625	2	2	0
162900	-103.432956347404	3	2	0
163000	-107.762130535761	4	3	0
163100	-108.223785493407	3	4	0
163200	-101.787812965823	3	2	0
163300	-110.033445427502	4	3	0
163400	-95.2346307228586	2	2	0
163500	-96.2526468225102	3	1	0
163600	-111.30126205368	5	2	0
163700	-103.894823398935	4	2	0
163800	-113.390699342717	4	3	0
163900	-112.65299152862	5	2	0
164000	-92.52052464145	2	1	0
164100	-96.5948007169361	3	1	0
164200	-96.3840106948379	3	1	0
164300	-117.382213025475	3	6	0
164400	-105.235674146842	3	3	0
164500	-112.388760898784	6	2	0
164600	-94.1544828800359	2	1	0
164700	-95.2194291071714	3	1	0
164800	-109.170667834383	4	3	0
164900	-101.317838742693	4	1	0
165000	-107.295060705146	5	1	0
165100	-105.416094010244	3	4	0
165200	-123.124705659216	7	2	0
165300	-103.985336251286	4	1	0
165400	-107.978115127626	2	5	0
165500	-105.337805555846	3	2	0
165600	-104.474934872211	3	3	0
165700	-106.437364926069	2	4	0
165800	-103.01267207686	3	2	0
165900	-105.073079936186	3	3	0
166000	-102.295274825448	4	1	0
166100	-99.7601178610479	4	1	0
166200	-92.1036033592216	2	1	0
166300	-95.242576624548	2	1	0
166400	-104.518317407384	4	3	0
166500	-101.881505148614	4	1	0
166600	-106.924157396179	3	4	0
166700	-91.7620201036632	2	1	0
166800	-91.850221942404	2	1	0
166900	-96.5357389948075	3	1	0
167000	-94.5522358727094	2	2	0
167100	-95.2999627415096	2	2	0
167200	-105.672596977373	3	2	0
167300	-102.061181349034	3	2	0
167400	-103.800279689005	4	2	0
167500	-99.3447172339043	3	2	0
167600	-95.14214913424	2	2	0
167700	-96.5737158625317	3	1	0
167800	-99.549889311607	2	3	0
167900	-111.10719877917	6	2	0
168000	-103.127560117742	3	2	0
168100	-96.1984230798813	2	2	0
168200	-97.7049598013612	2	2	0
168300	-99.9493516681086	2	2	0
168400	-122.172591913392	6	3	0
168500	-104.509885992003	2	4	0
168600	-109.878752619237	3	4	0
168700	-109.448302908779	3	3	0
168800	-107.296919447188	3	2	0
168900	-99.9970179248025	2	3	0
169000	-103.860363586481	2	4	0
169100	-116.223724118804	7	1	0
169200	-111.53182789599	4	4	0
169300	-121.241140576591	3	6	0
169400	-106.468635275235	3	3	0
169500	-124.008334147882	4	5	0
169600	-112.477109331799	3	5	0
169700	-101.37813661911	3	3	0
169800	-97.4838767426924	2	2	0
169900	-111.424325339235	5	2	0
170000	-103.952198149288	4	1	0
170100	-101.043808366493	3	3	0
170200	-98.8420770166862	2	2	0
170300	-95.5251151063695	2	1	0
170400	-114.413263052305	5	3	0
170500	-94.1385517791699	2	1	0
170600	-118.627009230786	6	3	0
170700	-101.461757304228	3	1	0
170800	-129.511146075314	5	7	0
170900	-100.458719439594	2	2	0
171000	-109.120570927982	4	3	0
171100	-103.399107300584	4	1	0
171200	-99.0360708968608	3	2	0
171300	-95.3016170311728	2	1	0
171400	-103.269703696443	3	3	0
171500	-103.538902982813	3	3	0
171600	-105.677265541131	3	3	0
171700	-92.7562124859293	2	1	0
171800	-104.932404627161	4	3	0
171900	-98.6355124837514	3	1	0
172000	-92.1063630062444	2	1	0
172100	-112.743327027148	3	5	0
172200	-95.7882294119078	3	1	0
172300	-98.0836864547704	3	2	0
172400	-108.555634299851	4	2	0
172500	-96.5339072735489	2	1	0
172600	-95.4965115596826	3	1	0
172700	-102.97984179249	2	2	0
172800	-111.646721241113	3	4	0
172900	-101.296455660905	4	1	0
173000	-96.5496812940561	3	2	0
173100	-104.003657634055	4	2	0
173200	-103.362213370535	3	3	0
173300	-101.968269252674	4	1	0
173400	-107.911132831945	5	1	0
173500	-109.689102015325	3	4	0
173600	-107.703158846782	3	3	0
173700	-100.73942626064	3	2	0
173800	-98.0221584300003	2	2	0
173900	-100.449540919881	2	3	0
174000	-93.9927421146288	2	1	0
174100	-98.1824191968055	3	2	0
174200	-116.083978517985	7	1	0
174300	-101.325817725264	3	3	0
174400	-98.2467026949715	2	2	0
174500	-100.674859741605	3	2	0
174600	-93.9125096981195	2	1	0
174700	-95.9705948091917	3	1	0
174800	-109.762273213587	5	3	0
174900	-101.904499554012	3	2	0
175000	-108.439697410487	5	2	0
175100	-108.450916891715	3	3	0
175200	-93.3294319429927	2	1	0
175300	-110.807638496754	3	4	0
175400	-98.5658394679482	2	2	0
175500	-96.8542558796214	3	1	0
175600	-97.9479599985276	2	2	0
175700	-97.7988204237283	3	1	0
175800	-100.241013186624	3	1	0
175900	-95.8375737333365	3	1	0
176000	-98.248170686746	3	1	0
176100	-101.401085986891	3	2	0
176200	-103.863851446226	5	1	0
176300	-94.7737462786072	2	1	0
176400	-97.9350224002478	2	2	0
176500	-101.687028139918	4	1	0
176600	-108.649850602473	4	3	0
176700	-120.804462867843	6	4	0
176800	-98.4469117971708	2	2	0
176900	-107.672426482749	5	2	0
177000	-104.821595142531	4	2	0
177100	-104.382640229728	3	3	0
177200	-102.494325744978	3	3	0
177300	-98.0856034736517	3	1	0
177400	-97.8420123514179	2	1	0
177500	-101.393019768937	3	4	0
177600	-98.1028982630699	2	3	0
177700	-97.3460060826761	2	2	0
177800	-100.782354349622	3	2	0
177900	-102.720028151978	4	2	0
178000	-115.601990064375	6	3	0
178100	-110.54058116808	5	2	0
178200	-114.207053640112	3	4	0
178300	-113.238472653397	6	1	0
178400	-92.7884309290532	2	1	0
178500	-98.8492469748689	3	2	0
178600	-108.838718006145	4	3	0
178700	-104.464789913142	3	2	0
178800	-97.5757450927974	2	1	0
178900	-98.1144583489303	2	3	0
179000	-104.76437376962	4	1	0
179100	-102.761243382326	3	2	0
179200	-99.261845153709	3	2	0
179300	-102.47003145891	4	1	0
179400	-92.7272140039701	2	1	0
179500	-107.295106826814	4	3	0
179600	-102.186935469645	4	1	0
179700	-101.075031666269	2	3	0
179800	-94.5889920786969	2	1	0
179900	-109.4060124004	5	2	0
180000	-104.953962807155	5	1	0
180100	-102.647489521901	3	3	0
180200	-105.085838321138	4	2	0
180300	-128.414835146567	4	7	0
180400	-94.7415875940724	2	2	0
180500	-97.086387329039	2	2	0
180600	-104.9405865895	2	3	0
180700	-108.241967457304	3	2	0
180800	-100.020535656893	3	2	0
180900	-97.8742261150558	2	3	0
181000	-95.3392770718595	2	1	0
181100	-108.987300971877	3	4	0
181200	-100.005433422332	3	1	0
181300	-97.9446705418727	3	1	0
181400	-99.2468352100592	3	2	0
181500	-93.6022287131595	2	1	0
181600	-92.9707549809001	2	1	0
181700	-95.7147256424399	2	2	0
181800	-103.056630413259	3	3	0
181900	-104.968020637889	4	1	0
182000	-98.5698235822861	2	1	0
182100	-98.2024875886303	3	2	0
182200	-106.223916624839	4	1	0
182300	-100.882160928172	3	1	0
182400	-99.3258710107267	2	2	0
182500	-97.4286413966595	2	3	0
182600	-104.688794622468	2	4	0
182700	-113.498617526113	2	6	0
182800	-103.236733870229	3	3	0
182900	-107.057927163991	3	3	0
183000	-104.040483846138	2	2	0
183100	-126.817572553139	5	4	0
183200	-102.749563128497	2	2	0
183300	-106.492915321968	2	2	0
183400	-103.667789618175	2	2	0
183500	-102.183450530773	1	2	0
183600	-117.117067429488	3	3	0
183700	-108.951125768572	2	2	0
183800	-122.799189784027	3	4	0
183900	-121.336170163305	4	5	0
184000	-108.629898571897	3	3	0
184100	-106.772603723821	3	1	0
184200	-108.652638467784	2	3	0
184300	-101.074131122472	2	1	0
184400	-104.688227694417	3	2	0
184500	-101.593034638932	2	3	0
184600	-93.5561674224234	2	1	0
184700	-112.655420734042	2	5	0
184800	-101.542932976431	2	4	0
184900	-105.191987677822	4	3	0
185000	-105.186374807014	3	3	0
185100	-92.2773420075043	2	1	0
185200	-96.8814065732214	3	1	0
185300	-103.902515786822	4	2	0
185400	-102.402310397463	2	3	0
185500	-106.519804712556	4	3	0
185600	-117.465381059575	4	5	0
185700	-92.7599679040939	2	1	0
185800	-113.722450688784	5	2	0
185900	-106.306732296083	5	2	0
186000	-102.382099915706	2	3	0
186100	-106.21621010027	3	3	0
186200	-106.299533926587	4	2	0
186300	-110.273724066646	4	3	0
186400	-110.892490585724	5	3	0
186500	-122.117198633847	3	6	0
186600	-103.47672534893	3	2	0
186700	-100.60219068166	3	1	0
186800	-103.521585300048	4	2	0
186900	-109.157255454454	4	3	0
187000	-104.043785009032	3	3	0
187100	-97.2122911312501	2	1	0
187200	-98.1669793263627	3	1	0
187300	-95.6261391449973	2	2	0
187400	-113.278341155991	5	1	0
187500	-108.35362892717	3	3	0
187600	-95.3831124555833	2	1	0
187700	-94.9918106226765	2	1	0
187800	-97.4874697172479	3	1	0
187900	-93.0280204369862	2	1	0
188000	-101.39852483428	3	2	0
188100	-107.458248409007	3	4	0
188200	-93.4900060044703	2	1	0
188300	-109.019427040873	4	2	0
188400	-106.495810448156	2	5	0
188500	-105.117732326412	2	3	0
188600	-105.987539477559	3	3	0
188700	-104.744089543433	3	2	0
188800	-116.46639967186	4	3	0
188900	-100.608542704065	3	2	0
189000	-103.218497711377	3	3	0
189100	-101.342292809372	2	1	0
189200	-114.335450305601	4	5	0
189300	-103.354730849744	2	4	0
189400	-94.6180845673389	2	2	0
189500	-103.184290842297	4	1	0
189600	-108.687133475421	4	3	0
189700	-102.83624081605	2	3	0
189800	-101.849375494488	3	2	0
189900	-106.504219707076	4	2	0
190000	-104.701419549544	3	4	0
190100	-111.541580302914	5	2	0
190200	-94.2313001065079	2	1	0
190300	-120.343583585487	4	3	0
190400	-99.498741662475	2	3	0
190500	-99.0052696416316	3	1	0
190600	-99.6138039082379	3	1	0
190700	-95.3025017393388	2	2	0
190800	-101.540784344463	3	2	0
190900	-109.656802721419	4	3	0
191000	-100.423041458089	2	2	0
191100	-100.565982895095	3	2	0
191200	-97.0978769187053	3	1	0
191300	-99.0975342647385	2	3	0
191400	-98.8685369846084	2	3	0
191500	-101.905552701045	2	3	0
191600	-99.8489783273279	3	1	0
191700	-108.713837834181	3	4	0
191800	-107.167761140316	3	4	0
191900	-108.638974277696	4	3	0
192000	-110.733409728529	3	2	0
192100	-117.305877768382	4	3	0
192200	-109.016866792822	3	3	0
192300	-103.646293461119	2	3	0
192400	-112.574143689022	2	6	0
192500	-121.821963085981	2	7	0
192600	-113.424140165946	4	4	0
192700	-105.600551786052	3	3	0
192800	-93.0575975883415	2	1	0
192900	-96.9490593301847	2	2	0
193000	-96.0280163869074	2	2	0
193100	-99.0480539645427	2	2	0
193200	-99.0292018880031	3	1	0
193300	-103.287489432079	3	2	0
193400	-102.892387069515	3	3	0
193500	-105.437873381716	4	3	0
193600	-100.447467351819	2	2	0
193700	-95.7121673197126	2	1	0
193800	-93.7176057257215	2	1	0
193900	-111.880058146548	4	4	0
194000	-98.6082952719562	3	2	0
194100	-93.7798985019835	2	1	0
194200	-108.328793837094	5	2	0
194300	-99.2026210727133	2	3	0
194400	-102.559654565505	2	1	0
194500	-110.378151396571	4	3	0
194600	-111.468884787259	3	4	0
194700	-103.139776429742	3	3	0
194800	-99.7795502228913	2	2	0
194900	-113.919549939116	4	4	0
195000	-100.766775559069	3	2	0
195100	-96.5461606113419	2	2	0
195200	-106.036204446632	2	5	0
195300	-101.00765456506	3	2	0
195400	-108.113569043683	3	4	0
195500	-102.725835183443	3	3	0
195600	-97.4091115281326	2	3	0
195700	-93.3856857709539	2	1	0
195800	-111.214430392335	5	1	0
195900	-95.1182770232226	2	2	0
196000	-108.831383707076	5	2	0
196100	-98.6489815061553	3	1	0
196200	-112.210432169064	5	3	0
196300	-108.699887781522	4	4	0
196400	-94.6107071523766	2	1	0
196500	-92.7814805367412	2	1	0
196600	-103.29541749741	4	1	0
196700	-108.441001410257	3	3	0
196800	-104.885769407889	3	3	0
196900	-106.045094093304	3	2	0
197000	-110.502861355483	3	3	0
197100	-108.662317320975	3	3	0
197200	-100.014078556592	3	2	0
197300	-94.8230593888149	2	2	0
197400	-106.332320749801	5	1	0
197500	-107.28994261682	3	4	0
197600	-110.254877924501	4	3	0
197700	-99.3073133954124	2	2	0
197800	-113.209494989114	5	2	0
197900	-109.083626737493	4	3	0
198000	-102.129592288001	3	1	0
198100	-105.385787280745	4	1	0
198200	-99.3054833285167	3	2	0
198300	-94.4350899259538	2	2	0
198400	-99.3069611165093	2	3	0
198500	-98.626848332167	2	3	0
198600	-107.900257403671	2	5	0
198700	-114.118364724301	3	4	0
198800	-104.6391389586	3	2	0
198900	-104.553826004998	4	2	0
199000	-106.545151264243	4	3	0
199100	-104.373226149095	4	2	0
199200	-101.93547995147	3	2	0
199300	-98.3138176359895	3	1	0
199400	-104.401735120099	2	4	0
199500	-110.307023561928	4	3	0
199600	-100.779477529554	2	1	0
199700	-107.64392116848	3	4	0
199800	-98.9947215736674	2	1	0
199900	-106.922170253309	4	1	0
2e+05	-100.492314118391	3	2	0
200100	-106.405564099794	2	4	0
200200	-99.8452248310167	3	1	0
200300	-92.7861724081494	2	1	0
200400	-95.2183738517722	2	2	0
200500	-110.344007411547	3	4	0
200600	-98.2451246894809	3	2	0
200700	-110.424429306949	5	3	0
200800	-100.101874128807	3	1	0
200900	-101.737161153211	3	2	0
201000	-100.026875335726	3	2	0
201100	-93.0952971133601	2	1	0
201200	-103.159391467389	3	2	0
201300	-114.737739508943	6	2	0
201400	-108.57963482762	5	1	0
201500	-111.187427281935	5	1	0
201600	-105.870530061664	3	2	0
201700	-96.0865462968646	2	2	0
201800	-109.798314680556	3	4	0
201900	-103.085514525902	2	4	0
202000	-97.6608612540847	3	1	0
202100	-103.822302110449	4	1	0
202200	-119.338340842263	6	2	0
202300	-125.052792015629	5	3	0
202400	-114.144369074865	3	4	0
202500	-108.089661036926	3	3	0
202600	-91.8149340475445	2	1	0
202700	-103.994374098336	4	2	0
202800	-96.7596989964612	3	1	0
202900	-99.7713339220981	3	2	0
203000	-102.742952479064	4	2	0
203100	-92.9641072990345	2	1	0
203200	-98.1059716844729	3	2	0
203300	-95.7208192125894	2	1	0
203400	-99.9618195208872	3	1	0
203500	-96.7502328688852	2	2	0
203600	-99.9456062168598	3	2	0
203700	-99.7645947460422	3	2	0
203800	-103.638238698984	4	2	0
203900	-111.910322441868	5	2	0
204000	-112.557939518458	3	3	0
204100	-108.674236207593	3	4	0
204200	-97.2732457694198	2	3	0
204300	-101.415920766284	3	1	0
204400	-94.9011655026344	2	2	0
204500	-105.249901148742	3	3	0
204600	-101.525325189696	2	4	0
204700	-102.67870973697	2	3	0
204800	-101.00983421944	3	2	0
204900	-96.6286382738344	2	2	0
205000	-122.745310050962	5	5	0
205100	-105.770344595101	2	5	0
205200	-102.04421680726	4	1	0
205300	-102.911538059644	2	4	0
205400	-100.325501766795	2	3	0
205500	-104.633676593969	3	2	0
205600	-104.979288122483	3	4	0
205700	-95.7538166766524	2	1	0
205800	-100.850432557142	2	4	0
205900	-95.9297286333862	2	2	0
206000	-98.5737735746264	3	1	0
206100	-98.7048927483791	3	1	0
206200	-102.282042354225	3	3	0
206300	-102.759134527212	2	2	0
206400	-102.254259123269	3	3	0
206500	-115.372172603291	5	3	0
206600	-107.350778952804	4	3	0
206700	-107.695861421294	3	4	0
206800	-98.6178389144302	2	3	0
206900	-92.4486743889608	2	1	0
207000	-98.4917742836245	3	1	0
207100	-91.4671837606884	2	1	0
207200	-95.160620554617	2	2	0
207300	-99.4887203914125	2	3	0
207400	-95.4035283769557	2	1	0
207500	-103.196733533575	2	3	0
207600	-92.5637102009365	2	1	0
207700	-112.454554923902	4	4	0
207800	-97.0601356989361	3	1	0
207900	-125.408490761891	6	2	0
208000	-105.202161608612	4	2	0
208100	-117.957403663556	4	5	0
208200	-110.700721012047	2	5	0
208300	-111.44192228439	2	4	0
208400	-109.591002623375	4	2	0
208500	-92.2859725663103	2	1	0
208600	-98.9692245303964	2	3	0
208700	-99.3166278657513	2	1	0
208800	-94.9123752977975	2	1	0
208900	-114.753636709521	6	2	0
209000	-97.6247458202724	3	1	0
209100	-96.3733120003614	3	1	0
209200	-97.7028280704499	3	1	0
209300	-103.118885255145	3	2	0
209400	-101.28808800757	2	3	0
209500	-110.748795067611	3	4	0
209600	-107.316829754758	4	2	0
209700	-119.785438855952	6	3	0
209800	-97.1856949747398	3	1	0
209900	-101.283696849486	4	2	0
210000	-105.65285514599	3	2	0
210100	-100.156897224859	3	2	0
210200	-95.0440519918254	2	1	0
210300	-103.043800317533	3	2	0
210400	-108.888733345223	2	4	0
210500	-96.2316079356803	2	1	0
210600	-103.051448360219	2	3	0
210700	-123.53019160427	7	3	0
210800	-126.550343211979	4	6	0
210900	-107.260987803502	3	4	0
211000	-106.308391041036	3	3	0
211100	-101.813169631064	2	4	0
211200	-108.743475035667	2	5	0
211300	-110.279602123352	2	5	0
211400	-99.0438669799082	2	2	0
211500	-107.9186705508	2	3	0
211600	-101.804690289636	2	2	0
211700	-103.466399363313	2	3	0
211800	-110.449789822751	4	2	0
211900	-110.272333384641	5	1	0
212000	-100.64994914819	4	1	0
212100	-102.146514638697	2	3	0
212200	-114.159252580591	5	3	0
212300	-100.53799376134	2	3	0
212400	-119.131688370642	4	4	0
212500	-98.8706080860991	3	2	0
212600	-104.438234910863	2	4	0
212700	-97.0600203821666	2	2	0
212800	-112.875602490085	5	3	0
212900	-95.0983044386605	3	1	0
213000	-109.484945350251	5	1	0
213100	-100.267883292629	2	3	0
213200	-116.755173035001	5	3	0
213300	-102.680923000057	3	2	0
213400	-95.997678174094	2	1	0
213500	-96.3117229454016	2	2	0
213600	-101.865788597407	3	2	0
213700	-107.558140900014	4	2	0
213800	-107.717095408617	3	3	0
213900	-96.634093249005	2	2	0
214000	-111.30640190007	3	3	0
214100	-94.1257221712957	2	1	0
214200	-96.0928128677645	2	2	0
214300	-104.360781640974	2	4	0
214400	-94.0663095685388	2	2	0
214500	-100.127525176657	2	3	0
214600	-105.729731460311	4	2	0
214700	-104.902078982217	5	1	0
214800	-112.00578837312	3	4	0
214900	-94.778629147333	2	1	0
215000	-98.157819241169	2	3	0
215100	-111.463625245664	4	3	0
215200	-94.4092058216953	2	2	0
215300	-97.8283390383993	2	2	0
215400	-101.797923254014	2	3	0
215500	-123.713012301372	6	5	0
215600	-97.2546558172042	3	1	0
215700	-109.006333870132	5	1	0
215800	-98.1798414581576	3	1	0
215900	-110.804423603641	3	3	0
216000	-103.707396968639	2	3	0
216100	-115.392719321499	4	4	0
216200	-114.7224155638	3	5	0
216300	-95.6093457148271	2	2	0
216400	-99.3194525101238	3	2	0
216500	-104.370160894026	4	1	0
216600	-92.9901526090139	2	1	0
216700	-98.2518498502046	3	1	0
216800	-94.7515703969194	2	1	0
216900	-109.702452485724	5	3	0
217000	-121.043142679142	6	3	0
217100	-116.69676116642	5	3	0
217200	-108.267983619878	2	4	0
217300	-94.190767785763	2	1	0
217400	-99.6855338447326	2	3	0
217500	-113.129212618533	5	2	0
217600	-102.856689921842	3	2	0
217700	-101.949453014524	3	2	0
217800	-98.223810090876	2	2	0
217900	-117.518814427002	4	5	0
218000	-116.552367477951	6	2	0
218100	-106.647362096674	5	1	0
218200	-101.331958252184	3	2	0
218300	-104.304737478072	3	2	0
218400	-103.895301373645	3	2	0
218500	-93.4584570618569	2	2	0
218600	-93.2852746093863	2	1	0
218700	-99.5962606177934	2	3	0
218800	-102.498715800964	3	3	0
218900	-111.095645793237	3	5	0
219000	-110.570016424274	4	2	0
219100	-106.76809751301	3	3	0
219200	-99.2946398022546	3	1	0
219300	-98.1329395337278	3	1	0
219400	-117.098203936047	6	3	0
219500	-116.60985680602	5	2	0
219600	-124.545591045242	5	5	0
219700	-103.65261864189	3	2	0
219800	-100.279417159694	3	2	0
219900	-108.349327824517	3	3	0
220000	-109.534767078798	6	1	0
220100	-107.988168769091	3	3	0
220200	-106.247254934209	5	1	0
220300	-114.775296506705	5	2	0
220400	-97.7404976999838	2	2	0
220500	-97.9035778384148	2	2	0
220600	-98.6509201338385	2	1	0
220700	-98.1985919341247	2	2	0
220800	-104.743747079288	2	4	0
220900	-94.4332850819785	2	1	0
221000	-101.641653011264	2	4	0
221100	-109.927864128035	4	2	0
221200	-104.685697131315	3	2	0
221300	-110.322060011865	4	3	0
221400	-105.36377595253	3	3	0
221500	-105.009812225373	3	2	0
221600	-108.199222378701	4	2	0
221700	-118.081591505277	4	5	0
221800	-126.826738292602	7	2	0
221900	-109.464450793092	4	2	0
222000	-109.004314786954	3	3	0
222100	-106.208406111524	3	3	0
222200	-116.168665460187	3	4	0
222300	-118.893815041088	3	6	0
222400	-97.735009255357	3	1	0
222500	-100.367868165076	3	1	0
222600	-110.319518309552	1	5	0
222700	-101.397098682399	3	2	0
222800	-102.360401130719	3	1	0
222900	-116.230721029713	4	4	0
223000	-95.1835178144598	2	1	0
223100	-97.0598413588128	2	3	0
223200	-103.65086674105	4	2	0
223300	-100.037950644002	3	2	0
223400	-110.80013292966	4	3	0
223500	-119.308186009793	5	4	0
223600	-117.008176851735	6	1	0
223700	-102.698128362829	2	3	0
223800	-115.039625099607	2	6	0
223900	-111.196884085215	4	3	0
224000	-117.757594336893	5	3	0
224100	-113.126805223852	2	3	0
224200	-113.390043670325	5	1	0
224300	-120.287941418241	5	3	0
224400	-115.342547222733	5	2	0
224500	-97.5918403819381	2	2	0
224600	-122.677524213661	6	2	0
224700	-115.785537816048	6	3	0
224800	-101.882809299866	3	2	0
224900	-96.5033018141029	2	2	0
225000	-114.905117392551	6	2	0
225100	-108.722070351104	4	3	0
225200	-127.479823799624	6	5	0
225300	-99.9686718158965	2	1	0
225400	-109.723382604553	2	4	0
225500	-118.024149569588	1	6	0
225600	-103.915831924416	3	2	0
225700	-109.883899205177	5	2	0
225800	-106.65186115019	2	4	0
225900	-102.596931181593	2	4	0
226000	-93.6955932372277	2	2	0
226100	-106.847401665532	3	3	0
226200	-100.632910811157	3	1	0
226300	-101.73458590368	2	2	0
226400	-100.070265885436	3	1	0
226500	-102.813969471847	3	2	0
226600	-101.465613719078	3	2	0
226700	-100.612991527099	2	2	0
226800	-102.147960920027	3	2	0
226900	-104.774820883893	3	3	0
227000	-92.7057163681763	2	1	0
227100	-119.099561155483	4	3	0
227200	-103.123923150256	3	3	0
227300	-113.728844067659	5	3	0
227400	-108.574609137418	3	3	0
227500	-99.2799323665849	3	1	0
227600	-100.846788545687	2	3	0
227700	-92.9204443101088	2	1	0
227800	-106.589155526004	3	3	0
227900	-92.604597528474	2	1	0
228000	-98.6001703170412	2	3	0
228100	-101.701165941162	3	1	0
228200	-113.776941251745	2	6	0
228300	-121.320231356743	4	5	0
228400	-134.618058057227	6	6	0
228500	-108.4110179011	2	4	0
228600	-107.188116379405	2	4	0
228700	-113.031047672874	3	4	0
228800	-98.231536546655	2	2	0
228900	-115.440952687451	3	6	0
229000	-103.632250042623	3	1	0
229100	-130.328797109825	6	5	0
229200	-98.9069923695432	3	1	0
229300	-103.610359841312	4	1	0
229400	-94.2698942202539	2	1	0
229500	-103.056263864668	3	2	0
229600	-98.0506793408621	2	2	0
229700	-113.50478720926	5	2	0
229800	-116.70546829439	5	4	0
229900	-94.644769438492	2	2	0
230000	-102.586923836768	2	4	0
230100	-111.6567289529	5	2	0
230200	-105.204492189747	2	3	0
230300	-110.098875269541	6	1	0
230400	-93.5373418327374	2	1	0
230500	-97.6293280861353	3	1	0
230600	-92.6134592706434	2	1	0
230700	-101.573148230865	3	2	0
230800	-115.414134179459	3	5	0
230900	-114.431363330237	3	5	0
231000	-102.911462637826	2	3	0
231100	-95.9202732040727	2	1	0
231200	-116.431808193264	3	5	0
231300	-112.374387657056	5	1	0
231400	-93.1812707921102	2	1	0
231500	-122.712158182042	3	6	0
231600	-100.960795264634	3	2	0
231700	-105.95914819774	3	3	0
231800	-109.818756931537	3	4	0
231900	-95.33351567723	2	2	0
232000	-101.964705459336	3	2	0
232100	-101.122698509945	3	1	0
232200	-107.916220345776	5	2	0
232300	-100.132829979311	2	2	0
232400	-101.68595759699	2	3	0
232500	-101.2468790458	3	1	0
232600	-117.228537447414	3	5	0
232700	-119.897489900567	7	1	0
232800	-104.130893486836	2	3	0
232900	-102.145073904854	3	3	0
233000	-106.454145725054	4	2	0
233100	-102.317173553048	2	3	0
233200	-103.212343835338	3	3	0
233300	-103.391821597261	3	3	0
233400	-101.813244126598	3	2	0
233500	-102.677974603394	3	3	0
233600	-99.9739250365793	3	1	0
233700	-103.378144377151	3	4	0
233800	-100.572537478987	2	3	0
233900	-108.467855164684	5	1	0
234000	-106.383764610452	4	2	0
234100	-97.3136746477761	3	1	0
234200	-114.089841032675	4	5	0
234300	-101.122662099591	4	1	0
234400	-98.5735041791481	2	2	0
234500	-111.704488224663	4	4	0
234600	-110.019439282285	4	3	0
234700	-111.232205771921	3	5	0
234800	-103.348036640522	3	3	0
234900	-100.06222742944	3	1	0
235000	-97.1123645068078	3	1	0
235100	-105.101736526821	4	2	0
235200	-99.2033798853369	3	1	0
235300	-107.928300386252	5	1	0
235400	-96.4666267847468	3	1	0
235500	-106.094870496457	4	2	0
235600	-105.475059836983	4	1	0
235700	-97.6921791332608	2	2	0
235800	-98.1029913533702	3	2	0
235900	-96.583884468643	2	2	0
236000	-106.521201851471	3	3	0
236100	-94.50420947425	2	1	0
236200	-103.509347919083	4	1	0
236300	-95.9370550573269	3	1	0
236400	-92.8336288180843	2	1	0
236500	-105.150307815626	3	3	0
236600	-113.741394211086	2	6	0
236700	-108.643239654666	2	5	0
236800	-128.043512334131	6	4	0
236900	-95.7259975837138	3	1	0
237000	-110.424006291722	5	2	0
237100	-107.789007390527	5	1	0
237200	-96.5704082899385	2	1	0
237300	-130.63834333997	9	1	0
237400	-113.082075420603	6	2	0
237500	-124.022020594759	6	3	0
237600	-97.8289977874123	3	1	0
237700	-94.9544734592126	2	1	0
237800	-97.4676083760213	2	2	0
237900	-110.492714672972	4	3	0
238000	-109.954396573578	4	2	0
238100	-97.9992514244769	3	2	0
238200	-93.7573366468344	2	1	0
238300	-99.8219806894932	2	2	0
238400	-107.856165130612	4	4	0
238500	-99.5496970237399	2	3	0
238600	-106.92251243834	5	2	0
238700	-116.297991954452	5	3	0
238800	-101.831952715723	2	3	0
238900	-110.369368205345	3	4	0
239000	-96.4851082755035	2	1	0
239100	-104.59411990472	4	2	0
239200	-102.47666641172	1	2	0
239300	-115.230670440426	1	5	0
239400	-100.928169099153	1	3	0
239500	-110.013749637608	1	5	0
239600	-101.432944665595	1	3	0
239700	-115.486428737064	2	5	0
239800	-124.460706192915	6	2	0
239900	-109.734729683702	5	1	0
240000	-116.800610470945	7	1	0
240100	-101.045841364293	4	1	0
240200	-104.916367070498	5	2	0
240300	-98.9781296319159	3	2	0
240400	-92.6469169249496	2	1	0
240500	-101.565041997364	4	2	0
240600	-107.93450608119	5	1	0
240700	-108.912998731072	3	3	0
240800	-106.304738007249	3	4	0
240900	-102.215425008255	2	3	0
241000	-111.222724615531	3	4	0
241100	-110.64018709036	5	2	0
241200	-94.8124898009402	2	1	0
241300	-111.087890803652	5	2	0
241400	-102.969122798342	2	3	0
241500	-96.7185068632159	3	1	0
241600	-109.803933038855	3	4	0
241700	-119.991122322562	6	2	0
241800	-98.5779749336821	2	2	0
241900	-117.299043215847	5	3	0
242000	-98.1553856402401	2	3	0
242100	-102.725351395816	2	3	0
242200	-108.542109450097	5	2	0
242300	-99.484599315745	3	2	0
242400	-98.3212590009562	3	2	0
242500	-97.5837951718339	2	2	0
242600	-105.922594454779	4	2	0
242700	-107.829709033945	3	3	0
242800	-100.366171006353	2	4	0
242900	-103.161213787851	4	1	0
243000	-96.2745226886321	2	3	0
243100	-96.523193997632	3	1	0
243200	-92.9208328276466	2	1	0
243300	-92.5763330801297	2	1	0
243400	-100.82749342971	2	3	0
243500	-94.8377377790602	2	2	0
243600	-99.0747529617644	3	1	0
243700	-96.7785456144351	3	1	0
243800	-102.541609017427	2	4	0
243900	-94.997904053797	2	1	0
244000	-99.9322480387911	3	1	0
244100	-99.6420198229461	3	1	0
244200	-98.23159201726	3	1	0
244300	-96.0554869769061	3	1	0
244400	-95.8557355494289	3	1	0
244500	-100.653219369729	3	2	0
244600	-120.979400653461	3	6	0
244700	-112.253672797666	4	4	0
244800	-98.3828031601723	3	1	0
244900	-103.369987820068	2	4	0
245000	-101.617978851455	3	1	0
245100	-105.544686392388	3	2	0
245200	-101.697489307984	2	2	0
245300	-110.744704135302	6	1	0
245400	-107.688884071524	5	1	0
245500	-111.700271239816	3	4	0
245600	-120.583759073282	3	6	0
245700	-100.37302076568	2	3	0
245800	-100.784380193631	2	3	0
245900	-105.666461416134	2	3	0
246000	-111.392064914739	3	4	0
246100	-121.013014470343	6	2	0
246200	-114.327091581364	5	2	0
246300	-102.642746158701	2	3	0
246400	-92.7528291490339	2	1	0
246500	-96.4201450318699	2	2	0
246600	-103.180779856808	2	4	0
246700	-101.222672554986	3	2	0
246800	-107.196171575931	2	5	0
246900	-96.0166564950426	2	1	0
247000	-110.029578716381	5	3	0
247100	-98.7116647940467	2	3	0
247200	-100.775570403361	2	4	0
247300	-115.142727608305	5	4	0
247400	-99.910268822482	2	3	0
247500	-103.225197243595	3	3	0
247600	-102.709956237504	3	3	0
247700	-98.8295596736871	2	2	0
247800	-105.463118178271	2	2	0
247900	-109.554792274815	4	3	0
248000	-97.6107096467313	2	3	0
248100	-105.21685547862	4	2	0
248200	-110.924530754267	4	2	0
248300	-101.019558710595	2	2	0
248400	-112.281602775702	4	2	0
248500	-108.945596447003	4	1	0
248600	-111.156735327169	4	2	0
248700	-105.208000416107	3	3	0
248800	-95.8513967407635	2	1	0
248900	-96.7827605410299	2	2	0
249000	-106.084769435225	3	3	0
249100	-95.182768517955	2	2	0
249200	-94.8756906483341	2	1	0
249300	-101.608770296533	3	2	0
249400	-100.615878720891	3	1	0
249500	-123.052862810528	5	5	0
249600	-99.4455917139929	3	2	0
249700	-114.645491868705	5	4	0
249800	-103.463463411167	3	2	0
249900	-105.112820045209	4	3	0
250000	-92.103044299049	2	1	0
250100	-107.215937627038	3	3	0
250200	-108.138815471276	5	2	0
250300	-98.6659862514268	3	1	0
250400	-94.990389218063	2	1	0
250500	-100.689132303299	2	3	0
250600	-112.46911154293	5	2	0
250700	-113.160479554431	4	4	0
250800	-106.058466333631	4	2	0
250900	-99.0851099099614	2	3	0
251000	-99.0265231721571	3	1	0
251100	-117.92703397062	7	1	0
251200	-92.7200300481163	2	1	0
251300	-110.038399722272	2	5	0
251400	-95.9193347108087	2	1	0
251500	-100.767353539307	2	2	0
251600	-112.431648642374	4	3	0
251700	-109.223612303503	4	2	0
251800	-100.763264818455	2	1	0
251900	-119.021732259416	4	3	0
252000	-108.111862564552	3	3	0
252100	-107.208275939441	3	3	0
252200	-104.652047385459	3	2	0
252300	-102.57141800445	2	2	0
252400	-112.150262032782	4	2	0
252500	-107.577538872111	3	2	0
252600	-103.771609760911	2	3	0
252700	-106.538849193372	2	3	0
252800	-98.4932395996113	2	2	0
252900	-123.235616752533	4	5	0
253000	-103.053867644274	3	2	0
253100	-112.442911706479	3	4	0
253200	-106.539206130346	3	3	0
253300	-108.406775082952	2	3	0
253400	-123.196974800163	5	4	0
253500	-110.466977839257	4	2	0
253600	-107.239028110162	3	3	0
253700	-110.844401981744	3	3	0
253800	-97.9009731949537	2	2	0
253900	-118.419471628993	4	5	0
254000	-115.054221051428	3	4	0
254100	-118.879746800607	4	5	0
254200	-108.054677375387	3	3	0
254300	-106.550051586077	3	3	0
254400	-109.813638033133	4	2	0
254500	-95.0500964824965	2	1	0
254600	-103.365897817448	4	2	0
254700	-94.4996767928873	2	2	0
254800	-100.463153097898	4	2	0
254900	-107.069584512949	3	3	0
255000	-102.251775980255	2	2	0
255100	-93.7014967853096	2	1	0
255200	-100.744893356783	3	2	0
255300	-108.02983132458	4	3	0
255400	-109.145944097853	4	4	0
255500	-99.7952717574139	3	1	0
255600	-114.613726668643	3	6	0
255700	-96.8985281327766	2	2	0
255800	-117.142659800751	5	3	0
255900	-96.95402380904	2	2	0
256000	-107.942938212186	3	2	0
256100	-100.674318675707	4	1	0
256200	-96.2667872223171	2	2	0
256300	-95.8253340836052	2	2	0
256400	-104.640859064386	3	3	0
256500	-103.191559358959	4	1	0
256600	-97.1619301953177	2	2	0
256700	-107.954885730064	3	2	0
256800	-110.764495532661	4	2	0
256900	-103.301765564087	2	3	0
257000	-102.945588390244	3	3	0
257100	-116.787019377465	3	5	0
257200	-112.442569904898	4	4	0
257300	-98.0733087967675	3	1	0
257400	-98.5483428627201	2	3	0
257500	-118.094643124597	4	4	0
257600	-109.756994463712	4	3	0
257700	-94.602530708386	2	2	0
257800	-94.0452509932309	2	1	0
257900	-112.118253105595	4	4	0
258000	-106.705204065104	4	3	0
