SpeciationRates
0.4086935	0.2699124	0.08939202
0.2515949	0.2956663	0.3741391
0.1801912	0.1763034	0.2876029	0.109775
0.1481382	0.2904884
0.02798437	0.2443241	0.06988148	0.01003186
0.2564831	0.3123592	0.09481986	0.04311794
0.1622296	0.2919206	0.2073828	0.3236885	0.2504572
0.1591007	0.3133387
0.1956322	0.3624228	0.1378814	0.1472019
0.09708811	0.2718297	0.110814
0.1661608	0.339079	0.3947489	0.02426135	0.04954326	1.080596	0.09253533
0.0445062	0.3631379	0.1864154
0.07356217	0.2837385
0.08006518	0.2822106	0.1368738
0.05980526	0.3054881	0.2243424
0.06916347	0.3321974
0.05012662	0.279118	0.06472503
0.009414599	0.1896006	0.3316766	0.1031763	0.1558513	0.3715104
0.1682095	0.2541627	0.09970148	0.0206252
0.07975267	0.2706693
0.07758494	0.2422463	0.536227
0.09011193	0.2812567	0.8564801
0.05490079	0.2801665	0.1203122
0.05331802	0.2348465
0.08297105	0.2953122	0.06695263	0.1185147
0.1014572	0.2986049	0.3988092
0.1304959	0.376445	0.142809
0.1617886	0.4201846
0.1197524	0.4104207	0.2365008
0.08527076	0.4268462	0.1254529
0.06504865	0.4366828	0.2353739	0.05052155
0.1498186	0.4453005
0.2450888	0.3481268	0.027374	0.5340087	0.6816571
0.358263	0.5378666
0.3581967	0.5707132	0.5903607
0.3770639	0.5638546	0.1899183
0.4749919	0.6569223	0.02609288	0.2721934
0.5291638	0.6433812
0.4808904	0.6247334	0.3615411	0.4168251
0.420769	0.603381
0.4588512	0.579191	0.7159596
0.6327314	0.541353	0.2641236
0.2779715	0.07797068	0.4470122
0.2693706	0.4470122	0.4351279
0.1217544	0.4419446	0.2694146
0.1061625	0.3095209	0.1058767	0.1383364	0.3128667
0.0479887	0.2470661
0.0540392	0.2430357
0.06929419	0.2657224
0.6119006	0.351474	0.03328365
0.1421256	0.3359564
0.03697705	0.2720086	0.05670828	0.2294664
0.07042677	0.2845149	0.1762939	0.06589699
0.2035259	0.2826749	0.5369944	0.1775466	0.09863788
0.01759043	0.2248727	2.473539	0.1106573	0.7496463
0.06111016	0.2967049	0.1041703
0.06915528	0.2649809
0.08214173	0.2677738
0.04990409	1.032434	0.1315736	0.01723731
0.1579433	1.208769
0.04131041	0.09258758	0.3887423	0.4169369
0.1379993	0.3151065	0.355668
0.06168395	0.2893993	0.06831015	0.05470006	0.1103688
0.08426067	0.297195	0.1322989
0.1315977	0.3060199	0.1029616
0.0686675	0.2314851	0.256263
0.1281016	0.2452432
0.04240498	0.2235981	0.05617851
0.06408966	0.2712147
0.05161211	0.3065105	0.2487339
0.09395058	0.4268343	0.125642
0.03305026	0.4019403	0.1351127	0.1124371	0.09994834
0.07283877	0.2527861	0.06930197
0.07352393	0.3030258	0.2531673
0.05915313	0.2415926	0.2549082
0.09452591	0.274086
0.07772343	0.2520178
0.06006705	0.2333776	0.1581484	0.03381594
0.04789009	0.297506	0.08775492	0.02660784
0.05416028	0.2664737	0.3892056
0.08456824	0.2686378
0.07168016	0.6400736	0.2132051	0.1303281	0.5290658
0.05071509	0.35225	0.2013883
0.1505169	0.3867226
0.09793915	0.2855966	0.0889746	0.1984942
0.1643898	0.297619
0.1275198	0.2886204
0.1588954	0.2903578	0.09901972
0.06350099	0.3533881
0.198057	0.3937119	0.5294471	0.233807
0.1699896	0.3979007
0.1911948	0.3704367
0.09659756	0.1542283	0.2057331	0.4257868	0.1132373	0.04784029
0.02391766	0.4805033	0.2257741
0.05088911	0.3693461
0.2540905	0.3740379
0.1825668	0.3254414
0.04549528	0.4790098	0.1588811
0.02623351	0.2710563	0.1324576	0.08975789	0.2457251
0.07219505	0.2521784
0.0798778	0.2453165	0.05063092
0.1970048	0.2791136	0.08666969	0.3429957
0.05221835	0.2403326
0.01743045	0.2663715	0.1365395
0.07701059	0.2196965	0.04749027	0.08051243	0.8019393
0.03980472	0.264578	0.2529569
0.07975031	0.236646
0.1230003	0.2740153	0.3056044
0.2429452	0.2372718
0.1130194	0.2859556
0.09682811	0.2699247
0.09751477	0.4302781	0.02574104
0.1213787	0.3379418
0.02539355	0.188538	0.07871581	0.3884809
0.01193309	0.1367112	0.2819718	0.2401661	0.2360342
0.03466886	0.2762201	0.04539068
0.05618382	0.231086	0.3140728
0.1328213	0.341702
0.05923603	0.3346588	0.1388124
0.06327283	0.2365885	0.03828653	0.02374112
0.07233243	0.256253
0.1102973	0.2583123	0.09986929
0.06627539	0.2669401	0.0852249
0.1103592	0.2760077
0.02901871	0.2590335	0.07971763
0.1050409	0.2958115	0.04501986	0.3033082
0.09556499	0.2563528	0.1047058
0.04442789	0.3194658	0.1127909	0.1902544
0.1358468	0.2411332
0.05670888	0.2824824	0.06811925
0.05906666	0.2902443	0.2412144
0.08100262	0.2578606
0.06328103	0.2536087
0.09084712	0.2681879	0.2942946
0.04374628	0.2747257	0.108238	0.2711982	0.1379132
0.05654897	0.273473	0.08137075
0.09405218	0.2843396
0.09365958	0.3419465	0.09998982	0.1107002
0.05159133	0.2743678
0.15691	0.328745	0.1702834
0.1078118	0.2530633
0.0537747	0.2572963
0.1376864	0.2943982	0.1055082	0.1635503
0.06065159	0.3198026	0.1999037	0.07102386
0.06845055	0.278966	0.06623067
0.04267116	0.3365461	0.2400535
0.09073684	0.2942602	0.104055	0.03612288	0.441457
0.1194716	0.3846587
0.1291625	0.4183597	0.276417	0.1988457	0.0918014
0.09451058	0.3501874
0.08457743	0.3130932	0.04847964
0.05450541	0.2294862	0.02723712	0.6968696
0.09506421	0.265524	0.09505063
0.06733098	0.2828159	0.2693491
0.1233539	0.2126843	0.3184032
0.1230782	0.2745395
0.2167465
0.2953062
0.2526614
0.01189424	0.2409167
0.0216875	0.1375415	0.2631347
0.0725239	0.3100631	0.1281999
0.1781286	0.4116938	0.2754429	0.2760843
0.5450895	0.3408123	0.1375948	0.09896491
0.1518965	0.3764216
0.1329981	0.2786222
0.2485663	0.326179
0.06751008	0.3591367	0.2016399	0.03254357
0.05730754	0.2794361	0.1140979
0.05724396	0.2548265	0.2277621	0.09318151
0.1029965	0.291305
0.1282453	0.2676891
0.07912012	0.2491021
0.09480971	0.2782879	0.1863858	0.2180246
0.04006394	0.299628	0.2655414	0.55108	0.03577192
0.08785291	0.444423	0.06758	0.1210718	0.2076463	0.2918736
0.05412175	0.4371902	0.2298929
0.1290825	0.4666858
0.1575711	0.2935677	0.3710634	0.05946922	0.3333128
0.1265802	0.2838234	0.1022441
0.1231912	0.3363156
0.3075866	0.3289075	0.3236755
0.1813396	0.2831572	0.1091241	0.1608487
0.1185431	0.2860157
0.5119911	0.2647753	0.1781497
0.02863639	0.2526263
0.1406918	0.2618548
0.07793458	0.3334318	0.1605875
0.08688576	0.2544672
0.1006048	0.2375337
0.08501138	0.2989226
0.09189667	0.2994882	0.1773805
0.07968215	0.2858545	0.4207226
0.03049026	0.3235772	0.1499034
0.09654452	0.3175475
0.06214023	0.2679989
0.004751132	0.2892391	0.08709313
0.03502865	0.2902688
0.05790695	0.3082438	0.08011858	0.3071296
0.03644571	0.2340914	0.03132063
0.05905265	0.2575339	0.3333601	0.1475272
0.0484034	0.2443439	0.280942
0.06451817	0.2621301	0.08282654
0.08777119	0.3066478
0.09117855	0.3100925
0.08268565	0.3724187
0.08549864	0.4758027	0.3357604	0.1729346
0.1305819	0.3268625	0.2422876
0.1213003	0.3146732	0.07864725
0.1239378	0.2669916
0.1569687	0.3096669	0.1856237	0.06819957	0.1849382	0.2792459
0.1018149	0.3042838	0.09955235
0.1016388	0.2943785
0.03825833	0.2405006	0.07674773	0.1227247
0.1280017	0.2505394	0.07996791
0.0608933	0.2275244	0.1006878	1.031305
0.1190682	0.2974657
0.1153708	0.2786177
0.05083739	0.254621
0.05473024	0.4104669	0.1348754	0.5401977	0.118244	0.1866155
0.06961278	0.2868511	0.09988028	0.2815488
0.2779045
0.2687265	0.1563222
0.5000639	0.2249142
0.09992981	0.3079116	0.09566899
0.07167513	0.2726962
0.08260526	0.2026307	0.2679196
0.06507418	0.190333	0.2512025	0.1991006
0.1326464	0.2882744	0.3017463
0.1782774	0.2662884	0.06724569
0.2446698
0.2414754
0.05622277	0.4313576	0.03805762	0.2021915
0.04482179	0.2562024	0.1092313
0.03706179	0.255574
0.06313034	0.2839046	0.07576406
0.07924945	0.2636671
0.06342852	0.2777956
0.0928271	0.3022394	0.1293767	0.1797388	0.08464912
0.09899224	0.3091581
0.04791315	0.3924697	0.222993
0.05842635	0.3184292	0.02881152	0.220539
0.06357418	0.3253522
0.07429644	0.2848094
0.04074177	0.2524307	0.1956948
0.07647528	0.2550362
0.144808	0.2899462	0.4596352	0.06814814	0.03715746
0.2501845	0.2940018	0.07385874
0.02335209	0.210506	0.137539	0.2964034	0.0581901
0.08711962	0.2692898	0.2568986	0.2996793	0.9294621
0.08509013	0.2048483	0.3101079
0.08066555	0.2495555	0.2713323
0.06201435	0.2558831
0.07503508	0.2728907	0.7096985
0.03482573	0.2732377
0.07907974	0.296327
0.08274044	0.2538427
0.3574402	0.08118808	0.254232	0.03818051
0.06299865	0.2744251	0.2881326
0.114217	0.2712566
0.1312898	0.2247185	0.5415841	0.06407229
0.05912385	0.2165432	0.362823	0.107556
0.1083116	0.3864724	0.1261687
0.1514473	0.390909	0.6636928
0.1264697	0.3228079	0.1174395	0.2749441
0.1398014	0.2328198	0.124117	0.2308474	1.320669
0.03486542	0.2796946	0.06594059
0.04098796	0.7533332	0.2377064	0.2038949	0.1584111
0.107581	0.2932175	0.05638661	0.3441942
0.047766	0.2792855
0.09362231	0.214715	0.2896565	0.9491329
0.1193416	0.3113347	0.162056	0.1714632
0.1136326	0.4115011
0.5185954	0.171361	0.2768952	0.07918217	0.1503263
0.06174015	0.2941677	0.071578	0.2813843	0.03893588	0.09219516
0.06184954	0.265347
0.1572944	0.3114171	0.1672901	0.08083538
0.05163971	0.283464	0.2491487	0.03216375
0.09039102	0.2480351	0.09100727
0.0639223	0.232703	0.2594147
0.0837849	0.2551652	0.3686724
0.06588522	0.2923054
0.1000384	0.3180308
0.1270431	0.3240596	0.05775943	0.2474101
0.06319294	0.2505355	0.07044611	0.02198161	0.08804387
0.1397828	0.2373347	0.03159792	0.1782994
0.05236751	0.2775752	0.2846832	0.4603195	0.04055086
0.1487742	0.2423944
0.4314494	0.2454393	0.07867462	0.3034749	0.08026148	1.199994
0.06091705	0.3370517
0.05690132	0.3039176	0.157616	0.1174613
0.07804347	0.2538566	0.0321527
0.2538825	0.250199	0.26542
0.02160876	0.4224854	0.2652165	0.3314112	0.05529378	0.09044275
0.08852263	0.2621931	0.4237615
0.3149227
0.3070849
0.2557054
0.105177	0.2507796	0.2641
0.2743922	0.2850767
0.3346614
0.302285
0.2324438
0.2851981	0.3790883	0.04340204	0.1993094
0.1145457	0.4264442	0.1735796
0.1095954	0.415279
0.2593229	0.4198137
0.1185793	0.35077	0.2526242
0.1103163	0.2881866
0.08278349	0.2552463
0.1369685	0.2592758
0.2205846	0.3721905	0.3851021	0.1934088	0.09290782	0.2166162
0.03893152	0.2681538	0.202955	0.00871491
0.08481008	0.2949886
0.1453531	0.3251728	0.1262354
0.06175271	0.3361155
0.2483053	0.3500724	0.1236304	0.1418852	0.01795323
0.1139538	0.2981172
0.05495224	0.2785864	0.09366635
0.08888529	0.2577832
0.1182377	0.3451727
0.1110164	0.3817025
0.09890899	0.3511035
0.08313433	0.3366659
0.06968123	0.3163569
0.1427406	0.3276549	0.1092823
0.06043451	0.2653793
0.08810043	0.2623189
0.0736085	0.245588	0.1321327
0.1411376	0.3341149
0.1328642	0.3418504	0.03291026
0.1509671	0.3111881
0.0810212	0.2805648
0.1107053	0.3239388	0.1347828	0.4009642
0.08754099	0.2644377
0.05133694	0.2475026
0.1138017	0.3203445	0.02797343	0.07610843
0.07495666	0.2963379	0.0759804
0.09499668	0.1998042	0.818058	0.22419	0.2838023	0.2134987
0.0893913	0.2356574	0.04651229
0.1481689	0.2658422	0.05225433	0.3582095
0.1340665	0.2768442
0.08553252	0.3142156	0.09267899
0.08795483	0.2571872	0.09298074
0.1067141	0.2649028
0.07349837	0.7871644	0.08906468	0.2149702
0.06718627	0.6600752	0.1424777	0.06305745	0.1581087	0.1386141	0.03700911
0.1198397	0.619593	0.2942587	0.3458853
0.156533	0.3262921
0.07962373	0.2521966
0.09601499	0.2710244	0.2745533
0.2473378
0.247313
0.2746608	0.1292897
0.3156279
0.2855729	0.256547
0.3314334
0.3530845
0.1019151	0.4778895	0.2271522
0.8063739	0.5448596	0.2246866	0.06053621
0.1366747	0.4735358	0.3187471	0.1083139
0.05238352	0.2584022	0.3399577	0.1220868	0.1640208	0.2432118
0.07372036	0.287479	0.1015742
0.2995687	0.2853355	0.07401159
0.1081223	0.2495235
0.06868622	0.2568071	0.5792063
0.09147565	0.4558451	0.1612535	0.06991713
0.1130812	0.5488019	0.3960448
0.1098946	0.5590073
0.1435986	0.4935514	0.1135629
0.4125567	0.2826041	0.2972694	0.09206219
0.4475875	0.3117006	0.1284201
0.1074072	0.353449
0.02921514	0.4050716
0.155624	0.4256368	0.1304403
0.09786562	0.4482694
0.05559759	0.4134776
0.06057071	0.4125357	0.1223324
0.0571538	0.3976549
0.08310053	0.415299	0.5127709	0.3495813
0.1836108	0.4984724	0.3305511
0.1733746	0.4987928	0.2520659
0.1021291	0.4987928	0.05830839	0.1616894	0.1762993	0.06046693	0.2956605
0.08094166	0.4879341	0.2381803
0.0474298	0.4975666	0.1891299
0.1489444	0.5041363
0.129787	0.4958406	0.1249927
0.04384414	0.4874884	0.1487054
0.1105217	0.4958643	0.5167565
0.01143805	0.5352828	0.09340568
0.0987804	0.5157317	0.8469964
0.0189218	0.5287674	0.2674936	0.07028724
0.04088638	0.5053509
0.1224201	0.4952262	0.5128956
0.1285011	0.5314472	0.105944
0.03816827	0.5422806	0.1946451
0.166027	0.4655199
0.08181921	0.4588593	0.1981067
0.1588117	0.3547644
0.1188484	0.2978417
0.1130495	0.2663407	0.1112975	0.0415248	0.1431368	0.205338
0.2181687	0.3187708	0.1061381	0.02226551
0.05413773	0.3133566
0.07986097	0.2973865	0.1764938
0.136573	0.2544273	0.801886	0.2482228
0.06433196	0.2479622
0.05489247	0.2678691	0.06718775	0.01794556
0.15559	0.2849242	0.1081782
0.2667254	0.3170467	0.06818318	0.4498796	0.2889024
0.09826138	0.3075452	0.3997082	0.5974783
0.06063106	0.2850963	0.08755294
0.08468566	0.2532027	0.0462975
0.05622038	0.2537075	0.1074212	0.02575728
0.1590618	0.3349154	0.09926854	0.3509332	0.2202606
0.1349722	0.3168597	0.3022582
0.1425007	0.3307193
0.048425	0.3307193	0.06193196	0.07406468
0.137521	0.2753142	0.1065677
0.1251816	0.3255256	0.1596603
0.05524963	0.2872272
0.1046572	0.2947378	0.1143374
0.2153989	0.1607029	0.3839097	0.2774533	0.04476706
0.07311441	0.3579467	0.1476341
0.09302788	0.3031609	0.1961911
0.05533183	0.2627899
0.1009298	0.2658078	0.2252095	0.3643219
0.06826135	0.2610295	0.2339737	0.04559783
0.1132362	0.2822707
0.102951	0.1211059	0.2687217	0.3550314
0.08646464	0.2654085	0.009482091
0.07983873	0.2954142
0.0476359	0.2667205	0.2012586
0.06341085	0.2423575	0.8660953	0.2753699
0.1095192	0.3027292
0.06906957	0.2011963	0.1710027	0.5668577	0.1850315
0.06807961	0.2130489	0.3824937
0.01400905	0.2237469	0.01575579	0.2672915	0.3092378	0.01682536
0.05671149	0.3330158	0.1016613	0.1569532
0.07355178	0.3089001
0.1048854	0.3170105
0.0574912	0.2322655	0.2681689	0.8463774
0.1275982	0.3608831
0.02723013	0.1815208	0.1651474	0.8716253
0.04064292	0.2072675	0.4511033	0.2425249	0.08046921
0.07498581	0.2641622
0.07049165	0.2766034
0.07848623	0.2885643	0.1576324
0.07808949	0.2777823	0.07309413
0.08397892	0.2899081
0.03775692	0.2496998	0.2820408
0.09761491	0.2582663	0.05212846
0.1554007	0.2842019	0.04967632
0.1528533	0.3118688	0.1337452	0.1472658	0.04422289
0.1281988	0.2949934	0.2413542
0.1526169	0.2541923
0.03556307	0.2319471
0.613285	0.06614639	0.2556724	0.3481869	0.3692837
0.1592841	0.2792952	1.800579
0.187653	1.490537	0.2904474
0.06329336	0.262777	0.2780352
0.01746224	0.2755323	0.07677761	0.2932961	0.1597249
0.07441496	0.2367789
0.09273766	0.2637759
0.04560114	0.3312387	0.7256948	0.2369098
0.3054058	0.3010147	0.04914009	0.1642834
0.1251364	0.2759551	0.09800954
0.0488965	0.257082
0.1114184	0.3526927	0.116783
0.2458572	0.329373	0.2134449	0.3426319
0.2791651	0.3067865	0.1211843	0.4446573	0.08859109
0.1042964	0.3127235
0.1583143	0.352303
0.2040097	0.3873955
0.1168356	0.3924954
0.072829	0.3576074
0.02162995	0.3735817	0.1311808
0.03612578	0.1077176	0.3087158
0.07171196	0.2971027	0.1543207
0.06177945	0.3315458
0.1333684	0.2575653	0.07547967	0.0699326
0.04889806	0.3225836	0.06350585
0.1151016	0.2883941
0.07710761	0.250125
0.08120935	0.2390218
0.09759448	0.04620521	0.2570002	0.2037955
0.007090909	0.2505862	0.07485911
0.08174655	0.2665746
0.1586925	0.2851168	0.3021238
0.1213491	0.2471494
0.06138498	1.373638	0.1790765
0.1941775	0.3059659	0.1776069
0.0274148	0.1330466	0.2408685	0.9734383
0.06212905	0.2797545	0.2520049	0.1303784
0.2257934	0.2790157	0.06246168
0.07698807	0.2567103
0.06490789	0.2525063
0.136372	0.1399606	0.3005114	0.0565998	0.1480342
0.05190289	0.4189119	0.2290544	0.1096931
0.07717459	0.2803082
0.08816702	0.2913422	0.3121802	0.1464955	0.2225474
0.06337544	0.2645547
0.02116932	0.2533691	0.076118
0.1255011	0.2716601
0.1443965	0.3061674
0.08838946	0.270442	0.01956303	0.07895701
0.05494161	0.2532797
0.1017902	0.2819274	0.1273657
0.1108649	0.3129903	0.08163779
0.08972616	0.2817772
0.04625126	0.2670998
0.06228296	0.2417202
0.07546802	0.2440645
0.08775591	0.2563505
0.04380376	0.2761714	0.1267415
0.1028731	0.250557
2.04136	0.1463131	0.2735734
1.034472	0.1641389	0.3175408	0.3969258
0.32467	0.3500501	0.4118578	0.3985202	0.2672301
0.2380995	0.4195559
0.2474693	0.4511164
0.118733	0.3290747
0.1325636	0.3621683	0.08800003
0.06367542	0.2650505	0.2848252
0.06847842	0.2558612
0.08814145	0.2359203
0.05932646	0.230372
0.1377541	0.3291579	0.1828665	0.1003729
0.09329211	0.3289776
0.07056342	0.2883959	0.1900718
0.1514461	0.5521899	0.1848588	0.1721702	0.02118275	0.0311163
0.1162372	0.3950019	0.321432
0.5786671	0.1318682	0.3004231	0.05528671	0.263243
0.1793139	0.2816668
0.1117057	0.2496251	0.156333
0.09882281	0.2757337	0.06121236	0.1203313
0.1633118	0.2812727	0.09193874	0.03595476
0.1469549	0.2709245	0.4862067
0.1211607	0.4004752
0.06628267	0.2596019
0.03753924	0.2418995
0.08581621	0.2956002	0.06205288	0.1038819
0.04674245	0.3125483	0.1899755
0.1252078	0.3018963
0.0592631	0.2542705	0.2209277
0.05609713	0.2409421	0.104718	0.5301577
0.04052666	0.4473037	0.1652526	0.06727322
0.09018428	0.4370595	0.1995925
0.09365042	0.3520782	0.07577014
0.1492832	0.2948476
0.1088645	0.2972183	0.08360396	0.1293955
0.009429016	0.2865423	0.1380547	0.1656856	0.1350077	0.228087
0.1336404	0.2643595
0.1862049	0.2641595	0.04558611
0.07081902	0.2444065
0.08575856	0.351946	0.1139267
0.155105	0.3679757
0.3279059	0.4088093	0.0507875	0.5085229	0.03556005	0.1535271	0.7102969	0.1891695
0.03250205	0.5400755	0.3850971	0.0896162
0.1170411	0.4834223
0.1294394	0.4912777	0.02879891
0.1709488	0.49998	0.4958072
0.1279262	0.5002359
0.1412722	0.4809207	0.06198986
0.155575	0.4749578	0.6823405	0.1196991	0.3171395
0.1577783	0.3390585	0.7923211	0.04799385	0.210587
0.1116076	0.7825245	0.03346078	0.3530085	0.2611483
0.008987983	0.726786	0.09236733	0.2833598
0.09772692	0.8055625	0.1844268	0.1809948
0.08946001	0.8051774	0.0532938	0.1951551
0.1051995	0.9005642	0.09779728	0.2931172
0.09588548	0.9005642	0.07819326	0.4996965	0.0270633	0.08258295
0.185294	0.9633729	0.4708919	0.3394055
0.1647246	0.7934863	0.3432393	0.3917299	0.05353405	0.07881936
0.08643855	0.5463769
0.09123931	0.51647
0.1383219	0.4703621
0.2687379	0.5016816
0.1312996	0.412869
0.2768626	0.4785389
0.2393949	0.446134
0.08602217	0.4112137
0.2495583	0.3789838
0.05831723	0.1698356	0.4037773	0.320738
0.2159015	0.2038333	0.4588988
0.1568091	0.4408777	0.2745817
0.2808837	0.35734	0.1025505	0.3789245
0.2032924	0.400164
0.04594544	0.3491518
0.2678403	0.4323205
1.101821	0.4103842	0.2445651	0.1906037	0.2444868	0.05770443	0.06598445
0.05640892	0.3908874	0.09828748
0.1506884	0.2875201
0.08144273	0.2498664
0.09377055	0.2897894	0.0448747
0.2372651	0.2891937	0.08651096	0.2140149	0.05056027
0.02899603	0.3247124	0.1235435
0.2412103	0.2956373	0.1260095	0.3144194
0.01497342	0.3395807	0.1411538
0.1183405	0.3180738	0.2563026
0.105691	0.2510174
0.04361857	0.2604976	0.2779084
0.09303704	0.2228085
0.08153925	0.2859963
0.1086697	0.2836104
0.06083918	0.275301
0.5017666	0.247992	0.1177984	0.1489253	0.4531466
0.05787903	0.2729154	0.1006481	0.01258766	0.2391298
0.04980738	0.3053839
0.03556002	0.2615985	0.07744855	0.2078418
0.1386971	0.2643838
0.03651197	0.2489721	0.1917822
0.09477711	0.3198433	0.1093908
0.03249053	0.276382	0.09613393	0.04279565	0.1122423
0.06490081	0.2249178	0.4462391
0.1122428	0.3211666	0.1985557
0.1046589	0.3447471	0.118055	0.1405793	0.1613333
0.09202923	0.3020476
0.03969583	0.3818604	0.2195392
0.06474326	0.2832375	0.07324606
0.07332802	0.2363525
0.04394051	0.2499902	0.03421466
0.0566104	0.2523016
0.1011252	0.2475367	0.2174141	0.2100752	0.1041836	0.2940191
0.07151797	0.2400907
0.08679364	0.2507552	0.02305687
0.1750356	0.6265228
0.1117715	0.2724423	0.3804526	0.05839885
0.07279876	0.3807282	0.1940495
0.01267863	0.3310021	0.2051037	0.08360274	2.205685
0.1123554	0.1811117	0.3204908	0.02164907
0.06469947	0.2520433
0.08282734	0.1756027	0.2990177	0.1071371
0.05913716	0.2457176	0.1594421
0.1873965	0.3142665
0.109814	0.3729734	0.2248542	0.3082479	2.011938
0.2214981	0.4697918
0.09865537	0.1933999
0.05889973	0.3238112	0.2068733
0.05193641	0.2783019	0.0313884	0.1408264	0.009071544
0.07227313	0.266651
0.1616738	0.3047227
0.1254537	0.2970157	0.05457618	0.2602723
0.07926693	0.3110805	0.103352
0.05995741	0.3653961
0.1017051	0.38843
0.08217559	0.3431614
0.1360403	0.4432596	0.2584384
0.03496826	0.2517676	0.07281087
0.0881765	0.2956948
0.2821953	0.3358555	0.1449127
0.2413937	0.3433526	0.1229117	0.1070574
0.4403058	0.3118691	0.1070096	0.1929846
0.07914258	0.3000049	0.05782356	0.192936
0.05271202	0.2447642	0.3874814	0.1126472	0.4113166
0.06734228	0.2540822
0.09531453	0.200451	0.3407799	0.1095651
0.1179053	0.2988869
0.04969276	0.6639972	0.2025211	0.364053
0.1484971	0.2514093	0.04540119
0.08373896	0.2328326	0.08950326
0.09963764	0.2460705	0.02398337
0.1424616	0.2565665	0.003893639	0.1297533
0.07098621	0.2804099
0.07137561	0.2580138
0.0391909	0.2836946	0.1218577
0.088318	0.225957	0.4399398
0.05431372	0.5332012	0.2034189	0.3119546
0.07412619	0.2110232	0.3653606	0.04376546
0.04476095	0.2940413	0.07546108
0.1481946	0.2651011
0.02037983	0.1625656	0.269319	0.1019797
0.08735148	0.2534763
0.07290366	0.2623644
0.006644559	0.2293706	0.102002
0.05216818	0.2400337	0.07010019
0.02353251	0.2148175	0.1318421
0.05405642	0.2650764	0.004650709
0.06756765	0.2453993	0.06918345
0.361743	0.2519183	0.02336131	0.05095088
0.04730915	0.2391013
0.07425845	0.2584759
0.08718235	0.3185799	0.3142109	0.04034032	0.1601266
0.1142856	0.3664003	0.1191365
0.1027448	0.3654351	0.4526629
0.1892664	0.3712982	0.3232766
0.2376274
0.284177
0.1530002	0.2851234
0.05502031	0.2430369
0.1049719	0.2767913
0.0556053	0.2734518
0.07801569	0.2744355
0.05477738	0.2937973
0.09160332	0.3296076	0.1111858
0.03840351	0.2867362
0.07653756	0.2957897
0.2815265	0.274521	0.1402759
0.171469	0.2845696
0.09017191	0.2278162	0.6012008
0.1477387	0.3086356	0.06958811	0.1125237	0.1056297	0.1122121
0.2773452	0.3268232	0.08093277
0.1384715	0.2858984	0.4208514	0.1011497	0.01894323
0.2359371	0.3311383
0.1760491	0.2566537	0.08337076
0.1056071	0.2522784	0.04029736
0.0608802	0.2500926
0.0396753	0.2813422
0.06647074	0.1769507	0.3654257	0.1683437
0.04652406	0.3502545	0.4018277
0.07453772	0.2731363
0.05556335	0.2334282	0.1591407
0.08524458	0.2536274	0.1939758	0.07180535
0.03932689	0.2069516	0.4046806	0.1041803	0.2606649
0.1010138	0.2244993	0.04813863	0.1166805
0.05579462	0.2672625
0.1272414	0.2327079	0.168008	0.8218554
0.05345349	0.2506359	0.05283446
0.07223907	0.2721104
0.06391952	0.1554106	0.3691746	0.2802515
0.07717874	0.320486	0.3005436
0.06754709	0.2650163	0.04961106
0.04945655	0.2555445	0.0452147
0.1290362	0.1286321	0.04883092	0.01923493	0.3498902	0.3282552
0.06688959	0.3883874	0.2212543	0.1399658	0.09860713	0.3171417
0.08365285	0.3931799	0.24513	0.0676681
0.06092043	0.3683066	0.2308927
0.02059692	0.08260041	0.2418642
0.01590819	0.2370233	0.07041709	0.02235543
0.06721777	0.2702935	0.136286
0.03843802	0.2324545
0.03411222	0.2939198	0.09358971
0.04832875	0.2522778	0.1291405
0.119815	0.3050418
0.09816708	0.2289392
0.1065865	0.2597238	0.01277431	0.2008296
0.0850357	0.1276432	0.2940261
0.2246258	0.2575605	0.08665832	0.961829
0.1111554	0.337676
0.05882423	0.2592968	0.07773241
0.0562812	0.2819507	0.621592	0.03907838
0.07750794	0.3036697
0.108326	0.33925
0.07647266	0.4436369	0.2279778	3.333522
0.05517981	0.298696	0.02563243	0.1126274
0.03845626	0.3111528	0.3133412
0.07321247	0.2270169	0.4384429	0.1679546
0.06059798	0.2560314
0.04615733	0.2741316	0.1420097
0.02106718	0.3129423	0.04162878	0.3491877	0.2364353
0.0544268	0.2888053	0.03104503	0.1010988
0.04522357	0.2466329
0.0955083	0.236201	0.2757719	0.229043
0.07308119	0.2986021
0.3902268	0.229273	0.07362267
0.1048805	0.2893229
0.1434137	0.2490734
0.05101634	0.21218	0.2700798
0.06247561	0.2413835
0.07794173	0.06352314	0.3950248
0.08898206	0.08631366	0.5445824	0.3176513	0.04461145	0.2498308	0.09273521
0.08282477	0.07272396	0.5347021	0.1865037	0.07359968	0.05345659
0.02880014	0.4472424	0.2759728	0.07724078	0.0725045	0.07328672
0.008970459	0.3150241	0.1279752
0.2943368	0.3303748	0.1313121	0.2936397
0.1576152	0.3012292
0.1902299	0.3415668	0.08394593
0.09524703	0.269141
0.1160132	0.2496863
0.06686094	0.2818029
0.08581897	0.2536421
0.05719246	0.241027	0.3946497
0.07187744	0.3054898
0.1772412	0.2760899
0.0810097	0.2209933	0.09512602	0.2500173
0.07807893	0.2382714	0.4089834
0.1050424	0.2868318
0.07250138	0.3158308
0.1084228	0.3122666	0.09815043	0.1152788
0.09758334	0.2622047
0.1144149	0.2620891	0.04246653	0.1265557
0.03267081	0.2509026	0.07223695
0.1288874	0.3234416
0.4316006	0.1360621	0.3253183
0.1913208	0.332857	0.1072783	0.02598628
0.02883412	0.1753526	0.3124267
0.1126059	0.299404
0.05620405	0.3557989	0.1489865
0.07706065	0.3327168
0.08503537	0.3431869
0.1230413	0.399707	0.1557235
0.08210321	0.3082258	0.1022057
0.120221	0.2434699	0.08190411	0.287413
0.0844771	0.2748649
0.326254	0.2453462	0.1107819
0.1520961	0.2011604	0.3781907	0.05515637	0.04321525
0.1147566	0.2581951
0.09172995	0.3014148
0.302762	0.3011325	0.4735696	0.04513162
0.0340387	0.2477531	0.2081284
0.1004719	0.2636132
0.1108214	0.3468062	0.179578	0.1781351
0.4009034	0.270112	0.3367368	0.1059909	0.06809699
0.3117892	0.3842243	0.01865398	0.1325594	0.2008039
0.08181378	0.3271755	0.03946587	0.06301401
0.06884597	0.2756323	0.08442259	0.592201
0.04719423	0.248615
0.04725518	0.3516781
0.1619849	0.357752
0.0886888	0.2036187	0.2378052	0.2710207
0.3946763	0.2790333	0.05882242	0.5880733	0.01804057
0.06272308	0.2831284
0.07984375	0.2585628
0.09312915	0.3800916	0.1808288
0.1152471	0.3436184
0.08531602	0.2613219
0.07022979	0.2557888	0.2363049
0.06320016	0.3279182	0.07396234	0.2190192	0.2894122	0.09422036
0.1757872	0.3600048
0.1987183	0.319012	0.1357878	0.5258764
0.09543983	0.2914664	0.3925878
0.05443785	0.2857943	0.1396502	0.08635813	0.05383893	0.234899
0.150448	0.285542	0.06579696
0.070699	0.2776831	0.2204096
0.09821396	0.3039844
0.0497851	0.2687927	0.1306089
0.06434413	0.2548435
0.06915811	0.3186143	0.2530947
0.09128455	0.2775971
0.05249368	0.2682721
0.09927068	0.2833725	0.09363464
0.09679516	0.2772212	0.08551646
0.06697922	0.2493405	0.1090696
0.05234589	0.2206928	0.3196953
0.09366822	0.2605428	0.3155388
0.06364141	0.2815514	0.1902075	0.1515978	0.3220999
0.1864842	0.3152075	0.1343099	0.2791868
0.07214961	0.2629453	0.08361206
0.07563257	0.2847074
0.1181521	0.3178067	0.1864726	0.1582063	0.02893892
0.08194721	0.2362631
0.06050179	0.2730812
0.0692652	0.236956	0.2744129	0.1001268
0.05554449	0.3358058	0.1171359
0.06636668	0.2798364
0.1027149	0.3133528	0.2614895
0.06108103	0.3077241	0.06228901
0.1136809	0.2611775	0.03040085
0.0527608	0.2291528	0.1948617
0.08044385	0.2706676
0.07976922	0.3564612	0.1123323
0.06276325	0.3647349	0.09940455
0.1450088	0.3968497	0.1146386
0.126335	0.3093453	0.1872492	0.403763	0.6548646
0.1725137	0.3210686
0.1158578	0.3007679	0.1962453	0.1061488
0.0708444	0.3237042
0.0858539	0.3412988	0.601243
0.1638403	0.3308334	0.1429997
0.07373873	0.2559401	0.1551817	0.1207642	0.1710111
0.07123882	0.2730618
0.1136041	0.2986727
0.01541593	0.3213709	0.180918
0.04964599	0.1189993	0.07863674	0.1213895	0.4327441	0.1206916
0.06124979	0.01299839	0.739051	0.1060619	0.1281502
0.006381344	0.07055842	0.6539422	0.2316658	0.3090446
0.05887692	0.1180995	0.5671406	0.195793	0.1733419	0.1699936
0.1698583	0.8539325	0.09192693	0.1671467
0.07439955	0.7556682	0.04001991	0.2765602	0.2055474	0.04521502	0.5427586
0.04261866	0.9748126	0.1081311	0.1494751
0.1330898	1.07359	0.02860725	0.4137792	0.3579994
0.09858567	1.033414	0.1012065	0.2141919	0.02039728
0.2746508	0.8813077	0.1766572	0.2353943
0.08655126	1.11882	0.205761	0.1640477
0.04191598	1.100007	0.1669317	0.1349966
0.134645	0.8548094	0.1478
0.1600118	0.5332197	0.2986058
0.1545192	0.3197423	0.4029067	0.1240439
0.2374899	0.4127098	0.1428263
0.08340333	0.5656117	0.4060829	0.1865407
0.07300899	0.5148321
0.2262201	0.5163557
0.2629672	0.5061647	0.3490795
0.0562935	0.429318	0.1671839	0.04623767
0.1850583	0.3997916
0.1652211	0.3712033	0.1141725
0.1057001	0.2694272
0.01740676	0.2225521	0.05213182
0.1479765	0.2476519
0.04795603	0.2854125	0.2036348
0.05770363	0.2968053	0.1972752	0.110188
0.1935895	0.6164678	0.3153687
0.01903136	0.3094927	0.1221317	0.1513796
0.1160645	0.3520434
0.1352372	0.316635	0.1293281
0.1554543	0.3113455	0.1171428
0.04013903	0.3293156	0.1113756
0.06788669	0.261124
0.06450655	0.2843845
0.09929363	0.2738391
0.06469898	0.2964086	0.1170214
0.2181472	0.3073288	0.1459902
0.07518811	0.3216231	0.1495021	0.3409348
0.0646809	0.312523	0.1132641
0.03805899	0.2377255	0.07857067
0.362921	0.2996802	0.1100594
0.09966514	0.3008633	0.152701	0.09403552
0.05375006	0.3064343
0.1050813	0.2809678
0.1594029	0.394166	0.1846387	0.1278799	0.2252884	0.3803916	1.932401
0.09986896	0.8227487	0.2989104	2.549922	0.13574
0.03094148	2.634305	0.201969	0.1234718	0.570442
0.1915255	1.737257	0.1848101	0.267266	0.06777635	0.28365	0.0735341	0.3310796	0.2988906
0.0560039	0.2581223
0.07308885	0.1722297	0.3013018
0.1415317	0.2821908
0.06499547	0.2779439	0.8838776	0.0722568
0.07684112	0.2639957
0.1141018	0.2741092
0.07925361	0.2494939
0.1022652	0.3410698
0.08387977	0.2371857	0.1025087
0.1254696	0.2703577	0.08614601	0.0563132	0.03198027
0.08249863	0.3049824	0.2137762	0.08308597
0.05121389	0.3333044	0.1034099	0.01854642	0.1250825
0.0699425	0.290379
0.2297993	0.3004034	0.2352692	0.1723659
0.1073585	0.6541538	0.1504467
0.009299735	0.5169441	0.130691	0.1749852
0.05321828	0.5200427	0.1787974	0.04984637
0.07968294	0.504075	0.3986231	0.4978918
0.08917973	0.2615318	0.4975778	0.7468727
0.08241886	0.2600555	0.07412367	0.04226986
0.04820643	0.2594089	0.2150249
0.06797587	0.263346
0.09443383	0.2761191	0.118121	0.3187926	0.1544399
0.1913833	0.3614194
0.07853544	0.3471151	0.1937375	0.04889259
0.09797019	0.2877464	0.06187968
0.05403918	0.1039326	0.2328043	0.1329343
0.03251353	0.2416405
0.03202658	0.3640336	0.07849658	0.5248487
0.1144346	0.3070876
0.0867339	0.4533312	0.3119449	0.06076165
0.1980181	0.4741137	0.1097492
0.1315734	0.5072233	0.61255
0.07428214	0.544951	0.2418774
0.256179	0.4939981	0.3883778
0.0905982	0.472028	0.160822
0.1612982	0.4739163	0.3002682	0.0845886
0.05741386	0.4739163	0.06692102	0.352445	0.1060312	0.03043105
0.08233337	0.435819	0.2103997	0.2824996
0.1773139	0.4921071
0.05846263	0.5217426	0.1822443
0.07696132	0.5308188	0.2550369
0.0666542	0.5090359	0.2798799	0.5696039	0.007253147	1.030548	0.06885575
0.01782093	0.01124026	0.3311043	0.5542681	0.07283318	0.1405138
0.03456661	0.2864681	0.5542681	0.2272577	0.6686571
0.05758612	0.3458694	0.501563	0.1116038	0.4284066
1.82649	0.5342667	0.2238771	0.2345157
0.08971766	0.5232458
0.1114744	0.5420689
0.1104266	0.6014784	0.2239983	0.009609166	0.2931413	0.1911295
0.07123349	0.2382433	0.427964	2.844699
0.06922345	0.2997502
0.05140587	0.2873676
0.07240514	0.2638484
0.1380795	0.321965	0.2267408	0.02480804	0.5017758
0.04775888	0.3249174
0.2169249	0.301067	0.1650679	0.1736396
0.1437196	0.3545506	0.1651899	0.1192118
0.06921557	0.1505391	0.2717383
0.0488293	0.2806675
0.07913777	0.2748155
0.04405178	0.06746395	0.2416412	0.3311812	0.1079942
0.08832168	0.2852937
0.08633336	0.2358953	0.1343924
0.04018692	0.2060517	0.2869263	0.07043948
0.07869592	0.2726049	0.1498008	0.07193623
0.05761894	0.2659989	0.232706	0.04885353
0.05694434	0.301993	0.2055453
0.05266957	0.2945394
0.06422725	0.2470976	0.01857185
0.04412548	0.2153926
0.06689002	0.2540612	0.06045157	0.4738746
0.1136705	0.2500266	0.2105011	0.1526883
0.02826182	0.3296291	0.1098725
0.0474993	0.2652111	0.1332859
0.03385351	0.2366465	0.3510742	0.2182027
0.02634398	0.2785113	0.09023048	0.01233585
0.02834813	0.2637153
0.04234481	0.2431366	0.1308329	0.05262766
0.06110979	0.3166118
0.1003436	0.318186	0.1147671	0.06988305
0.066571	0.3279749	0.1351871
1.061469	0.2917107	0.1141766
0.7670079	0.3047488	0.110184
0.1217984	0.2729967	0.1448978
0.146819	0.2699166	0.08182855
0.04680254	0.2337244
0.1304724	0.2475775	0.09601002
0.04519887	0.2371901
0.0745061	0.2336202	0.3755355
0.07773457	0.2801344	0.1157766	0.1096149	0.12659	0.05856852	0.2724551	0.3138354
0.1271276	0.3621427
0.08918281	0.2527457	0.2534177	0.2054684
0.1143509	0.2241488
0.0930342	0.2090212	0.4414773
0.447567	0.4958258	0.1018347	0.03928045
0.1185904	0.4157226	0.003810763	0.24063	0.1411578	0.1081827	0.2293076
0.0697128	0.012796	0.2772543
0.06663066	0.3090475
0.07909808	0.2770776
0.03979072	0.2379871
0.07334887	0.2558461
0.04913057	0.2407422	0.1955089	0.1077005	0.4158356	0.01006473
0.04523476	0.2592538
0.06048129	0.2631299
0.03230438	0.2282304
0.139305	0.2189876	2.212222	0.19528
0.1064103	0.2642878
0.0484985	0.2382032
0.04688232	0.3119658	0.1672289	0.01457852
0.148348	0.3899911	0.1890053	0.05463385
0.2630319	0.4780218	0.2563194
0.1004402	0.3246616
0.105054	0.2571206	0.3055373	0.05057743
0.2915414
0.4582632	0.2937315	0.5766939	0.1497107
0.1000733	0.3238566
0.07518969	0.3058709
0.04861154	0.3922345	0.3003811
0.3121755
0.3386945
0.2860192
0.3216794
0.2140372	0.3092931	0.5103142
0.1182925	0.3311756
0.1711481	0.2588152	0.0949237	0.2242435	0.2157173
0.08658563	0.2666612
0.066168	0.2808848
0.2205019	0.2353858	0.05126932
0.1478719	0.2799952
0.07512263	0.2785794	0.1094043
0.06950315	0.2929354
0.1199344	0.2522158	0.08222138
0.06752791	0.2788023
0.03228206	0.2452203	0.07160064
0.1514196	0.3233964	0.1131765	0.03506288
0.6403894	0.3806022	0.1798563	0.06345256	0.2748405	0.2576254	0.2430426
0.392731	0.2117664	0.0751008	0.4584153	0.5548008
0.05168547	0.324538	0.1720865
0.1508015	0.2414032	0.116488	0.1390558
0.09271446	0.264618
0.07835141	0.2690087	0.1269189
0.0938575	0.2707539
0.04819282	0.2551127
0.3449755	0.2542683	0.06690431
0.08318704	0.2845616
0.006981775	0.2963029	0.1158375	0.08714137
0.01278176	0.2677276	0.07923262
0.08685031	0.2715785
0.07454509	0.2729607
0.2594511
0.2399549
0.05730154	0.2594256	0.05897788
0.05240176	0.2725806	0.1154666
0.04261282	0.2538123	1.391301	0.06004479
0.1220807	0.2902329	0.1686962
0.04624187	0.2586304
0.04340224	0.2381988	0.5222407
0.103745	0.2856866	0.2712793
0.1106555	0.3200646	0.07908185	0.06973684
0.1021411	0.4286124	0.2579162
0.04605682	0.306616	0.1045723
0.08789686	0.2568248	0.07596872	0.1848613
0.1063807	0.2532784
0.06466557	0.2406535
0.08998813	0.2523314	0.4413358	0.06134751
0.08067062	0.2424402	0.03278345
0.06892648	0.2448866
0.07140967	0.2844167	0.5243288	0.1853197	0.08126441
0.1025222	0.2930132
0.1557014	0.3626136
0.01325489	0.3594034	0.100365
0.1001066	0.3135151	0.835803
0.06275725	0.3333731	0.1170016	0.2037297
0.09495335	0.3398856	0.03889376
0.3039033
0.2463846
0.2815749	0.2797942
0.276859	0.3342075
0.1147868	0.307478	0.1120078
0.07462007	0.4134466
0.1357816	0.3579781	0.3852961	0.1128869
0.0910837	0.2888046	0.634785	0.09487836	0.1931513
0.07134143	0.1894491	0.7262358	0.2757727
0.05267624	0.2359874	0.1826716
0.02942586	0.2461642	0.1485653
0.1545615	0.2922181	0.05023942	0.0443777
0.0637333	0.3059106	0.1523361
0.02482745	0.2522402
0.04820222	0.4136741	0.2811317
0.0749288	0.267816	0.06163889	0.07671199
0.005810301	0.2478784	0.07891133
0.06889999	0.1684551	0.2774646
0.06029703	0.2848079	0.03060362
0.1011075	0.3078523	0.06250034
0.06620013	0.3365124	0.03349214	0.09712403
0.06720962	0.2694989
0.1409572	0.3004346
0.04405112	0.2422094
0.1360894	0.2535174
0.04695452	0.2473442	0.377333
0.1122263	0.2301813	0.117538
0.06888169	0.3592982	0.7249825
0.0630321	0.2628337
0.08873855	0.2561069	0.2644677	0.08893963
0.5150177	0.2906686	0.112011
0.1143738	0.3689171	0.4742969
0.09134105	0.252728
0.1464056	0.3086369	0.08114805
0.05111647	0.252633
0.09803214	0.2641084	0.1114172
0.111745	0.2771978	0.07710393	0.1346225
0.04924036	0.2890098	0.1055798
0.1315857	0.2591732
0.07630193	0.2597862	0.09049714	0.01635509
0.1366645	0.2473248	0.7208938	0.03272164
0.05763758	0.2650983	0.3039778
0.08498516	0.2536149	0.1121335
0.09464417	0.2767115	0.01445947	0.1848287
0.09989572	0.3052804	0.1427964
0.04134668	0.3897359	0.1769143
0.1414843	0.4070917	0.06668827
0.1550416	1.735872	0.08653576	0.3339019	0.1911943
0.07336264	0.2463525
0.06018104	0.2601311	0.1945512
0.1063801	0.286099	0.3093655
0.04470893	0.303278	0.2069317
0.08443653	0.2817837	0.1557583
0.2035105	0.34781	0.185732	0.04719341	0.1722487	0.5951623
0.1447178	0.369039	0.1318454
0.2018449	0.3618067
0.1116162	0.3614569	0.2935413
0.1069768	0.2858294	1.883603
0.08198596	0.2973387	0.2253892
0.1020572	0.2071246	0.4633045	0.04735617
0.1545382	0.25471	0.05023232
0.06214324	0.2400717
0.07644635	0.2785802	0.2250522
0.08742324	0.2517179	0.0634025
0.06524169	0.2886169	0.2096078
0.06298439	0.2869741	0.2007402	0.1498515
0.06947072	0.2918613
0.1563484	0.3134071	0.06110295
0.2615167	0.2909172	0.05736843
0.1697093	0.3046945	0.2044393
0.05370759	0.3197072	0.009747563	0.3477111
0.05184144	0.3122342	0.08762292	0.1734679
0.05801361	0.2640516	2.51458
0.05165939	0.2874904
0.1015651	0.3532749	0.1778151	0.0392241	0.4441116
0.1672125	0.3337133
0.131463	0.319682
0.06441785	0.29546	0.0773371
0.05278941	0.3154283	0.05815939	0.05199799	0.8758877	0.07677937
0.06176874	0.3011385	0.07652689
0.08428864	0.2730732
0.09827258	0.2753901
0.08862075	0.2543814	0.08765748	0.05194355
0.05064732	0.2857678	0.0802132	0.1632874
0.04112516	0.3528595	0.1870169	0.01937432
0.04451799	0.2553778	0.09144289
0.2527253
0.3003851	0.2838609	0.07715528	0.1018019
0.03995799	0.2635543	0.2697732
0.1341844	0.2652105
0.1633102	0.3312325	0.08897109	0.1532401
0.1528338	0.3208934	0.07971933	0.1421572
0.07639982	0.2478536	0.2517157
0.1060318	0.2588255	0.1214415	0.32532
0.07425	0.2571783
0.07957749	0.2887707
0.1531867	0.4992445	0.07502005	0.3309239
0.147827	0.3424535	0.231521
0.05527343	0.3465242	0.06769209
0.1164148	0.260754
0.048556	0.2760611
0.1367768	0.261876
0.160828	0.2935715
0.05437849	0.3093531	0.107679
0.1093136	0.3043453
0.3160057	0.2862181	0.08556071
0.1258046	0.2399913
0.111502	0.2669181
0.09772145	0.2661538	0.2638117
0.1472518	0.2573685	0.4104725	0.1108001
0.1138084	0.2556404
0.1304424	0.3061478	0.04373557	0.1120635
0.006452699	0.2756342	0.07366208
0.03482977	0.3133068	0.2550044	0.06853991
0.1975444	0.2458972	0.3966252
0.1026757	0.2659769	0.8100623	0.265732
0.1538373	0.8653489	0.208885
0.0746185	0.2654919
0.07342215	0.1731839	0.3869227
0.05071669	0.2833305	0.1479096
0.07045737	0.2820437
0.4033577	0.2183774	0.03874619	0.2950094	0.06702641
0.08780948	0.2624361
0.1978075	0.3458091	0.3738491
0.1827069	0.3566195	0.2283424	0.0702962
0.09566425	0.2682084
0.07040733	0.2971755
0.2159048	0.2919395	0.03653802
0.09069261	0.2636965
0.1130657	0.2441369	0.02769171	0.1516264
0.08388585	0.2741629
0.1761577	0.2693716	0.04893952	0.1379111	0.1150385
0.07036506	0.2312716
0.08111025	0.2584221
0.07314057	0.2853094
0.1021625	0.2884738
0.06680041	0.2909789	0.03374862	0.1153443	0.1137686
0.01801437	0.2524877	0.07765642
0.08133906	0.2865894	0.2506809
0.0702364	0.2747303
0.1872441	0.3118787
0.1252308	0.3280784
0.1284996	0.2912381
0.07888	0.3149781
0.07884167	0.2594443	0.175706
0.08173745	0.2635171
0.04226116	0.2396116
0.05970251	0.3463216	0.1274931	0.1297635	0.06642333
0.1227365	0.2086837	0.2444299	0.07291626	0.2946943	0.05996606
0.1113795	0.2685118	0.08612749
0.08322556	0.2830064
0.08512406	0.2503583
1.005645	0.2983468	0.1187678
0.2989956	0.3052395	0.05224615
0.0850577	0.2615719	0.3354727
0.1108157	0.2112292	0.4019509	0.2401689
0.1840219	0.2918859	0.1702864	0.6324927
0.1389008	0.3359677
0.1228127	0.3618667
0.1345719	0.3090025	0.2084469
0.7020655	0.3401705	0.2281175
0.1592816	0.3701217	0.3463217
0.2120683	0.3341916
0.2032898	0.3590109
0.08621008	0.3272733
0.04660403	0.2574959
0.03735135	0.2397184	0.07663085
0.06276944	0.2283979
0.03655839	0.2385023	0.0384428
0.06728311	0.2342254	0.3128598
0.05151705	0.23474
0.1364944	0.3781072	0.5709172	0.1908436	0.2234616	0.1821663
0.1582224	0.3335193
0.04427939	0.3343253	0.0973557
0.09161495	0.3440056	0.0504112
0.1482192	0.2905596
0.07358414	0.234639
0.04204422	0.2541657	0.09257894
0.09508819	0.3388048
0.05614129	0.3616536
0.2592348	0.3960693	0.1748951	0.2311922
0.1505763	0.302269	0.4234119
0.0797841	0.3800898
0.03940604	0.3381421	0.1470329
0.1467648	0.3675956	0.2265094	0.06208284
0.07788559	0.4219349
0.08219971	0.3421377	0.07843156	0.1615423	0.188466
0.1060241	0.2337965	0.05286187
0.02851426	0.2629958	0.08919494	3.903739
0.04189418	0.2280624	0.2679001	0.08610591	0.1430583	1.10813
0.09229931	0.2420312	0.1213995
0.1376853	0.2763206	0.2040372
0.06664921	0.2523053	0.2013626
0.06484196	0.2738402
0.07858602	0.2633842
0.02034369	0.2223787	0.06992885
0.08843723	0.283192
0.1381343	0.3479984
0.08386261	0.3479984
0.1131319	0.2835868
0.1154375	0.2899551
0.06737834	0.2246898	0.4120035
0.1195001	0.2808852
0.03938557	0.3822157	0.2110024
0.09487892	0.3822157	0.04475204	0.2560206	0.01143428
0.111068	0.248825	0.6338865	0.1892236	0.2021165
0.09066845	0.3578479
0.3746919	0.2309027	0.2369388
0.1107798	0.2259043
0.1188062	0.3520126
0.2026755	0.3399035
0.2439741	0.4995626	0.09868453
0.2881204
0.261543
0.3212458	0.1272258
0.2831463
0.6420344	0.3160116	0.1238898	0.2186397
0.2254438	0.488476	0.2493061
0.1198866	0.3499323	0.2372798	0.1316736	0.4994465	0.09123744
1.284136	0.3318903
0.3268675
0.3232699	0.1854482
0.2367886	0.3429553
0.07421101	0.2949673
0.0590045	0.2621392
0.03641803	0.2765597	0.08197434
0.09177191	0.4920269	0.2688896
0.2138944	0.2629272	0.08053958
0.1080278	0.2911781
0.0822974	0.2656287	0.3424743
0.1006863	0.1933048	0.3853311
0.1767482	0.3426835
0.05376241	0.3475261	0.0938724
0.05289288	0.2835797	0.260265
0.07694119	0.2765581
0.04926998	0.2680377
0.08515664	0.2296323	0.3334099	0.3817304
0.09398995	0.2793627
0.0612099	0.2733668
0.07609156	0.2562672	0.3576876
0.05408304	0.3180723	0.2927971	0.07415958
0.06638951	0.2397203
0.05968535	0.3029312
0.0566483	0.2556468	0.09848677
0.09067695	0.3081159	0.05881837
0.1149834	0.2759672	0.1064165	0.07696763
0.03965135	0.3178356	0.1450394	0.3166802
0.09484377	0.1937705	0.3309154
0.04959722	0.243661	0.5235492
0.1122197	0.1381057	0.348393
0.06057123	0.2336323	0.07979064
0.0551376	0.2831641	0.2520282
0.08354179	0.2316738	0.1117475
0.09552763	0.3025294
0.07523327	0.2755997	0.05670547
0.0394032	0.279957	0.3374932
0.07953509	0.2565251	0.2964211
0.115985	0.3285619	0.2039292	0.01532464
0.09649476	0.4916628	0.161009	0.2455356
0.1091531	0.3397825	0.1217841	0.01297163
0.1193282	0.28662	0.02315715
0.07299129	0.2364303	0.1166031	0.6414133	0.1324609
0.3506258	0.2433855	0.07606666
0.07841946	0.2880532	0.09364115	0.2496543
0.04839196	0.2456477	0.09608887
0.06874339	0.235133	0.4262919
0.07341761	0.2330258	0.1786354	0.03402537
0.09394441	0.3189978	0.4030564
0.04856247	0.3259333	0.1945604	0.05600519	0.1374818
0.04747706	0.3298526
0.03271465	0.2764285	0.0742385	0.2149207	0.08432466
0.03028841	0.2488222
0.1092098	0.2881127	0.1066517
0.04049007	0.2364869
0.06108157	0.2765471	0.3212211
0.1244886	0.2258297	0.06322305
0.09244535	0.2820374
0.04463636	0.2718853	0.1919967
0.07858201	0.2833438	0.1166375	0.03874985
0.1200491	0.2962716
0.07045583	0.31435	0.1637262
0.06234873	0.2470963
0.09357204	0.2907669
0.1495626	0.2932259
0.08412298	0.3189764	0.1045557	0.3923834	0.2100232
0.07854295	0.2982423	0.1611948
0.0490465	0.2759802
0.05311159	0.2497174	0.1672771
0.06695457	0.1327823	0.3771412	0.807108
0.04652241	0.1921495	1.210651	0.1890222
0.103243	0.266914
0.2586401	0.2931655	0.08885893
0.2019427	0.2838748	0.03300111	0.1479284	0.09444309
0.10476	0.2561645
0.1444104	0.2992642
0.05910418	0.2739364	0.3462485
0.02953425	0.2331142	0.1750054	0.05884529
0.06032134	0.3508262	0.1440553
0.06266772	0.236791
0.03907956	0.253157	0.03645453
0.06887153	0.291047	0.2195053	0.06841511
0.09699443	0.3001147
0.2261651	0.2863868	0.3731391	0.1354951
0.09301466	0.3191156	0.05756099
0.07293686	0.3011751
0.09566856	0.2490835	0.2181092
0.1678836	0.3043429
0.07108107	0.264878	0.3398459
0.06953196	0.2875804
0.05333097	0.2439363
0.074328	0.2621532	0.1843812	0.1568454	0.2955863	0.3117774	0.2400518
0.08087122	0.2413572	0.1242542
0.09727235	0.2792916	0.07997531	0.1082601
0.04665513	0.2920706
0.05661394	0.1623898	0.08816238	0.62585
0.1119579	0.4683294	2.449016	0.1390537
0.1096945	0.9371954	0.2141138	0.1741369
0.06446736	0.2629696	0.3672411
0.1611566	0.3123324
0.1195051	0.2913325
0.05520345	0.2377691	0.05395182
0.05942567	0.2688466
0.03181693	0.2503967	0.08148197
0.09422256	0.2863003
0.1285455	0.3300599
0.2089415	0.2460166	0.2147446
0.08792135	0.318587	0.08997105	0.08097689
0.1576747	0.2812517
0.02451125	0.3093518	0.1732826	0.2804635
0.2732034	0.2885709	0.1155317	0.07502628
0.2278825	0.3186073	0.1994955
0.435777	0.2473217	0.09957642
0.07519799	0.2825409
0.122799	0.2379165	0.07907624	0.1127561
0.1152557	0.430883	0.1479239
0.06924535	0.3656906	0.1947448
0.08973854	0.2890665	0.1228932
0.07043301	0.2648337	0.1214573	0.2836031
0.0809727	0.2948551
0.03533182	0.3836323	0.06142047	0.01748784
0.07382155	0.3750876	0.1763369
0.07430273	0.299344	0.550701	0.1081167
0.06882829	0.2507267	0.4055612
0.05955538	0.2452495
0.0584121	0.2319099
0.06643296	0.2668487
0.07857545	0.2579626	0.07302032	0.06935999
0.0574918	0.1870641	0.4739645	0.1414315	0.07197921
0.07685357	0.3166333	0.2217172	0.1500306
0.1255695	0.3860014
0.08993358	0.3346034	0.2197056
0.09226036	0.241599
0.2199626	0.2028934	0.2774962	0.1522114	0.05943112	0.1946459
0.08604062	0.309026
0.1832826	0.2697954
0.03335943	0.2696638	0.05229549
0.06879491	0.2392869	0.6014855	0.3179854
0.1403192	0.5333839	0.2994645
0.0851989	0.438117	0.2606416	0.153996
0.121123	0.300394
0.09837456	0.232125	0.02741625
0.06535849	0.2813035
0.03921297	0.2696734
0.0377125	0.2664482
0.09860141	0.2930548
0.05908111	0.2444809
0.01856915	0.2718847	0.07559937
0.05638937	0.1772748	0.06375069	0.2828907
0.05156814	0.2590077
0.09723097	0.2713662	0.4379253
0.1037832	0.287488	0.1483842
0.1557142	0.4090719	0.1228728	0.09886229	0.1012312
0.0229723	0.4472243	0.3863762	0.05994408
0.2294186	0.4318994
0.2177121	0.4195548
0.1524503	0.4307155	0.05305263
0.07244875	0.363217
0.07900067	0.3309598	0.1217734
0.0206163	0.2489828	0.04440257
0.08573507	0.2781448
0.08370073	0.2672499	0.1035878	0.4041344
0.1518994	0.3093715	0.1529917
0.1259056	0.3089225
0.313963
0.3257114
0.2995844	0.2655574
0.2383262	0.2584204
0.2719746
0.3198059
0.29488
0.3111493
0.2319245	0.134431	3.02781
0.2766129
0.2692982	0.2796644
0.3850915	0.6178911	0.2767123
0.09633919	0.3672049	0.2941738	0.1477775
0.3181788	0.683461	0.02834993	0.2533669	0.07355597	0.4774295
0.3402122	0.2539856	0.07763725	0.4150999	0.1641436
0.2124238	0.2639327
0.2402847	0.2563115
0.3044543
0.6097876	0.2372292
0.1228556	0.284951
0.03274958	0.4401084	0.07137602	0.2407243	0.2066658
0.128706	0.3554538
0.09605522	0.3347186	0.1273649	0.08525066	0.06325713
0.1321457	0.3006213
0.09508323	0.2963198	0.06913701
0.2531518	0.4380109	0.169773	0.3010482	0.0657242	0.1287648
0.0646928	0.3076175
0.02098189	0.3136415	0.07126529
0.05807579	0.295439
0.1139694	0.2808011	0.1032277
0.04813724	0.24653
0.01044133	0.2048714	0.07763359
0.09211231	0.2739563	0.04132731	0.06511698	0.9970801
0.1325979	0.2847267
0.02718755	0.2907179	0.3669355
0.02555274	0.257636	0.07114915
0.04086686	0.2394444	0.1761247
0.06256083	0.2733857
0.08211582	0.2194767	0.3607107
0.09491593	0.2883831
0.1776537	0.1834806	0.09205706	0.225775
0.1216486	0.2326207
0.02371045	0.3314327	0.09358763	0.147568	0.1773268
0.09198435	0.2327725	0.3568813
0.0750357	0.3204783	0.1275389	0.3299324
0.1105643	0.2884929	0.395759	0.1872069	0.4612324
0.04217714	0.3916353	0.1614581	0.1199732
0.1374397	0.9391874	0.1718574
0.2676611	0.3116449	0.1273853	0.07065622
0.05092995	0.4339726	0.1930189	0.09563582	0.09532955	0.1455275
0.1358486	0.2575979	0.4219691	0.1261617
0.1602228	0.3676929
0.1453723	0.3549358	1.470244
0.2430845	0.3604559	0.07257143	0.1420425	0.3393322
0.2405911	0.3910695
0.1803223	0.4844813	0.2174499
0.1855831	0.3777277	1.145337	0.02508532
0.0889838	0.2411111
0.04614471	0.270809
0.01578948	0.2433674	0.03823208
0.07300819	0.2391518	0.2548813
0.02134459	0.1008659	0.3494323	0.1904912
0.02101359	0.3074446	0.0471142	0.1423647	0.1018258
0.1127045	0.3370589	0.4061284
0.06900489	0.2607416	0.1225405	0.018231
0.5769003	0.3042603	0.06690417
0.7497778	0.144968	0.263461	0.03367527	0.009840942
0.05750092	0.2912026	0.1882841
0.2503619	0.4287072	0.1101427	0.06012686
0.1522292	0.3753372	0.2419223
0.1225758	0.3457231	0.0945561
0.09941072	0.3300635
0.09903601	0.2263914
0.257897	0.2599578	0.1224678	0.01572531
0.03226538	0.2788491	0.165107	0.09390083
0.08806397	0.2555688	0.08361156
0.05375741	0.2536435
0.06714487	0.2527907
0.05494957	0.2358551
0.05606373	0.2597574	0.03832041
0.2940577	0.2645736	0.07065249	0.05907147
0.04346133	0.2668665	0.06340329	0.007813726	0.116991
0.1039846	0.2664709	0.1301067	0.005589253
0.03482215	0.2519592
0.1098323	0.3274414
0.1087649	0.2602381
0.08774757	0.2356336
0.06445882	0.2485204	0.015177
0.08242313	0.2973842	0.08608746	0.1829961
0.08183004	0.2521201	0.8433579
0.1355278	0.2254652	0.2796369	0.2778786
0.05336514	0.2576693	0.2262344
0.0579441	0.3146737	0.1332959	0.3600077
0.03606091	0.2668615	0.06003952
0.07130472	0.244675
0.09890776	0.2386721	0.3798954
0.07585322	0.2669802	0.1006578
0.1885618	0.3046267	0.1043824
0.1835385	0.3123328	0.0865277	0.06594622
0.103258	0.2582886	0.0294424
0.5721267	0.3092237	0.1180135	0.1025093
0.6715785	0.1153129	0.2521911	0.3747775
1.140479	0.1262278	0.4077408	0.4473597
0.07581097	0.2821468	0.1074125
0.07096849	0.2548309
0.01705437	0.2910008	0.08592912	0.133839
0.0233121	0.243064	0.0427812
0.05683471	0.2539062	0.1031649
0.09972324	0.2848871
0.0623748	0.2513558
0.03466649	0.04569021	0.3123389	0.2900523
0.11896	0.2440352	0.07700842
0.07205036	0.2806439
0.06646935	0.2498496
0.1185726	0.3680356
0.07720973	0.3094265	0.2615125
0.08104546	0.250922
0.1260417	0.129029	0.2633702	0.09006969
0.06577769	0.1664692	0.257859	0.2763339
0.07582599	0.2639153	0.05728566
0.16039	0.2623848	0.06674529
0.06744853	0.2390546	0.3911652
0.03627435	0.1610575	0.3439427
0.1219766	0.333083
0.07770702	0.142151	0.2412647
0.08762684	0.2658342
0.03801837	0.2514148
0.08473935	0.2878658
0.1047954	0.2520127	0.06126452
0.0643139	0.2464989
0.1245694	0.3088921
0.06587117	0.2427206
0.06483559	0.3165685	0.485026
0.1331553	0.3059094	0.04542451
0.05309701	0.2653034
0.09638306	0.269303
0.1492085	0.4022689	0.2562335
0.06923861	0.3683872	0.2593723	0.09879632	0.1977698	0.1041
0.03496012	0.1455375	0.3388871	0.4365945	0.2933826
0.1038727	0.2633045
0.1008703	0.2521375	0.0256962
0.02611707	0.3392117	0.1371574	0.06279756	0.07607629
0.1910123	0.4082791	0.1019908	0.1683982
0.07714561	0.3472754
0.0356059	0.2514241
0.09825186	0.2786701
0.1167906	0.3109775
0.01277008	0.313366	0.04802759
0.04816548	0.3100485	0.1691408
0.1331895	0.3099076	0.2608056
0.1059761	0.2765393	0.2562712
0.1151014	0.266693
0.01629522	0.341679	0.1943793
0.08534881	0.334248	0.2702463
0.1183602	0.3208
0.06582054	0.3251502	0.2660108	0.06412276	0.1467531	0.4513936	0.1247707
0.06026369	0.2513193	1.608119
0.08566359	0.2991481
0.04346056	0.2538443	0.09746636
0.05379618	0.3862711	0.2245049	0.196816
0.1732123	0.2442809	0.06074099
0.1241611	0.2467546	0.1145665
0.06588962	0.3215656	0.2311462	0.4248082
0.07037158	0.2365957
0.06451035	0.2465595	0.246368
0.009539021	0.2204204	0.2487543	0.08664054	0.4120247
0.06772223	0.3196889	0.06813851	0.1029057
0.5456053	0.2777017	0.1454697	0.1183074
0.094595	0.2659859	0.3575388	0.03049588	0.7029281
0.07009455	0.2519606
0.07833077	0.2412767	0.04105846
0.01980498	0.2741357	0.03921192
0.06902398	0.3016996	0.1253171
0.06645785	0.3364101	0.06984612
0.052761	0.3656537	0.2386661	0.08035397	0.03825338	0.3869666
0.05589979	0.2714396
0.04480541	0.2626928	0.04436763
0.09732578	0.2485156	0.2372127	0.1418965
0.0414771	0.2831683	0.06567703	0.2461342
0.0865307	0.2601445	0.08801833	0.03982947	0.4183462
0.04501971	0.3058023	0.09160897
0.1408146	0.8010805	0.2659383	0.2240309	0.1417556	0.2945988	0.09381512
0.4000688	0.2668728	0.09350232	0.04417146
0.1181959	0.273686
0.1268929	0.3578758	0.236249
0.04719424	0.393864	0.1761383
0.09250455	0.3228664
0.03626148	0.3586272	0.0434668
0.05809877	0.2978512	0.1580472
0.1897782	0.1584824	0.06718531	0.2545506
0.02892492	0.2827241	0.08204336	0.1202714
0.04572578	0.2664468
0.1200508	0.3054071
0.07038233	0.2737625	0.2657914	0.06898362
0.08532503	0.2998542	0.07913227	0.1104753
0.08253453	0.2596084	0.1961163
0.06146475	0.2537402
0.06185148	0.2593557
0.07332943	0.254852	0.03871781
0.07140723	0.2481103
0.03371966	0.2616148
0.08442397	0.2866451	0.331355
0.02591693	0.3115853	0.05323849
0.05642876	0.2988174	0.1166114	0.2839209
0.0731024	0.2569061	0.3668549
0.08280544	0.2376733
0.0548427	0.2824453	0.202862
0.07847494	0.3319977
0.0362022	0.3424108	0.1247972	0.08150536	0.04987984	0.1384384
0.1312293	0.2694951	0.2809813
0.1100376	0.3174916
0.1290633	0.3179119
0.1001958	0.2652648
0.1610292	0.2241482	0.5083049	0.1605605	0.2689825	0.2369355
0.1065491	0.377823
0.06744065	0.4286535	0.01916217
0.1006942	0.3376076	0.1066772
0.3640449	0.3654554	0.1471284
0.08060432	0.2845558
0.06145572	0.2906944
0.1908669	0.2499866	0.04300726	0.1606649	0.05400948	0.08096886	0.6634072
0.02232223	0.2281267	0.1616003	0.6046428
0.1578711	0.2979386	0.67409
0.09532753	0.3437603	0.02694469
0.1376885	0.5196285	0.269287	1.167089
0.1050636	0.3125081	0.6429716
0.04388684	0.2767844	0.2461546
0.08837774	0.2773956
0.4100594	0.2939255	0.08939219	0.1852158	0.6993981
0.5105731	0.2857517	0.07137458	0.01909769
0.08619225	0.2838664	0.05504559
0.06672153	0.286998
0.1219431	0.2707737
0.10546	0.28123	0.1439768	0.4483787	0.1531839
0.0373916	0.2638878
0.0259683	0.2588214	0.03754485	0.08426808	0.1729919	0.04475677
0.1397991	0.344125	0.1787679
0.124152	0.3665587	0.1643982	0.3735109	0.06627005
0.163103	0.3246096
0.06559401	0.3089238	0.1367291	0.08982691
0.1073446	0.315693	0.1109633	0.1506718
0.09979081	0.2690959	0.05186471
0.0429321	0.2475658
0.1555564	0.06724848	0.2905685
0.1109887	0.3190155	0.09793424
0.1405385	0.2650251	0.1444663
0.06632247	0.2744263
0.0756816	0.235818	0.0521268	0.06892075
0.1196049	0.3148476	0.1412198
0.05445316	0.2477166
0.08630636	0.2933276	0.2746986
0.08275715	0.2663153	0.03536589
0.07014868	0.2845152	0.1930031
0.1526491	0.2650693	0.1119268	0.2912451
0.0798427	0.321531
0.09170172	0.2585014	0.03304083
0.1459368	0.3381999
0.05261236	0.289726	0.1533191
0.01167016	0.2695337	0.1135938	0.09378104
0.02294825	0.2697688	0.06412092
0.06234741	0.2379175	0.06351413	0.121992
0.08560595	0.2980154	0.0734062
0.0802995	0.3293659	0.1905083	0.08902106
0.1665693	0.3213905	0.0814533	0.1775758	0.5000009
0.09270141	0.283462	0.04722686
0.1133657	0.3519932	0.2535792
0.1215028	0.2725445	0.09720485
0.1402385	0.3410305
0.0886327	0.2991448
0.09608539	0.2433647
0.01400947	0.280543	0.08790549
0.0648661	0.265738	0.1628136	0.2789654	0.4035303	0.1416969	0.08975976
0.06536441	0.2377331	0.04541287
0.1060512	0.2936639
0.06916938	0.291582	0.2835088
0.07845101	0.2538441
0.1491338	0.2519176	0.05320952
0.03436286	0.1941096	0.0753532	0.2608552	0.01137956
0.04443256	0.3144614	0.123455
0.01827403	0.1685877	0.347368	0.1919677	0.08375803
0.1378239	0.3653649	0.3340041
0.06545428	0.283727
0.1451578	0.2677532	0.05777519
0.09500085	0.2520247
0.09147502	0.2344312	0.06061076
0.1072602	0.2634717
0.2188751	0.2518572	0.03053362
0.07650638	0.2203903	0.2447013
0.02408892	0.2512881	0.07022145
0.09404314	0.2337213	0.1897465
0.5148398	0.2353721	0.04835543
0.03258	0.2066359	0.2402397	0.0826739	0.0387677
0.1027313	0.2309408
0.06941562	0.2168297
0.0559807	0.26071	0.3590693	0.1947478
0.02652938	0.237681	0.2433733	0.2815331
0.06190188	0.1942472	0.3510405	0.06325394	0.2447889	0.1086332
0.07186694	0.3510405
0.05962606	0.3455387	0.05232717	0.1050156	0.246638
0.1044134	0.2799069	0.4708055	0.08831073
0.003966855	0.3039585	0.05808663
0.06030431	0.2784684	0.1004504
0.08815239	0.3014532	0.08983783
0.07456624	0.3225872
0.009215638	0.2644718	0.05099969
0.06332322	0.2829038
0.1251628	0.2937728
0.1008459	0.2437156	0.08760119
0.02767732	0.2550523	0.05479171	0.4286177
0.02114672	0.2649777	0.0729519	0.3608024	0.07524564	0.1956462
0.07496898	0.23364	0.4197439	0.08559647	0.06682739
0.1193641	0.2523942	0.7798045
0.1106835	0.2771632	0.1179784	0.5578172	0.1636049	0.01500971
0.07755552	0.2473072
0.06295437	0.3307655	0.1203917
0.09116188	0.3341607	0.009538626	0.1166205
0.2740879	0.3535876	0.198378
0.1031606	0.3034105
0.05684182	0.2752467
0.02306711	0.3167813	0.07367797	0.04770732
0.1280807	0.2408003	0.1286292
0.03151009	0.266452	0.08244189
0.0892172	0.2343839	0.3717463	0.03482231
0.05479812	0.2565243
0.06934435	0.260465	0.1169304	0.2160611
0.03391826	0.2527698	0.1238116	0.1454524
0.1142719	0.253254
0.04532502	0.2821343
0.03600424	0.2937527	0.2132826	0.1948849	0.05729036
0.08796275	0.2706556	0.04059335	0.2505106	0.05364775
0.05200341	0.2290306	0.08599793
0.0585171	0.3505696	0.1515532	0.06974576
0.1210869	0.1901444	0.2627619	0.5013089
0.06174879	0.2612249
0.1188682	0.2576356
0.1135726	0.2882187
0.08688991	0.2895811	0.4437194
0.07833972	0.3088921	0.06468785
0.04821344	0.2546453
0.08136171	0.2345973
0.1181658	0.2979108	0.1159735
0.14276	0.3266011	0.3988489
0.1089093	0.2787487	0.09639697
0.08015854	0.3115319	0.1592206
0.08322931	0.2714861
0.05749276	0.2349437
0.0645622	0.2981067
0.07051934	0.2536161	0.1044918
0.1216456	0.313504	0.2684608	0.05516481
0.1453506	0.3130327
0.04308348	0.2669135	0.05618474
0.1002416	0.1531474	0.3523297	0.2341734
0.04269853	0.3501368	0.08319221
0.08724881	0.4031951
0.06995186	0.4103582
0.0854024	0.4327786
0.05507044	0.4260292
0.09790521	0.4089703	0.04544948
0.09990268	0.4257832	0.3770425
0.2813129	0.4404875
0.3524068	0.4207601	0.4530536	0.4810719	0.2945797
0.4054332	0.06905845
0.4094156	0.2208505
0.4122628	0.1404593
0.4106302
0.3803513	0.7715617	1.212103
0.3519833	1.073184
0.0457805	1.088463	0.3144148
0.004574507	0.7679151	0.2672407	0.2114066
0.05515943	0.6039796	0.207918
0.1677031	0.4104622	0.1349405
0.1762893	0.3807601
0.1435945	0.2340112
0.01738101	0.3972536	0.2184818
0.07368831	0.3125104
0.05506367	0.2765274
0.1734255	0.3014249
0.0445529	0.2816292
0.004635125	0.3494303	0.0708792	0.06382341
0.1200022	0.3108012	0.01635164
0.0339898	0.2466393
0.07216897	0.2635702	0.07215122
0.08444967	0.2408116	0.2784317	0.4120867
0.1260887	0.2969049
0.09943413	0.3160759	0.2732683	0.04888287
0.06564786	0.2178434	0.2738179	0.4844128
0.04413304	0.2440564
0.05815796	0.3622086	1.41717	0.1644903	0.09599444
0.09284169	0.3553207	0.02323325	0.2529011	0.08991771
0.1172645	0.358758
0.02333735	0.3728063	0.07822937
0.04529392	0.4054482	0.5450274	0.1064073
0.02072237	0.4002392	0.1313761	0.1338003
0.009918412	0.4002392	0.07462191	0.1628528	0.08787307
0.2444158	0.3826368	0.03805118
0.1931796	0.4825887	0.01918722
0.1305868	0.3223276	0.1540066
0.05776014	0.261957	0.03201007	0.05963224
0.05606937	0.2704264	0.1766878	0.06105204
0.0912445	0.283823	0.06419836
0.03665292	0.2693992
0.07617661	0.2594329	0.01322314
0.06333353	0.2417603
0.07626622	0.3027935	0.2409377	0.5286239	0.3152525
0.165204	0.395672	0.3371757
0.1142246	0.3055843
0.08922698	0.2373549
0.07043996	0.2559933	0.08975478
0.06738718	0.2677738
0.1134789	0.2718233	0.3106294
0.1507625	0.3218395	0.08374315
0.1026456	0.2769559
0.1022169	0.2762026	0.1621902	0.1907823
0.02940834	0.2748625
0.03707844	0.2408773
0.08754499	0.2759006	0.1933645
0.05912255	0.2978152	1.658444
0.07655389	0.2802846	0.108866	3.218679
0.1417189	0.2745859	0.1035587
0.1469482	0.2631767	0.05148871
0.2229972	0.3315519
0.1381417	0.2795851	0.03604868	0.06873023
0.09202949	0.2507301
0.06497069	0.3054386
0.1126018	0.3301611	0.1491307	0.02912613
0.1214327	0.2591604	0.4310258	0.05697788
0.1359657	0.3677323
0.0591902	0.3127394	0.6254507
0.04225619	0.3267292	0.397068	0.6269891
0.009707541	0.3308662	0.09641513
0.02697032	0.3079835	0.1049578	0.1316761	0.1568
0.07398696	0.2373694
0.1777329	0.2995364	0.07190959	5.342619
0.1150747	0.3010969
0.1929767	0.3068448	0.0920872
0.1052741	0.1933474	0.2261688
0.07179299	0.2832998
0.3814017	0.2648687	0.06560496
0.09335756	0.2571426	0.1338361	0.2597803
0.1436364	0.33047
0.08343133	0.2037668	0.383656
0.05118926	0.2820242	0.2485278
0.08239091	0.285887
0.09451297	0.2779861
0.111534	0.2628369
0.01875573	0.2906378	0.1687094
0.06229076	0.2897913	0.09283884
0.03834914	0.2783482	0.1271588
0.09133374	0.283261	0.08386958	0.3641998
0.2015853	0.05774855	0.3949953
0.3315027	0.3746074	0.3462231	0.1449742
0.1327933	0.3740755	0.06907146
0.08371341	0.3471533
0.09018753	0.3347238
0.211616	0.3097541
0.03984859	0.2614187	0.4596866	0.2626103
0.2749681	0.2417863	0.03699696
0.06387148	0.2462692
0.0708868	0.2655347
0.07008865	0.2676021
0.08809668	0.3266131
0.09137799	0.2843081	0.07110714
0.03314758	0.3001632	0.2346625
0.05074258	0.2887141	0.08134331
0.0588038	0.224825	0.08506333	0.06429365
0.1524792	0.3649699
0.07149441	0.260821
0.09851618	0.2575317
0.0638191	0.2532635	0.3841595	0.07620407
0.0764414	0.3254138	0.2618947
0.07696048	0.2459042
0.1019258	0.2639816	0.4494877	0.0551935	0.06134128
0.04369639	0.2813153
0.09639873	0.2029881
0.06783923	0.1821552	0.3127134	0.05452372
0.2511499	0.2985067	0.04240327
0.1325941	0.2998799	0.1786364
0.1143637	0.2774597
0.08486361	0.422687	0.2837184	0.2496712
0.04991887	0.2588561	0.1417989
0.08936202	0.2465306
0.07677453	0.290047
0.06540823	0.2418651	0.1260281
0.05103988	0.3142383	0.1698553
0.0225485	0.2935785	0.1095695
0.07368799	0.2675826
0.05738718	0.2499376
0.06761781	0.2612782	0.02791133	0.6327148	0.1518325
0.07316768	0.2511318
0.03069608	0.30462	0.09369368	0.07068802	0.06576576
0.08134426	0.2189643	0.6218659
0.08632655	0.7944959	0.2026641	0.07904949	0.1007523
0.1408505	0.259721	0.02546275	0.02840664
0.1117709	0.259721
0.08531953	0.2604324
0.1395314	0.2300928	0.1044154	0.2755601
0.1165405	0.3109833	0.2272529
0.05520742	0.2863588	0.09367621
0.4530512	0.2818565	0.01847191
0.1560158	0.3113335	0.2899768
0.6018643	0.2744686	0.0785471
0.2950367	0.258896	0.06674999
0.0600028	0.253093
0.1739933	0.3426664	0.262656	0.05259753	0.07101511
0.1229684	0.3535269	0.0976515
0.5638521	0.3607108	0.1520675	0.2849427
0.1120499	0.300684
0.1235261	0.2053418	0.4142668	0.2964708	0.01779782
0.1963814	0.3088518	0.1673182	0.06145461
0.7678691	0.3158723	0.0720597
0.3713094	0.2751902	0.08064832	0.1222013
0.03256906	0.2703341	0.109352
0.08249054	0.2462848
0.05212478	0.2885898
0.09909523	0.2748678
0.1079015	0.3667581
0.2190966	0.3833641	0.08490327
0.0735555	0.3817062	0.2395748
0.03025392	0.3946475	0.2342982	0.3388819
0.07122705	0.1465644	0.3972543	0.03479129
0.04755081	0.3035054	0.05445742	0.3577737
0.12117	0.2627361	0.0765483
0.07364324	0.2674854	0.140859
0.1209964	0.2828446
0.1002493	0.353844	0.1114096	0.192232
0.1790092	0.4315871
0.03056492	0.3605271	0.1627761
0.208996	0.3944659
0.1160389	0.4004344	0.2090971	0.2484703
0.07635975	0.4095861	0.1115921
0.1955665	0.3589524
0.3662974	0.2700489	0.09069298
0.09106957	0.2626205
0.06990323	0.2714439
0.1158512	0.2397394	0.2996813
0.02246984	0.248539	0.08682551
0.4266709	0.2759524	0.1220295	0.03895445	0.1294585
0.1890386	0.2787261	0.04848601
0.0785585	0.2748017	0.1322634
0.08045041	0.2666564	0.1583614
0.05335937	0.2696556
0.1585406	0.3103524	0.1739656
0.06988484	0.2065716	0.5577225	0.1558474	0.5696882	0.1604154
0.0434139	0.6826318	0.1721022	0.1105826	0.463755
0.2361202	0.8105397	0.2371291	0.1696546	0.06064005
0.1620238	0.4493168	0.2041418
0.03586628	0.3675812
0.193397	0.4222605	0.05926629
0.109283	0.2903111
0.06807929	0.2308293	0.428683
0.09142503	0.240506	0.4489024	0.1283092
0.7587332	0.2072813	0.3642168	0.319835	0.07337296	0.4562825
1.191933	0.114212	0.3576757	0.1987949	0.2021838
0.3597552	0.278111	0.2455521
0.06580922	0.3027023	0.2875445
0.07063057	0.2570133
0.2375031	0.277403	0.09586105	0.08286519
0.06656843	0.2810566	0.06916719
0.09151347	0.2505018	0.0603023
0.05605209	0.2614735	0.08191209	0.4119855
0.09200801	0.2829244
0.05112793	0.2684237	0.1793716
0.07454066	0.2147613
0.0624835	0.3002157	0.2108103
0.07113091	0.2637553
0.04978173	0.265894	0.05717378
0.05167124	0.2775192	0.05605879
0.08510121	0.3011259	0.1158574	0.2954792
0.1069465	0.419156	0.1615529	0.1492491	0.3302745
0.2040958	0.4955416	0.1687474
0.1345186	0.09244525	0.2873212
0.07325519	0.2869415
0.08513825	0.227839	0.2172683
0.07573922	0.252106
0.1909035	0.3099605	0.02411452
0.05971253	0.3213622
0.1540652	0.249993
0.09237128	0.3321391	0.09590869
0.07991447	0.3181294
0.02749548	0.3146948	0.0961952	0.1883012	0.4771085
0.1007113	0.3215678
0.09047759	0.2261077	0.2797463	0.2589301
0.1017244	0.2512379
0.09317618	0.2702576
0.1167159	0.3460632	0.2516921
0.06460619	0.2597883	0.2428186
0.1368235	0.2716736
0.06923607	0.2681537
0.07825289	0.3067062
0.09622307	0.3034479	0.1046819
0.05123993	0.2429511	0.1134481
0.03048991	0.2996781	0.05527449
0.1999917	0.3579055
0.05597707	0.3021597	0.2489388
0.09748653	0.1790551	0.4808099	0.1046967	0.1244452
0.09177004	0.3198539	0.1280611	0.09975712
0.04504333	0.315832	0.07794149
0.05625116	0.3455016
0.07245727	0.2591796
0.1106312	0.2859075	0.4450712
0.05132596	0.2547148
0.06239942	0.3225141
0.1344478	0.3391888
0.1365903	0.3097558
0.1729384	0.2539353
0.05632476	0.2401931
0.05734882	0.2792439	0.1022732	0.08896641
0.08465258	0.2443775	0.09347258
0.02490917	0.5116411	0.2685904	0.0133018	0.09571329	5.400537
0.08440922	0.1923883	0.3213064	0.1691184
0.1393635	0.35939	0.106445	0.06301695
0.1349493	0.3841479
0.1064981	0.5350344
0.1487065	0.460262	0.2226931	0.763053
0.04929211	0.2380944
0.05061466	0.2712973
0.08060689	0.2149948
0.06584941	0.2806832
0.1520293	0.279591	0.03770138	0.08437024	0.06662297	0.7251733
0.04429187	0.2448144	0.1257182
0.07220628	0.2437144	0.01710108
0.08342573	0.2701663	0.06465067
0.03542843	0.2855043	0.1016599
0.01068415	0.23472
0.072724	0.3269561	0.1499747
0.1768701	0.346407	0.1468257	0.1093592
0.06205604	0.3269158	0.2167762	0.05683402	0.3985679	0.3095893
0.08086757	0.2501477	0.2669018
0.02052471	0.2534909	0.09246917	0.1015388
0.198587	0.2739642	0.1350478
0.07230439	0.3389019	0.2902452
0.09978448	0.3164317
0.1244345	0.3167409	0.2541711
0.1609342	0.3529963
0.1172218	0.3172518
0.09837853	0.3234079
0.02159385	0.3013352	0.09356239	0.4201144	0.2678981	0.1122476	0.0956986
0.06119818	0.2557666	0.428862	0.5027418
0.1137336	0.2503433	0.2035607
0.2253414	0.1333261	0.2634452
0.02166376	0.2685098
0.09507231	0.2489444
0.1417022	0.2671185
0.1865878	0.25047
0.3167709	0.2731317
0.07501284	0.2750254
0.09907504	0.2849233
0.01364556	0.2196418	0.2891302	0.196138
0.05194537	0.1507206	0.1472005	0.4879269	0.05012716
0.03976535	0.2669609	0.1648852	0.03669497
0.04819861	0.2698884
0.298135	0.2657485	0.1000936	0.2215185	0.2801552
0.1216269	0.2892665
0.1982358	0.5422771	0.3612732	0.2044497
0.08968771	0.2872874	0.01448208
0.1281113	0.3191222
0.09566589	0.3066365
0.08808483	0.2544751	0.04134512	0.3304531	0.3952104
0.05055595	0.2472141	0.05419607
0.2215106	0.2324952	0.1372527	0.04784492	0.2974315
0.09346526	0.2374745
0.1523488	0.3184821	0.1492012	0.1156507	0.09993805
0.3166302	0.263232	0.1315488
0.1316638	0.3354519
0.05038445	0.3145744
0.1066141	0.3023608	0.1518934
0.08950531	0.3163895	0.1526459	0.07870814
0.03328661	0.3483888	0.1127458
0.09619913	0.3327565
0.1701271	0.3482253	0.315923
0.05584171	0.2731235
0.07796895	0.2370571
0.1117015	0.2626228
0.06781967	0.2590179
0.09141028	0.2865509
0.02691187	0.1221229	0.3605579	0.1566011
0.01338813	0.2870773	0.09054284	0.06467773	0.2908636
0.03166526	0.2616246	0.1784507
0.0579297	0.3036827
0.05379816	0.289059
0.2535355	0.3184545	0.1480092	0.2145409
0.07581397	0.2430036
0.1015682	0.2319405
0.1146868	0.2872277
0.01447141	0.309131	0.2279199	0.1765112	0.0240557	0.08039388
0.0571079	0.2365521	0.05155032
0.05190973	0.5824381	0.1837383	0.1134018	0.08244946
0.07343023	0.3165061	0.1379909
0.6169461	0.2365249	0.2619751
0.5034002	0.254225
0.2230044	0.2685287	0.03466881	0.2374635
0.07204654	0.3569159	0.03291918
0.05599422	0.3380475
0.06572103	0.3397816	0.1220904
0.1549411	0.3397816	0.117158	0.2638357
0.06263646	0.2315121
0.02877974	0.2769993	0.2636728
0.1094628	0.2866429
0.1174243	0.2664843	0.08859849	0.01282685	0.09691385
0.06364509	0.2218224	0.659668	0.109813	0.2496856	0.2060793
0.09519306	0.2478248	0.680402	0.1494256	0.3036209
0.09906397	0.2585781
0.1021727	0.2635402
0.05360975	0.2715708
0.04830434	0.2880004	0.1014042	0.2997407	0.6726892
0.1131197	0.3309255	0.112754
0.1258271	0.4112991	0.2542789
0.1045142	0.2645692
0.09680354	0.1989101	0.3260458	0.449979
0.133165	0.3932873	0.1036045	0.22836	0.4100036	0.01988206
0.0483964	0.06682785	0.3289989	0.1164044	0.2448392
0.06937753	0.4094989	0.04605612
0.01465166	0.3996078	0.07356383
0.08500676	0.3669345	0.2291992
0.05075281	0.2535867
0.07244563	0.2786727
0.06472841	0.2605048
0.04082224	0.2260118	0.08196025
0.1631225	0.3126822	0.07230748
0.01539526	0.51668	0.5043618	0.2325857
0.1199998	0.487341	0.1802033
0.07378384	0.6162205	0.1802891
0.04675488	0.571161	0.2220609
0.06686812	0.3481686	0.08776413	0.5392181	0.0391113	0.1467959
0.1120115	0.506294	0.3753911	1.15019	0.2165114
0.1611147	0.5199037	0.3055258	0.09797963	0.3119993
0.06267882	0.2654314	0.4076566
0.06752057	0.4656947	0.1704162
0.1054826	0.2648973	0.6293507
0.04642118	0.3059156	0.1519886	0.06463465	0.06301621	0.1805857
0.07993189	0.2486452	0.1978852
0.1027408	0.3090032	0.3187823	0.04655002	0.08983642
0.03451244	0.2571027	0.09562772	0.2678961	0.409932
0.1143242	0.307019
0.1275688	0.33706
0.1639519	0.2981813
0.08975252	0.2401353
0.0855039	0.2448958
0.08736629	0.287636
0.06741036	0.3465739
0.0313543	0.4830773	0.2139643	0.2650884
0.07328442	0.4726973	0.2528532
0.05225086	0.4589563	0.1428506	0.05105145
0.1043419	0.4769357	0.2384458
0.2182115	0.02364357	0.4817296
0.2225592	0.4680627	0.127996	0.09803414
0.06578382	0.4693549	0.3113397	0.1926129
0.2053743	0.4384078	0.2801364	0.2549648	0.1874104	0.3666996	0.152647
0.2108696	0.4635429	0.105776	0.3084485
0.1790718	0.4193136	0.6091982
0.2468605	0.4487865	0.1029943
0.3077121	0.4368891	0.2086277
0.1347317	0.3928367	0.2566405
0.1012204	0.2817554	0.1222735
0.1295155	0.2598293	0.3654978
0.2849104
0.1829604	0.3298271	0.06350229
0.1570953	0.4110864	0.2537113
0.1684623	0.3076635	0.1039917	0.2233346
0.07518192	0.2714857
0.03684092	0.2647096
0.0652632	0.2342661	0.3062739	0.3386045
0.03354837	0.3557445	0.1390179
0.07890631	0.3946352	0.9814212	0.124587
0.1337098	0.3437143	0.441532	0.0940423	0.04906395
0.004632047	0.5871103	0.0685063	0.1905004	0.237371	0.09177322
0.0650761	0.3472682
0.1120276	0.3420875
0.3142144	0.3143102	0.0823993	0.2350387
0.1339851	0.3789504	0.1776614	0.0808194	0.9414191
0.1736868	1.340144
0.127922	0.5294397	0.05398427	0.2308136	0.2025681
0.1457637	0.3819662	0.4493008	0.5555448	0.08871847
0.1405551	0.4113185	0.5064006	1.209687	0.1200043
0.1188925	0.4399221
0.4374665	0.4529863	0.184256	0.250602	0.3634986	1.205966
0.1265623	0.1843428	0.304469	0.110537	0.0524101	0.2198899
0.1103957	0.2028082	0.3312841
0.1011166	0.2847308
0.06615104	0.2584163	0.006309018	0.05236199	0.2684184	0.03777134
0.1643197	0.3074188	0.1053475	0.1852063
0.0904191	0.3642534	0.1341096	0.4183099	0.08959561	0.1501949
0.2668316	0.3894032
0.2717961	0.6647025
0.2898056
0.07679172	0.3614722	0.1481987
0.14408	0.3288159	0.1187747	0.2312046	0.051392
0.1911172	0.3265847
0.06924849	0.3258473
0.06604537	0.2500988
0.1242212	0.3050503	0.2995039
0.0793125	0.2489687	0.04492047
0.1373041	0.3400004
0.1081317	0.3571392	0.2100086
0.08734127	0.3028041	0.1690132
0.06629641	0.2715851	0.2754118
0.1381419	0.2560929
0.1197063	0.3258803	0.1181514
0.1030208	0.3074622	0.07302498
0.07864251	0.2822909
0.0472773	0.3001174	0.204905	0.3131377
0.1059231	0.2561756	0.1226456
0.1253464	0.3047844	0.1363486	0.2353406	1.258817
0.1100871	0.1583584	1.109972
0.09248203	0.6497052	0.1778531
0.08028625	0.2289253
0.04035197	0.2700205
0.09634947	0.2625555	0.6546573
0.0574718	0.2650168
0.08249435	0.2973866
0.09898869	0.3649183	0.06119561
0.07958969	0.2650035
0.08675454	0.3769028	0.3156196	0.3661353
0.07911512	0.4330493	0.3269311	0.2448119	0.9486528	0.08050024
0.0713938	0.3755838
0.1299455	0.3725202
0.1255242	0.4142311	0.1553242
0.1368576	0.4047096
0.02898136	0.4064693	0.131629
0.02479511	0.3721115	0.1861971
0.2010228	0.3231238	0.1965139	0.2401514	0.1513251	0.3069988
0.09174955	0.309245	0.03264781
0.06516309	0.2526075	0.4058351	0.1710388
0.1059673	0.2886831
0.09696962	0.3444666	0.1681079
0.08983149	0.3191346
0.1480679	0.2898817	0.1203594	0.1123918	0.1494653
0.05008845	0.301601	0.3548354	0.2740888	0.05964614
0.08514285	0.2516141
0.084691	0.3086926
0.07098142	0.259834	0.1663313	0.5584972	0.02377704
0.09320235	0.2716501
0.05984538	0.2273587	0.1152046	0.07682831	0.3805539	0.09042848
0.04193721	0.2426652
0.05594951	0.272273	0.1573056
0.06760056	0.2576146
0.08067972	0.2496883	0.0919627
0.07381996	0.327341	0.1506854
0.1105105	0.296801	0.2443302
0.225379	0.3539432
0.1474711	0.3250315
0.09211932	0.3552036	0.1065717
0.1237598	0.2754255	0.1158639	0.04616301	0.3676707
0.07639075	0.2467643
0.1830686	0.3381133	0.1463594
0.04627559	0.3139841	0.1448438
0.1054619	0.3185265	0.1599868
0.09198898	0.2404556	0.3574275
0.08289834	0.2752261
0.07887076	0.2531258	0.5409406
0.1074469	0.3144339	0.1457425
0.09803588	0.3521111	0.4093668	0.06719305	0.1163615
0.09114744	0.3668185
0.1463191	0.2803084
0.1051833	0.2275334	0.3757369
0.3102948	0.280201	0.06285836
0.08417195	0.2401207	0.1415459	0.04756401	0.6201331	0.1096898	0.494835
0.1376354	0.2251312
0.04263896	0.2369514	0.06883239
0.1202544	0.2325606	0.1118523	0.173569
0.08279406	0.3108053
0.07784535	0.3012803	0.06701794
0.06053773	0.2633197	0.02963109
0.06467662	0.3179816	0.1610253
0.08103158	0.2045834	0.3133734
0.2701954	0.2394504	0.1001305
0.00543811	0.2585917	0.07455557
0.1192266	0.3023611
0.0350592	0.2918303	0.0853987	0.1191269	0.3275871
0.3330631	0.2993539	0.1678561	0.1158389
0.1686484	0.2546774	0.04831705
0.04080051	0.2848571	0.06556159	0.3082711
0.07897951	0.2404063	0.05469063	0.2606447
0.08623019	0.3216108
0.2241414	0.2839595	0.03974888	0.1112127
0.05717115	0.3117163	0.3854029	0.8429064
0.08285154	0.2936925	0.248805
0.04864518	0.3259231	0.1681133
0.1303874	0.3196078	0.07465309
0.0375879	0.2795816	0.04337849
0.09341311	0.309388	0.1460685	0.06608636
0.02129363	0.2982684	0.1411236
0.007382258	0.08487131	0.3119151	0.01815034	0.1706158
0.04028802	0.2915444	0.1152461
0.1292723	0.3144895	0.09744014	0.1873846
0.1589379	0.2940828	0.7069044	0.07569941
0.08267651	0.279854
0.07535645	0.2454572	0.08774514
0.1080767	0.2866102
0.1220196	0.2624946	0.5029553
0.1081213	0.2526065
0.0997031	0.2849731	0.1341352	0.08811922
0.04172376	0.2582481	0.1217383
0.04464394	0.2430682
0.1556145	0.2783862	0.04222847
0.06399004	0.233075
0.1306665	0.2417309
0.06986058	0.1365708	0.3675607	0.2056132	0.2361381	1.353692
0.05989428	0.2416864	0.08550172
0.1166887	0.3410882	0.3113662	0.06367235	0.2540809
0.1267106	0.2677795	0.1618586	0.1639846	0.01379989
0.06200457	0.2910125
0.04117941	0.1931246	0.07431689	0.9809727	0.1176901	0.08026005	0.452936	0.2835929	0.5951415
0.05763948	0.07842847	0.2498404	0.5129642	0.2367785	0.1261095
0.1049991	0.1665667	0.5024499	0.6762547	0.1470651	0.1208467
0.08011687	0.2392928	0.1072049
0.09691481	0.2384581
0.06608008	0.220023
0.1163422	0.2633681	0.02625226	0.1358107
0.1188155	0.2046305	0.838866	0.7421501
0.05072709	0.2529193	0.04199544
0.08433127	0.2473395
0.1032518	0.2851152
0.1208331	0.268253	0.03102057	0.04455674
0.08995683	0.2851317
0.05588974	0.2681579	0.2252382	0.2188874	0.3065508
0.11068	0.3157648	0.2786764	0.1422576	0.3520774
0.1311021	0.3211358
0.0292283	0.3227717	0.136955
0.1192933	0.3046647
0.2038853	0.2829005	0.1041233	0.05646521
0.287866
0.3830839
0.3774377
0.3349117
0.2570137
0.2190694	0.215025
0.2144932	0.824801	0.2514714	0.2167153	0.0673985	0.377074
0.08289103	0.8976735	0.1673274	0.168347	0.03416494
0.04024579	1.20502	0.185256	0.1332101	0.1224344	0.160165	0.01641418
0.05889435	0.2549562	0.09628329	0.1606246
0.04968591	0.2608919	0.03040432	0.1040803	0.2581562
0.05989528	0.1048675	0.2650975
0.05096608	0.260826
0.02547353	0.2712639	0.1225052	0.04984234
0.3375981	0.3355421	0.1272185	0.08446197	0.1008555
0.4259485	0.387392	0.1598498
0.07473958	0.3634613	0.03506109
0.1651252	0.3851041
0.1057742	0.09737568	0.3368842
0.1686465	0.2914789	0.1176395	0.02911036	0.4723756
0.06674863	0.3019803
0.06127115	0.6439832	0.1543759	0.2364755	0.2383377
0.1243752	0.2742579
0.06405244	0.2033011	0.4715779
0.1094228	0.4260922	0.2418041
0.4025416	0.6613478	0.2895739	0.08155583	0.06246975	0.2162776
0.0975487	0.3091411
0.09987532	0.2195848	0.1226476	0.4876873	0.6290383
0.07856394	0.2619769
0.05621355	0.2191244
0.1057509	0.2788374	0.1590609	0.1091903	0.2362476
0.07903345	0.2399885	0.2895418
0.04320629	0.2573071	0.08543466
0.06931526	0.2810939
0.08437628	0.2056836	0.1624284	0.5590416
0.05241856	0.2060756	0.5628367
0.04648786	0.2661966
0.03179247	0.2688713	0.1868314	0.1719954
0.06309967	0.2560423
0.1061478	0.2687743	0.09741312
0.06180409	0.2568623
0.03577963	0.2611794
0.0705422	0.2762101
0.04903157	0.2589394
0.07621583	0.2444343	0.2733069
0.1066142	0.2574376	0.07720469
0.04747794	0.2409195
0.1078523	0.2445449
0.1380737	0.3137324	0.107071
0.112104	0.257273	0.07991961
0.02817404	0.2444885	0.2183453
0.04052193	0.2670169	0.06906225
0.01752949	0.2526399	0.1014948
0.08948618	0.3441328	0.05467029
0.3310293	0.3441328	0.1139503
0.06514386	0.2758791	0.3562575	0.07688001
0.1038579	0.3255738	0.05916703
0.1229967	0.2542935
0.08132459	0.3033542	0.1891204
0.6962528	0.352049	0.169854
0.1962179	0.3288926
0.11673	0.3160812	0.1972237	0.06185457	0.07349789	0.1263835
0.0797887	0.3152973	0.1860444	0.3106657	0.08431163
0.1014372	0.5599586	0.1351354
0.1597586	0.495513	0.2322998
0.07635603	0.5032201
0.08469406	0.4735762
0.1523625	0.5029197
0.1744338	0.5573933	0.339353
0.0160025	0.5453024	0.4809651	0.09113872	0.1182781	0.4898274
0.02286034	0.3319597	0.1272558	0.4862332	0.2829737
0.03761137	0.2824353
0.05866445	0.2410133
0.09737814	0.2751073
0.03756654	0.2544842
0.1055581	0.2366391	0.1904422
0.05547244	0.2545794
0.04257072	0.219178
0.1262195	0.2682113	0.05055196	0.09279877	0.2978434
0.03624014	0.3221885
0.07057091	0.2617254
0.2248835	0.2883197	0.08971815	0.02688502	0.1629782
0.06297463	0.3502754
0.03089482	0.3050249	0.1372812
0.07461398	0.324058	0.09411513
0.1200713	0.3588916
0.2338477	0.3291748
0.120497	0.2895238	0.6817209	0.04873616
0.06472534	0.2528454
0.05814371	0.380947	0.1833077	0.2926168
0.5842698	0.4029407	0.1289051	0.1843123
0.2397846	0.4326606
0.1390503	0.4630033	0.2114435	0.2741528
0.2099801	0.04627888	0.6280145	0.3919119
0.2204014	0.4820577	0.2324929	0.234323
0.08572094	0.3164392	0.1103597
0.05410385	0.3013759
0.07721816	0.3701213
0.07477872	0.3407284	0.315226
0.07377634	0.2648362
0.07276476	0.2812024
0.08047095	0.262328	0.03977282
0.09662632	0.2873343	0.09839197
0.1086104	0.32329	0.3555891	0.0152965	0.1561671
0.0678451	0.3384376	0.07544197
0.1352609	0.3211748	0.09067216	0.1966963	0.115042
0.06875004	0.2935399	0.5783709
0.07549421	0.2844256	0.283131	0.07987849
0.05169584	0.2627376
0.06175334	0.232379	0.07820026
0.05500584	0.2445724	0.201462	0.2378994	0.09974285
0.03314078	0.269018	0.2724621
0.04185306	0.2562449
0.08193699	0.2882211
0.2024434	0.2853998	0.06272661	0.1229048	0.1279543
0.06429151	0.3542895	0.2119465	0.1372009
0.1931094	0.3370672	0.1616673	0.1371583
0.08743331	0.282748
0.1264589	0.2621794	0.07026947
0.0434683	0.348706	0.1311579	0.06259106	0.2506698	0.3215526	0.2494424
0.07626143	0.270685
0.07884757	0.3069138
0.1219421	0.274759
0.2046838	0.3929114
0.2010276	0.4380061	0.04701323	0.1974111
0.345633	0.4435293	0.278824	0.1560165
0.2614777	0.445828
0.3505687	0.4577972	0.3087313	0.3307531
0.2820719	0.4857842	0.1683208
0.7653316	0.4967214	0.09374785
0.1754378	0.5531917	0.1646669
0.1882228	0.5675794
0.2487797	0.513749	0.290171	0.5515327
0.1879458	0.5812457	0.02071805
0.104542	0.5927841
0.1850485	0.5927841
0.08601001	0.5783715
0.1742205	0.5073813	0.03884696	0.1926508
0.01764723	0.4893941	0.1033997
0.1347534	0.5541062	0.07428132
0.1011736	0.5795816	0.0551103
0.2054556	0.5795816
0.1185985	0.5799031	0.3693435	0.6304988	0.6136215
0.04275676	0.6025367	0.4260737	0.09668065
0.07644639	0.5456276	0.3359349
0.2053425	0.5338461	0.1840115
0.08263836	0.5305227
0.06661716	0.1065926	0.5079211	0.02134158
0.153815	0.2747789	0.5215856
0.07376639	0.2659069	0.5751277	0.08807519
0.08834429	0.5278584	0.3853518
0.1373273	0.4988591	0.3607818
0.1021668	0.3707419	0.1625889	0.1760442
0.09938818	0.2331951
0.09052802	0.2847436	0.2691785	0.09033038
0.04636502	0.2429907
0.03417529	0.2673524	0.07391853	0.1150746
0.07116195	0.2549487	0.754214
0.1182145	0.2555207
0.05719253	0.2898142
0.03901515	0.2760982	0.06487914
0.5255207	0.2631442	0.09496651	0.05620453
0.1361758	0.271511	0.09882375	0.02058404
0.1060975	0.2262892	0.2782848
0.06458541	0.3275178	0.09645965
0.1139273	0.3241236
0.01703713	0.4549711	0.1232226	0.303428	0.2955
0.1300039	0.2929929
0.08392537	0.2769302	0.1457845
0.0380208	0.2567218	0.09296954	0.1651362
0.1144444	0.2943198
0.09282656	0.2939505
0.1419089	0.290467	0.04012171
0.01315931	0.2594581	0.08599057	0.4937228
0.1021758	0.2522729
0.06995383	0.3157439	3.009757
0.1876056	0.3466509	0.2401181	0.1003641
0.08717097	0.265384
0.05814834	0.2488927	0.2956476
0.1223663	0.265015	0.5192306
0.03588624	0.3570729	0.1525815	0.2593843
0.08436807	0.2836308	0.1133534
0.1006809	0.2855607
0.5326892	0.2810347	0.1427677	0.08103915
0.4358694	0.2709089	0.1573337	0.1532574
0.06157997	0.2681854
0.08012606	0.2721271
0.04521826	0.3059708	0.125681	0.2679009
0.07828035	0.2506656	0.1792564	0.0910447
