SpeciationRateChanges
20.78678	14.30984
33.65694	15.99135
38.32352	50.25812	1.396775
38.67906
41.69016	16.2552	32.27794
45.44696	13.9629	6.019616
47.54155	22.8678	40.13311	64.51603
32.78313
41.91382	26.37073	2.340133
40.50136	25.85851
43.307	44.6481	70.48154	44.55675	70.15344	28.81121
41.23766	59.73383
42.85718
48.99607	14.96298
40.7897	67.62348
43.53946
43.02596	69.05688
55.4821	58.69639	12.96271	11.42372	53.59744
41.37902	2.469553	29.61328
40.55738
39.67251	39.16015
43.61948	70.86041
43.01314	69.98833
41.56527
40.23835	36.09265	20.54922
46.0595	43.55804
55.09749	16.14078
53.91037
54.94876	41.21202
43.25262	67.6309
41.17393	72.30244	26.01666
43.56674
11.39286	10.83578	60.37151	70.56563
42.40159
62.7	43.32295
41.36649	41.20316
42.6804	70.38745	37.29584
44.2321
46.70029	37.46516	44.42138
46.13556
46.47485	68.58082
41.55333	3.220732
36.66308	42.02643
58.2562	70.2274
62.58891	42.77391
43.44667	28.37855	11.81656	60.72387
42.56471
41.64334
40.19468
42.80686	0.125786
52.67753
43.62608	4.724424	60.12497
41.05715	68.5585	6.435312
43.39281	71.17286	9.317008	14.63696
45.06616	71.82679	4.765245	4.314755
35.01767	72.47781
41.40668
42.64895
68.76234	16.73106	8.39583
69.68013
14.45021	64.62504	58.77374
43.13619	64.49081
44.44256	15.53859	32.06073	38.0388
43.32559	70.71765
43.99834	12.35901
43.68152	45.57918
46.94058
43.66149	30.91975
44.45471
44.24893	51.07473
43.67496	60.09062
44.48493	60.97841	42.27495	25.78058
43.08751	40.15022
43.51415	56.78161
40.15907	49.072
46.53608
43.58127
40.03252	34.11053	38.5003
43.71914	14.97525	7.791838
41.60558	68.27598
43.55927
55.92805	40.19502	60.24705	55.58892
43.29778	62.99322
59.21625
41.81003	15.68675	6.192224
50.01373
44.84922
45.88041	6.31441
41.89422
43.95234	43.05236	72.18399
40.19837
43.86908
39.1132	10.20144	42.73978	36.69696	0.1035475
51.82214	11.1492
41.12993
49.67887
40.63466
61.57492	35.70826
39.81016	13.54643	21.4408	38.49569
42.62588
43.91777	26.43156
55.95498	47.80123	67.3952
39.9087
40.70576	14.95282
34.84931	27.84202	18.25739	70.96319
41.91083	71.44647
40.92413
39.39709	50.51972
69.94499
44.39218
40.63318
43.12995	26.84768
42.11471
54.80737	8.25792	61.6322
12.06715	69.3924	47.32245	41.42535
46.47198	7.625066
40.8876	52.91318
42.90681
51.31829	42.27507
41.8755	34.28285	41.45264
43.67664
43.04708	3.328616
42.63495	7.331783
41.66617
43.68669	16.12084
43.30914	13.71568	64.25565
41.92816	11.14119
47.09633	27.50817	6.344222
41.00831
40.53508	11.10207
41.84146	61.94174
45.73299
41.92195
40.95947	67.24232
39.8907	59.97077	63.15705	72.52096
41.79515	19.80436
44.21661
44.37174	68.02155	24.7027
42.92515
46.92392	3.669579
43.61589
42.92492
40.89927	29.05129	2.960406
43.5189	2.795257	25.55322
42.0932	20.36412
40.89458	42.19202
44.82116	41.46697	38.15102	44.06724
43.1961
43.48078	72.49087	58.59116	26.48679
53.77058
43.56968	26.71389
41.71997	36.06428	35.29398
40.36796	0.2930672
41.01546	59.57321
39.82272	47.77212
10.47134



14.3385
16.45601	33.37233
51.93878	20.49842
43.45744	7.678256	32.08589
43.54389	11.57589	2.415298
55.33689
46.93059
56.70196
55.89784	41.56204	70.68892
47.17983	38.86859
44.11308	17.35983	24.51159
43.10517
38.82974
44.19286
43.09494	37.49474	66.68883
43.64499	58.08133	70.08692	66.9724
55.81243	70.24313	21.28738	50.31747	42.53078
61.72117	31.50938
61.96914
41.5213	34.52879	37.63135	64.0635
44.52205	2.880567
41.38791
55.46044	51.91365
43.32491	71.26917	3.871015
42.72642
50.54876	3.511228
32.03998
45.06864
54.65436	39.72077
43.13094
41.43588
43.95336
44.03983	68.59796
41.11371	70.07218
47.45409	15.14847
43.52513
41.49383
43.20227	7.305758
43.98477
40.70201	26.85365	17.72477
43.00347	19.19242
40.87155	53.96502	61.87075
40.86116	50.43521
41.50008	37.38149
42.64277
47.10372
57.26306
55.75065	60.68496	20.75821
54.09918	40.95872
53.91374	17.46993
44.67914
55.2583	40.34634	21.25382	54.47218	16.3379
47.32064	16.08735
39.10543
41.65251	33.84835	32.49137
44.66953	3.876269
43.0883	18.91425	71.77363
44.13051
44.03255
41.0265
55.89071	44.74574	69.81077	39.27241	61.10186
44.36338	21.17742	57.87406

71.33845
9.865281
17.17431	13.80569
19.61663
44.17724	54.77451
42.61479	47.27715	42.02737
43.10256	50.4602
43.47569	5.972035


53.42352	65.38504	42.71396
45.48367	34.30366
43.3305
43.5143	5.100142
40.18558
44.66339
43.48714	23.13703	15.82734	25.71629
53.99931
63.82586	40.96162
41.46298	5.634979	45.59661
43.16322
43.17476
44.23842	41.69529
40.75388
52.04972	43.43063	49.80908	50.79467
47.09334	26.57626
34.08677	17.46769	52.90533	32.29328
66.56799	16.52094	69.65364	64.97722
16.98231	51.7366
40.77326	57.16226
42.86305
45.63246	43.93548
43.65514
43.43202
44.0352
0.1540021	42.62735	28.71937
44.27632	58.09417
43.32842
43.52653	67.02521	29.31731
43.44529	53.42906	36.639
43.63991	41.71269
44.99764	71.57797
42.90929	33.43229	48.35622
41.38215	69.39265	68.47507	68.0788
40.20983	22.80599
70.28876	43.79779	15.28352	11.26127
41.3067	68.81785	71.5159
41.3787
38.55187	60.5318	58.00118
53.53677	43.40914	72.28407
61.97232
42.22916	49.35471	1.811991	17.39485
43.61551	1.117613	49.92311	42.07789	9.353279
40.87847
41.42291	22.18073	10.66212
41.69431	69.5045	70.88416
43.37867	35.69083
40.7306	49.42242
44.96342	42.70954
43.19647
44.43925
40.63606	27.48438	22.88613
43.53675	22.1525	4.447275	25.44133
41.83181	37.51863	15.44
41.70562	69.61096	65.2249	9.005144
40.03057
44.14405	10.47186	43.84265	14.35793	9.633977
43.67887
48.39231	45.36199	11.08382
43.95573	43.17736
8.378743	2.316425
1.278469	43.18744	66.45757	37.17626	65.54553
2.342987	70.35638



16.77423	44.32854
37.56388



42.86412	38.48736	15.55197
44.92816	1.327339
41.29685
42.05213
46.28904	38.56486
47.44959
43.52721
37.55399
43.64051	68.82152	49.21428	36.05358	18.37973
42.36928	69.90419	38.45485
40.59653
43.68673	16.20881
43.30039
55.34117	2.597863	38.58902	30.47144
43.5273
43.35134	24.78269
42.25268
40.66871
42.79662
43.59775
44.24079
39.73163
43.80714	21.33181
42.96201
42.08075
42.1666	70.84411
43.42501
43.60169	28.93678
47.27999
43.945
55.08966	72.39559	67.6611
41.73552
43.21135
42.69844	66.36836	17.76175
34.55561	68.98064
41.77041	69.17685	58.18421	62.89285	65.61678
43.65802	28.32393
41.51509	2.85395	71.70672
52.85792
55.62189	12.7565
42.32905	10.72391
43.36114
55.43113	61.53707	38.41163
56.00124	61.64028	41.37018	43.87802	49.54351	12.57126
56.05619	59.94336	66.64664
55.51409
41.38257
14.62539	37.53752


68.06378

71.80393


52.75858	0.8397157
61.88417	33.10372	2.704631
44.01432	46.10353	30.81382
43.87917	13.07173	14.01759	43.49182	55.10701
42.89188	72.34273
42.5286	10.0194
43.81802
42.22217	69.63361
62.35704	32.15847	30.11691
61.74559	55.91362
55.83763
54.03549	65.678
53.38449	54.09508	0.2177001
42.78554	2.969121
39.67688
43.61107
40.59534	12.61054
41.6993
41.45856
43.1674	14.57043
43.43282
40.14099	56.16251	52.31075
44.03381	30.00181
39.32862	12.44853
41.49474	67.89543	14.74342	36.06089	18.69894	16.24189
42.43407	67.06676
44.18396	17.06989
43.55327
41.67797	39.02237
43.08244	38.55083
41.33968	46.31053
43.58321	5.119773
40.53579	71.68489
41.52158	69.70135	0.5070153
35.09973
44.05802	64.97719
42.63818	24.49848
43.60352	14.02466
40.63077
44.15801	68.46218
42.85498
43.70322
41.83087	25.3677	38.42186	34.34809	37.61079
53.34063	29.72183	49.39922
43.3236
43.03998	19.04713
56.32715	64.32702	66.29241
44.1864
41.7809	4.363123	27.90072
44.47933	2.713402
45.7192	5.369466	41.36392	54.13615
45.97226	44.29709	71.21665
41.1175	27.3691
43.49016	38.28704
44.69023	43.4127	37.85276
40.70142	28.18811	58.19447	16.00187
70.17757	40.60955
33.65548
41.65541	8.711779	31.81145
46.8543	6.863066
46.75279	26.63354
41.67814
46.47713	0.8213906
39.93661	61.94763	8.076404	10.48701
55.11728	19.5665
51.50241	50.4064
41.66869
43.82328	49.0161	58.06652
43.80334	57.11375	39.14797
41.64487
65.88434	39.37852	53.74929
41.84516	27.21824
42.47878
61.89037	17.82496
58.60979	58.29618	43.23544
51.5325
39.64513	69.85398	65.10455	58.36524
44.44723	63.59334
43.62683	27.80633	18.57319	66.32266	3.973836
44.15368	34.45811	67.28818
43.70301
43.42981
41.90216	57.65434	71.78831
53.1367
67.43458	0.2260165	64.00714
41.03946	55.00455	61.34722	18.97929
41.9092
42.49747
40.08227	20.31338
43.54364	71.2072
42.6878
41.64798	70.82048
41.06247	30.11789
41.68403	2.345798
42.21602	29.61443	31.58588	31.28766
53.37829	41.25508
20.16144
13.83933
1.486334	38.98779	28.12136	20.90136
44.64064	71.4605
71.29923	49.2824
47.30295	58.18583
43.82385	12.96493	71.83995	4.953266
43.15176
43.49716
33.37724	68.82826	16.76245
38.43703	8.780813	4.749332
43.15988	36.38656
43.02514
55.30009	16.75559
52.51133	0.2648818	55.73531
43.24287	6.393392	72.05132	41.28486
42.68005
50.44221
43.18215
42.50537
41.51312
55.18619	8.269324
2.659912	55.67685
43.4443	69.69541
41.25078
43.08149	26.79629	37.77262
41.74292	28.78401
44.88626
43.34295
44.20541
25.57499	41.35337	1.240952
41.78006	9.018731
41.75093
51.54465	51.83644
43.03174
70.1829	43.37591
45.46024	10.33931
9.348299	43.23554	71.74641
50.8041	43.47024	43.13371
41.4565	2.695088
42.58294
43.44584
40.21399	56.08922	37.29349	42.86078
47.32221	52.97708	41.77085
42.80597
42.72041	70.89889	29.00189	41.1314
44.12214
41.20411	3.93544
39.56219
43.5446
41.70341	38.1893	24.31851
41.81132
42.77625	34.66652
40.2053	13.72885
44.64042
40.26833
43.21442
44.02604
44.06377
46.94294	5.99871
40.67768
0.7795314	50.99153
3.563483	50.81156	41.56352
1.249568	44.30715	9.578648	11.62358
44.4165
51.81754
47.07032
43.61496	24.72302
57.01614	43.6914
41.71403
42.78416
43.72578
59.40851	16.64372	3.361017
40.67262
57.15072	40.98149
55.7285	35.68832	66.29506	1.382797	62.54296
54.78902	55.70074
2.113894	47.23231	31.54403	1.443533
16.0753
34.61351	16.65798
40.98809	24.10777	39.01929
45.57446	34.95793	34.11373
56.07279	70.0248
54.42926
43.56326
40.751
43.37261	27.43591	23.66826
40.26904	1.183282
41.11587
43.56515	61.47745
32.14057	66.768	55.59426
62.62373	22.4526	13.30833
60.28933	21.69128
52.45377	26.59325
52.91698
43.12021	29.13271	19.84581
42.982	15.40148	31.57896	19.82193	30.74974
35.83856
41.56096	11.76297
43.04226
43.43041	36.8857
37.55028
49.20512	0.896235	43.61181	25.41653	24.30364	22.01123	20.29024
58.99504	41.80733	24.79746
42.91575
33.17272	16.55503
41.44545	49.55778
39.05805
43.40602	34.15484
43.64266	59.7607	68.65793	43.3781
43.10316	58.3563	68.8077	25.00529
55.63674	67.03475	39.35045	20.25526
53.59505	67.93935	11.47133
53.2671	15.85259	64.44751
51.51946	65.18772	11.17729
51.35416	62.20174	40.21755
50.83784	62.7128	41.85212	48.83262	71.88704
56.02115	40.91023	62.0312
55.70659	44.14541	62.80116	0.1606351	21.05092
43.27394
44.25897
44.82202
43.87674
43.52414
56.47329
44.24437
43.80483
47.71884
0.3218792	49.68761	69.43226
1.853515	55.05979
57.57031	43.61846
41.04466	31.49907	45.33923
44.17114
41.69853
44.54582
40.47509	14.81474	0.8347433	2.958196	5.916963	38.37385
43.71743	9.296204
44.44024
43.33128
41.59518	12.23894
43.57328	3.265015	40.22687	40.69254
40.75475	32.74941
40.15569	1.658345	69.17791
48.73975	7.142497
44.13978	66.8298
41.69225
42.83417	67.84193
42.58102
43.12959
44.72733
41.69558
41.29541	25.74189	2.592843	61.42296
41.08918	3.023781	26.4988	20.60582
42.56849
37.45557	68.65976	33.37195
44.2578
54.42756	38.55734
48.58873	23.43653
41.40609	6.280685	68.9748	34.83215
43.21753	65.81288
43.46079	65.62215
51.91628	13.13107	63.82509	11.59845
41.69527
42.82265	49.88889
44.14513	32.19322
41.85294
42.78881	40.14239
41.67564
40.98028	68.31419	67.00395	3.302586	56.51701
39.10628
42.3344	72.36261
66.07794
33.13853	52.65683	49.41767
48.72736	38.76226
57.45001	36.29163	5.185179	57.03964
43.00745	62.06059	42.21618
43.68879
45.43841	48.77818	26.41506
47.72159	24.71763
53.41435
62.78551	53.70171	57.98509	62.58515
69.03965
16.69235
47.31427	41.1872
41.63596	23.83437	7.283382	31.52693
43.63195
43.18476
40.04223	30.29618	3.068279
42.20933	41.10824
41.48254
41.40802
40.68003
45.28913	50.51634
45.55123	10.79844
42.5105
43.36369	0.1676356
43.58555	38.66652	23.43087
51.16978	2.833641	42.74128
52.6579	26.42378	32.04608
42.58241	49.0784	60.42631	59.72856
43.51208
40.85633	52.71242	20.73946
47.49638
65.2796	41.36822	69.16859
43.08721	29.65833
42.76636	16.24015
35.38722	26.89876
41.83447	36.13048	15.92812
43.46411
41.20276
38.84427	16.66949
41.651	65.80396
63.12659	34.54082	65.52636
42.66881	57.65837	23.29838
41.69348	20.16133
43.72102
15.89778	47.87058	25.99014
43.61137
41.53538
42.61847	4.844669
43.29888	39.88296
44.19633	1.561545
42.68989	42.60853
44.48884	14.70616
43.15009	0.9766549	32.94381
43.13885
43.86676
43.07051	59.75597	27.44963	58.4767
44.22256	26.4862
36.96901	34.60491
20.6799	50.67467


42.91997
43.09284
43.74706
43.5914
44.64315
43.48601
43.39619	63.72332
43.72459
43.57283
41.556	3.117444
44.86372
42.97182	71.79282
41.63559	30.36135	17.68438	19.84533	1.434956
43.35071	0.5541194
43.76146	61.38511	59.1154	59.57661
45.13165
41.85741	27.04165
42.0134	7.119809
41.14299
43.47666
43.84304	56.0327	69.93193
45.84586	42.90454
42.22666
43.37841	40.5137
47.59054	27.90066	68.48417
39.44486	64.89317	58.83567	53.00414
33.77062	17.36398	13.2784
43.89496
44.02805	58.20447	54.55924
41.71616	15.63546
41.68465
40.72032	66.71504	52.80649
51.96019	43.23917
35.37442	0.5360429
40.72019	2.292862
44.5855	17.22169	7.565495	54.36828	40.65502
51.89344	16.26703	31.43141	23.88445	63.35425
56.56988	42.37642	2.429781
55.38063	41.02673
12.74669	42.8345
41.91638	7.370458	37.81201
43.81909	43.81628
38.60599
41.17424	5.831098
40.35531	27.3589
39.86484
44.10295
43.53146	29.23711	13.64303
39.14159	55.29306
45.93649	7.817535	45.21865
52.97669
42.32061	19.31647
43.69117	67.27559	62.68778
42.89895
44.84926
68.4344	42.88768	72.5146
40.85811	29.33298	21.34504
40.52267	43.51792
45.50052	55.69644	41.5698
43.5365
47.69608	32.33955
43.32792	26.85875	15.86091	69.71459
42.41051	28.73038	9.445737
40.9867
40.3078	61.68818	54.25921
44.6706
42.95858	3.445284
50.1245
42.06277
40.25119	52.06513
39.90335
63.99047	42.86399
62.94568	55.44338	41.82596	68.6171	48.83176	30.99832
65.20853	57.46438	40.51216	11.94841	30.80929
56.52213	44.23709	20.58408	68.05067	3.851837
44.54531	4.464348
49.36672	1.986982	43.38374
41.38834
41.65984	26.22983
43.28403
47.87757
43.48686
40.85422
42.78876	66.97885
41.24468
46.07619
38.41197	32.90363	32.78717
41.1231	40.77872
43.08795
43.59925
44.33264	41.59077	68.93439
37.19897
43.4401	13.92907	10.7875
43.68256	35.38352
41.87747
3.297064	41.43707
55.86621	23.31699	14.1489
13.40759	55.20213
43.19467
43.20353	57.42854
43.74357
43.05775
42.52997	20.30019
45.73497	32.90472
45.02426	19.44647	42.42672
42.69206
42.88857	1.108406
37.47003	55.20529	20.46675	69.08626
53.2895
42.54689
46.57173	41.06146	1.180696
43.37832	38.18313
42.15798
54.87782	8.774637	65.22111
41.50906	47.13833	7.452351	46.08973
48.26938	62.90354	9.45047	8.62973
40.89037	70.81386	37.75396
41.53325	22.67264	20.59165
44.23374
43.20629
42.90794
62.77795	40.66102	60.32736
43.57642	17.87412	17.35671	0.8211873
43.11766
43.40923
53.33971	43.48058
47.82506
43.42653
42.17383	65.58532
41.73256	59.22872	61.65383	66.77144	2.238994
42.58311
41.65529	37.99984	62.74481
43.59433	70.57008
44.16491	24.20854	6.58402	21.49065	3.35256
41.67746	9.371675
42.73237	15.24447
42.7215
43.87511	38.92588
42.1712
71.30323	44.69845
41.84966
44.55229
43.10276	12.3302
43.2006	4.752668
44.92051	12.73127
41.57453	63.71249
50.72425	44.99162
41.50454	43.96972	63.72445	51.13994
42.39304	9.513451	39.71111
41.80029	21.14648
38.09221
47.49266	42.59372	14.11156	42.49417
42.43775
43.39219
43.5074	63.54301	42.87554
53.75433	24.1772
39.83543
42.77736	52.78919
43.39197	11.51434
40.85032	36.72204
36.46479	35.37015
43.54234
44.10787	67.04096
43.55708	59.78482
45.01755	33.88561
35.28632	10.0724	71.96537	9.764858
44.19247
42.49386	12.90385	2.74228
43.15196
46.28713	43.79297
41.81532	4.959134
44.97896	33.94418	21.36141	20.84651
42.7808
41.41789
54.79265	15.90935
35.15649	8.216918	64.70987	51.49165	66.82323
63.32206	55.92156	10.40103	3.652855
64.45762	55.97721	17.29651	49.93943
64.89453	52.29425	20.33157	67.3208	61.2356
55.71221	61.60467	17.33342
55.4227	35.77136	60.69257	42.87278	66.11436	63.65975
53.34545	60.37079	34.30689
54.01689	61.14789	48.93714	40.68276
54.01689	61.96667	17.20482	71.02726
53.74757	61.48373	14.45275
56.08106	9.570266	60.69878
55.43814	16.15649	59.79528
56.27866	59.96353
53.56561	57.43685
40.51726	60.93815	5.323224
44.70158	69.22699
44.89675	64.37544	16.93712
40.77706
43.03886
51.65898	15.6762
41.68825	13.6633	65.99325
44.15203
44.51555	67.79499
35.35227
39.56107	12.67634
41.16111
44.79559	43.50356
49.29755	44.68555	4.94928
68.34622	40.23745
54.83336	8.373586	41.68918
54.16645
38.97712	3.038633
47.69266	40.61972
39.48119	5.988003
43.68717
41.1389
41.59656
42.56547	17.02566
41.58711	7.218899
38.10115	37.15669	33.05737
42.69065	65.1877
41.41968	18.57993
41.66106	1.631345
44.61235	38.97393	12.03937
43.11427
41.82464
56.63359	59.89254	0.4141918	54.75993	42.66752	71.56484
56.63116	37.23063	71.56484	57.40937
71.56484	42.30433	58.95211	41.14337
60.97282	44.80356	42.99874	28.72606	64.69072	62.22435	23.01115	63.46964
40.65598
38.64874	54.60066
50.79913
44.06501	70.13157	24.38356
42.82064
43.17715
34.78035
43.03432
43.32327	9.348268
40.81304	6.241558	12.58829	37.08688
44.1603	62.5979	35.73085
42.53437	0.5660677	35.15348	63.70613
43.62466
49.59079	37.99446	34.5311
66.6268	26.41496
68.14217	17.47715	36.893
53.96853	40.1399	11.96311
67.17853	43.12821	59.26197
42.72521	68.84121	72.18169
41.70245	16.20787	15.01161
41.59175	53.36648
42.04016
41.20645	72.45568	51.45896	33.11044
43.71107
39.88479	14.40527	30.85995
43.61456	42.14583
27.81293	42.00981	35.63688
34.00947
41.80009	59.25893	51.77534
42.8869
41.70674	66.58919	23.35912
41.7461	3.269894
44.17499	61.22399
41.87844	68.04405
48.14306	41.88998
40.91214	16.30593
54.41664	38.35435	72.00518
41.30531	27.37385	19.21202	7.334041	38.00869
46.43736	20.34328	32.51477
43.61089
42.1009	20.39803
43.10395	17.90236
40.99543	21.27564	21.00451	70.66327	20.68336	7.09766
69.58992	18.33087	48.67601	4.864829	17.41078
71.55108	40.47097	8.89663	72.48985
16.61349	53.26604	8.090165	16.37981
42.4822	1.297846	20.01378
42.0621
42.72219
55.07005	35.01791	28.99368	23.87561	70.74097
40.59844	60.15784	72.38348
43.54799
43.30184
44.00582
48.30175	57.63449	71.68646	54.62878
42.5099
43.48705	11.62286	72.07605
58.30111	29.53609	21.44556
39.87559	52.84515
44.30842
43.89988
30.20821	39.97814	15.74688	39.18273
43.97933
44.26084	42.30377
42.45064	56.15527	16.10993
44.41878	3.178267	9.428799
42.75115	72.34918	33.86155
55.56372	40.3406
43.45442
41.76543	37.70517
40.99353
43.67448	25.02616	43.33714
48.56056	43.46611	40.56708
54.55059	16.65178
44.63622	41.65709
43.65382	59.48166	64.86215
40.41015	70.66759	38.46558
40.51858
43.53989	12.97431	36.3964
42.93799
43.95409	30.29524	10.99045
41.04472	40.34273
42.46065	0.5337924
45.75232	0.2020984
40.50505	27.78838
41.00225	18.10129
41.75168
43.31834	3.661343
41.1261
40.89045	62.78596
44.06363	20.85184	67.21233	32.92095	11.5549	63.03575	69.66126
43.33025
47.70304	41.58213	46.77459
40.51832
43.45529	67.65347
54.7814	3.811467	66.36483
52.40444	66.3029	42.75913	50.02964	18.90647	17.91682
68.57206	43.71328
43.56781
44.16535
41.75676
42.81243
51.73942	35.85798	7.91257	44.97809	29.50759
44.04002
40.46733
34.31748
52.51787	71.70707	33.19245
42.76505
43.06119
43.64219	28.39027	43.19612
55.76143	24.52329	54.00514
65.42285	19.50451
52.86299
48.63931	62.45786	60.36114

25.5214	18.68204	21.34985
33.30992
17.41204
10.0323	44.15363




20.66796	70.74393
55.7806
43.51496	6.544595	56.47978	53.27982
43.56694
43.83782
41.54458	8.082537
42.88808
45.48695	2.663485
44.17068
43.56736	39.91522
42.92007
42.38076	19.35454
41.72685	23.75496	68.00057
62.44825	9.79232	1.018397	48.89405	46.30505	59.29682
44.62817	0.5576333	71.64084	68.33041
53.84962	40.00762
44.02366	15.66226	2.061269
40.86174
43.145	33.11411
42.12275
40.83437
41.38868	1.889593
41.72507
43.36302	13.93286	66.19767
42.69899	5.507334
42.67914
42.3349


41.55567	34.12626
40.04024	2.460293
41.36707	71.24039	71.37335
39.32628	36.16116
41.96491
43.67423	72.51199
43.61943	56.39823
43.88014	20.16695	4.3921
55.51903	63.25555
43.50378	65.49899
40.41248	16.32102	70.36814
43.44341
41.55172
41.92546	68.30178	30.34395
41.56521	36.53369
41.55317
41.4059	66.57815	59.2392	70.68846
43.6362
45.76708
41.79615	14.84819
43.93168	71.2329
41.79204	64.10832	35.51466
3.634818	70.58278


11.31503
39.56638
33.21002	70.32551
42.02022
43.55706	70.95734	32.98776
61.44415	72.01411	18.7284	42.02377
44.30136	68.65629	71.61242
41.88144	68.92767
46.28669	34.15938
41.89453	33.09155	35.25562
43.7858	0.4835337
40.63592
43.64388	45.89491
41.6326	16.00834	39.82557
43.16425	12.01792
41.65437	42.03212
41.7691	28.56883
43.79207	10.47074
43.70405	37.15192	37.02267
41.55674
43.07518
42.30451
41.16875
48.41998	42.6423
41.72656	9.243124
43.95008	72.17217
41.82076
43.60708	48.34409	42.10747
43.46509	0.7910169
53.74865	41.02016
43.71003
44.3115	36.69908
42.9848
42.09374	10.91766
43.15027	35.41007	21.62497
42.44521	26.5701
41.38117
43.69431	29.50641	28.36497
43.27738	70.25093	18.92171
42.84266	54.67103
42.43098	40.42731
51.76738	49.86412	44.95214
41.60962	6.096913
41.73723	62.70674
44.11222	64.34276
67.35609	68.15712	36.62907	34.85196
45.75626
39.51939	66.41294
63.28039	32.91619
36.19175	17.17071
44.89613	0.7205142
44.05534	14.54364	4.046368	38.60171	43.347
43.28534	64.67948
43.12102
43.35732	59.59206
48.62453	72.41022
52.87792	43.52753
43.08068	63.95722	42.48793
36.79584	33.60877
43.33801
43.39988	61.84564
42.82269	36.02466
43.47482	60.68703
45.44409	15.89958	26.82606
41.53745
43.12322	31.28226
20.65288	3.393656
42.42457	33.40246
41.50571	27.62438	15.31924
54.32391	14.64893	43.72367
42.19374	72.47082
44.02697
64.35608	41.66822	18.95227	65.31096
43.44309
58.31823
41.57748	8.406024
45.18465	66.24977	27.8044	43.61101	37.14087
41.49719	10.96342
44.58281
42.56453
43.89337	25.55655	0.8709629
50.36174	18.86849	43.5482
55.70127	15.97446	13.35583
21.08682	71.5404

43.56125	33.32604	42.1337
41.64896	52.80124
43.84925
42.29425	34.97418	25.42207
43.09938	24.38322	62.78043
45.578	69.821
43.41713	21.68455	15.753
40.39515
41.90091
42.34476	59.5897	52.88141
43.08987	61.90025
43.38023	65.01421
43.43253
39.47451
44.26898
50.72807
43.65386	9.797128
44.63567
40.86491	0.7191849
43.3382
40.35302
44.21377	45.10386
49.5654	66.61996	26.25986
42.91645
42.63423	39.43874	70.53014
40.4783	5.180666
41.83462	11.89077	24.34591
46.99247	61.80114
43.33816	72.23764	55.31915
69.38658	55.95439
40.95419
41.13212	58.59691
51.87811	31.46639
43.70198
43.03804	1.262315	52.8882	15.48233
43.46557
63.66158	56.01046
57.10594	38.93061	71.81732
42.38172
41.38157
44.05771	28.47969
42.90895
44.01604	35.93055	69.80421
43.80317
44.61648	32.85753	35.38699	27.01215
40.38406
43.61103
43.62012
40.79194
43.70048	38.15684	22.55518	39.24725
43.08144	17.43623
44.01438	51.49366
44.48001
62.42523
45.32131
43.03088
43.6826
44.53238	38.38768
43.40343
41.40837
54.87609	45.05588	29.12994	28.14925
40.06118	71.60255	24.62798	46.4615	19.00413
43.32848	7.667495
41.14756
42.37935
43.54723	0.5626766
39.52695	0.1357656
44.63931	42.61119
41.90378	60.97288	63.72967
42.78994	20.24741	41.84674
0.235747
54.83331
51.3361	68.35645
62.41365	1.976025
42.72241	63.51725
41.64132
44.31396
41.74278
40.67176
42.93985	15.09205
42.77459
40.24256	39.84915
43.23791	54.82732
41.61126
54.63976	69.08538	64.12264	43.72912	58.93605
53.57652
44.00831	7.899525
40.84788	19.68545
46.86388
38.91944
42.4551	22.71817
44.25368
40.93826
45.70544	44.60442	4.014038
42.18783	49.3474
34.87409
43.68767	12.95247
41.07783	4.433352	35.62651
42.72994
43.55586	24.27879	65.68154	14.59349
42.56138	25.26612
46.05198	20.92903	20.87667
38.52388	57.99288	68.60813	14.95705	67.31873
43.60381	66.80435
50.15958	44.1665
49.49726	40.76955
41.33076
42.03169
41.47233	16.43153
44.45531
51.73196
40.40418
47.52862
43.37999
41.17325	57.71675
43.29961
52.73932	33.27534
43.65246	33.18017	27.95778	29.29807
43.49633	69.55013	62.95506	47.01479
56.38606
11.19494	71.68482
41.30998
43.60768
41.95518
55.90791	66.88098


69.98454

0.8946593	63.25806	72.25448
60.40174	29.19223
41.91531	24.86064	3.738927	23.3939	3.011751
4.920893

71.25835
66.8467
39.98707
36.71969
39.73717	31.99423
43.55634	44.98482
39.25188	1.07662
40.52504
39.54671	66.47142
35.84951	62.97773
43.8609
51.98016	10.9901
43.65227	71.60606
43.61774
43.43186
43.35744	43.90803	71.99789
42.6447
39.3509
41.74672	63.61612
44.52714	47.40126	20.65817
41.92716
43.14503
42.47439	22.76687
43.51053	71.40714
40.11729	38.1002	10.09705
51.74553	31.42382	66.17234
43.0927	55.70383
44.63854	63.80822
34.19229	55.54182
43.20483	42.85399
41.12905	71.57849
45.98984	23.08793
43.96012
42.38321	10.34933
41.78847	68.83171
43.24694	48.60561
56.29121	40.84597	36.16722
55.9725	66.5476	40.28327
51.08936	11.12514	3.047226
41.68959	69.62133
41.88692	32.9976	71.49686	36.38152
42.7185	2.289889
43.81476	13.1025	69.61802
42.79569	17.67556
40.9041	69.51024
51.26783	35.09402	29.18076
54.39394	53.67545
55.54343	35.82872	39.63923	41.32702
43.12488
43.48079	20.5673	17.6955	21.27175
41.06256
44.46738	16.12514
41.75739
45.65917	41.41717
43.37968	11.54718
43.94676
43.42146	55.50981
49.01281	28.01545	68.55299
51.99554
43.90043	67.4463
42.48526
43.13618
34.45036
43.60481	14.50526	13.83682	12.70125
42.81706	38.15871
42.69538
43.43768	71.99224
41.0594	61.64692	71.37812
39.79253	71.01024	57.14957
42.78088
43.13116	31.63718
41.92309	3.011474	18.54249	70.16825
44.20166
41.38425
41.674	66.45523
42.47225	71.28914	17.22756
50.69972	31.68623
43.46624
43.16586	1.32505
43.88482	65.03246	21.56388
42.86351
43.23593	56.43995	5.930596
43.78564	42.06447
41.39507
43.33538	40.02039
39.86557
17.67504	16.49567
39.87343
42.7426
46.87665	41.55348	46.29265	58.45636	68.78606	66.3186
42.79712	72.49732
43.12539	3.502147	39.89956
41.67726
44.25229	69.67516	62.64198
66.67025	66.31119	26.89743
70.28387	48.23129	41.98812
43.35652	57.34531
46.34265
42.31238
40.69821	24.53656
43.22989
43.13088	9.621989
43.51685
52.4575
45.98905	62.64562
19.57484	71.11616	68.62276
13.79668
31.976	15.93199	42.67775
20.28107	12.50694	1.180455
35.34269	34.31144
43.02863	0.9024163
41.87554
43.58285	42.38935	15.42496
50.00945	64.2133
42.04107	61.19884
41.83121	70.16906
44.71522	19.14434	51.73312
44.00731
43.69611	2.793563	1.082618
41.59521	39.66582
38.6497	71.66945	29.01519
45.49713	70.40162
43.09353
41.7222
41.43711
43.57458	24.51404	3.206669
43.62793	66.63456	60.48848	30.04295
60.0131	37.82537	17.62748
50.45453
57.35162	42.78257
44.12168
43.335	56.54157	67.39198	2.393978	41.58321
43.65036
33.61571
41.71936	16.94264
43.02437	52.25521	63.29495
54.42843	64.93191
54.83063	66.77644	33.39977
42.9523
40.2466	30.94085
43.43229
43.61439
41.75582
39.90856
40.79879
43.25332	24.1693
41.89308	3.920757	44.62592
42.57782
47.22838	43.32584
49.62241	44.57833
42.43176	21.36466	41.28015	15.50633
41.83587	12.6967	39.26125
42.06538
45.43514
43.13633	36.62138
43.72733
41.53379	35.21771
41.84854	8.640465
41.4137
45.31865	67.19611	60.34731
44.61321	11.2427
46.01579


4.748763
6.757425




71.82064	71.10779

71.00679
15.85255	28.48829
15.39905	38.66403	8.366997
17.48563	3.561003	27.45928	17.38675	18.75258
46.31874	2.931349	43.75466	67.22325
37.42611
38.67927

1.68226
31.57081
52.0636	12.12777	51.37777	59.22938
44.5061
42.57407	40.25424	8.83211	24.99173
54.7561
17.40083	4.381841
66.24851	15.4678	35.06967	13.80472	33.30077
43.68458
44.13867	5.373244
40.19934
43.23013	27.99848
41.24562
33.17572	13.7351
35.35361	6.013068	21.86272	20.72968
40.86906
41.61015	69.63808
41.4062	4.110051
41.0819	70.77063
43.34279
43.55206	63.1167
41.27933
35.39932	0.6471036	48.59446
42.48631
41.28846	17.52516	16.84422	71.59264
53.93367	43.21224
44.6951	65.83083	50.4869
49.32421	66.44537	41.89723	67.56899
57.71679	44.06475	68.07942
58.2814	61.71612
57.2669	43.8786	3.902186
53.22701	42.69626	10.00061	18.58695	4.966895
42.19548	55.94255	30.25426
43.79565
43.00165	71.03046
43.37353	28.73502	33.70782	33.39674
48.26562
54.22189	61.1307
55.77686	70.42502	62.43687
43.86531
42.8278
43.84527	10.23393
43.62966	43.25133
1.830864	58.36103	41.98267
42.49752	17.57886	69.596	65.07666
42.17916	41.3295
41.31668	29.25258	39.16797
43.19147	2.788863
2.682248	40.64937	18.05196	36.35047
42.88425	67.5276
42.11756	11.89144	7.260757
42.56531	66.80023
39.01068	26.19589
44.43978
41.1969
43.03827	2.109459	41.31851
43.66445	35.20939	4.123539
43.64003	29.76625
39.734
43.39389
41.5752
41.64312	35.49008
43.73552	4.691979	24.10623
41.7632	26.67556	10.3088	23.10852
47.64935	20.79457	15.96548
42.64621
43.58456
44.2666
40.81942
42.92802	40.3235
43.63486	29.34117	68.26404
43.51603	72.07288
47.93323	56.60503	63.33506
42.63647	67.20433
43.81837	18.09566	72.35528
41.62831	4.890229
43.71243
44.05525	64.56093
43.15736	23.58441
42.79296	30.45503
43.02258	31.81822	1.053107
41.68298	72.09863
43.6078	1.733845	30.85686
0.1871779	42.06806	56.88988
1.156131	56.25467	47.3283
40.99431	36.9362
37.78518
43.25685	10.50128	6.084935
39.57932	11.52273
44.90639	32.94014
37.91936
43.27191
3.65547	43.33554	45.31067
42.92946	30.29102
41.20737
43.42224
57.14508
51.69638	44.68813
40.42169
72.02849	43.20304	20.98051
20.14883	43.45322	45.68717
41.17458	7.324664
37.72753	4.84174
39.15517	65.7818
34.92563	57.46901
43.73718
41.41302	45.06826
45.6204
41.77654
43.01093
43.5033	2.701773
43.67684
46.15593
42.91612
44.22668	69.07385
42.78156	29.72763
43.77326
45.67451
55.73087	47.01354
54.58007	5.115332	36.20946	43.51407	9.610873
13.00381	42.15684	71.47145	66.05929
41.92803
41.82256	38.99512
42.6254	63.66119	7.199748	6.937152
47.03945	62.91911	70.92401
41.63689
43.24801
44.04564
41.77957
43.46599	13.66803
51.77871	0.5429474
41.72755	69.00705
46.51423	42.67603
43.27293
44.67863	10.31033
42.56753	66.17761
43.2876
55.33842	41.56952	30.27102	31.49255	67.98762	7.714497
42.13061	41.87339
45.64664
38.52019	37.31664
47.24422	60.37068	40.35636
41.11975	4.694454
43.66042	4.115971
41.75035	52.60882	50.69861
40.82139
44.89367	42.87594
46.98804	62.10083	8.586172	42.45547
43.4089	37.27078	11.87065
39.75545	2.419769	37.84053
45.98052	42.61597	40.48178	40.37617
43.43817
40.88733	8.458261
43.42743	2.477111
40.27957	11.97294
44.07429	64.60648
50.76186	41.63184	16.19696	66.31797	71.90496
40.77746
43.60348	22.68874
55.68393	47.30772	23.52447
42.35364	37.003	47.9435
44.37782	39.82886	34.19064	70.88224
42.72489	5.671502
44.57652	46.34862	40.62538	12.55652	9.87959	14.31813
41.89666	1.772395	70.76116
48.1787
44.02403	9.910295
43.46844	0.6219998
41.97887
42.80883	67.27821
45.75387	40.24796
41.84589	6.885002	48.20342
43.29339	12.12921	71.59077
43.4556
44.69847
56.15541	43.31346	4.183518
42.08313	27.60054	18.98329
43.35205	39.63754
43.63115
43.39382
41.11733	40.35883
42.95606
40.9211
34.74436	55.54259
41.06587	17.2843
43.16253	18.61142	17.60296
42.08475	41.79352
42.98411
42.8744	66.08871
43.07402
43.53972	0.4023435	22.05406	65.88318	7.813079
49.15373	65.04399
42.39788
43.24803
38.40638
40.25748	55.61565	67.56451	54.16307	66.8324
44.24739
43.22236	72.04089
44.63808	40.20622
45.07248	3.606196
41.88738
41.45919
44.12421	6.673167	69.17808	26.14822	1.55593	71.20406
28.30784	13.69125	19.72404
46.42493	69.92672
40.97773	19.14837
42.99615	56.64283	56.17831
43.81909	71.87108
41.80941	68.13169
44.14764
43.09788	1.688392	64.58657	62.37515
43.05083	3.089494	40.72674
43.69159	35.98884
41.17714
42.39462
43.11325	14.17127	11.98417	4.331713
43.80207
31.87922	6.232081	12.92629	15.03106	25.32672
43.12009	62.39658
55.35676	19.16909	15.73574	0.3352989
53.81053
51.75974	44.66881	13.68689
42.729	7.420547	71.10324
43.26849	36.24736
41.31849
2.288509	43.78443
43.21291	11.55833
39.93665	16.86016
43.29741
41.49948	27.66153	33.01151
43.42343	19.02162
41.55203
42.61262	60.78392
41.31697	37.3695
43.37175	69.27607
46.76671	13.08621	9.629143
41.75182
41.75716	27.84453
46.40298
44.23551	22.48376
40.28175	17.04503	21.79872
43.68196	9.700184
42.57352	5.154782	11.77853
40.36137	34.00369
44.41876	41.64524	68.75155
43.80816	26.71907	12.53407	25.42278
43.1463	17.47003
47.65663	50.71771
41.1818	33.96913
41.67297
44.3297
43.78188
43.21648	9.297381
47.27802	12.11829	67.91112	65.71544	43.18121	19.3138
41.33838	4.798918
52.01682
43.74853	46.81022
42.49628
41.46079	0.4654659
43.13907	9.425106	48.84541	5.349189
52.62125	19.33745
41.53933	55.32718	17.22122	23.9044
54.72993	56.68538
41.87342
40.93893	29.53727
37.80762
41.66706	33.45815
44.72622
41.71258	4.822236
43.97852	44.84374
41.86799	20.89119
44.11623	71.34897
40.88456	2.603518
43.37009	51.14779	12.06242	9.563804
44.17074
43.76258
44.03523	62.01931	65.90934
12.85176	37.6753	16.71625
15.11769	42.4236	37.41075	32.06856	6.593585
43.26844
43.47656	36.69723	17.94737	66.68422
42.83576	71.94067	9.23426
43.88824	15.40141
44.49013	26.05413
42.64955	18.24909
54.2711
43.72269	16.981
41.54492
44.30977
41.41586	13.28025
42.95967	20.81468	20.59318
44.63002	16.94305	57.92086	57.64353	34.72932
44.06031	67.31627	13.45014	23.64637
48.86983	70.70765
40.29809	60.99784	55.1416	51.3675	31.31724
43.96401
43.6657	25.72335
42.42987	36.40849	27.19364
43.5024	23.24673
39.29166
42.92726
42.93486	6.308943	20.58333
45.78193	24.71458
43.5658	41.13913
43.63954	68.59096	12.07573
41.3566
42.71945	35.02795	71.49596
43.93358	23.97752	38.71561
41.74739
42.6796
50.6508	48.10271	38.16174	5.103458
41.79233	20.43214	70.89686	18.69803
40.22697	25.62585
53.63594	12.65405	8.053187
30.25106	37.47724	28.2632
42.57997
42.78273
22.53276
43.43581	68.47243
44.24312	3.910426
41.13303
41.58645
43.83271	25.15765
45.19271	44.1328
44.3448	29.69287
43.35796	71.16674
43.74122
43.12832
44.67431
42.698	16.63763
49.80559	43.91832	5.61054
39.21243
40.96286	10.78552
17.74803	64.66836	56.40891
54.62583	15.70291
41.94144
43.72831
43.62431
43.10521
41.61079	32.59508
43.65856	70.82397
45.76953
41.94675	34.09536	37.10883	38.66348
70.03881
66.54693
70.32816

68.79862	70.86665
69.26055
66.62903	14.65369
66.83758	19.30137	16.17375
70.11691	14.79571
63.71227	5.424576
62.94112
34.74499
47.46767	11.76358
39.33688
41.90394
54.94821
43.93843
43.39744	30.61488	8.86259
40.72828	37.93973
41.74071
41.13958	0.6131604
44.2675	64.51587	60.94186
46.23165
54.50638	43.21596	21.04227
43.02282	63.05846	67.37627
40.91213
40.73847	71.06493	72.46248	7.641562
41.63021	38.0106	35.33484	14.86985
43.17424
41.15867	13.29286
42.90844	55.71062	13.82892
43.58602	29.17586	23.40559
44.10394	7.960389	69.15015	70.23007
55.21213	68.85012
55.46699	67.72113
53.34929	48.79798
41.18588	68.9917	39.7981
40.17246	25.44895	38.21885
42.72335	1.887023
38.96831
39.66118	37.15363
40.17526
43.3029	61.76098	61.54405	62.65947
42.59771	56.38566
42.35012
40.94955
43.06269	69.12633
41.46138
42.40336	58.15275
43.12263	12.47528
43.40145
54.53596	15.27029	25.58622
15.04956
6.157233
43.24059	0.02935343
40.29902	71.79257
24.21822	10.6288	10.53316
43.29975	3.586648
42.31568	27.33625
49.14308
40.76466	28.70597	31.45605
44.57772
43.63095
42.27697	70.96532	37.50338
62.68313	43.67205	22.47097
42.32938
44.38161	44.24534
41.82658	66.41922	65.61776
44.04352	16.71742
49.88923	21.37072	20.36229	16.03517
40.54835
40.49902	27.09408	72.44064
41.34917
41.92888	8.057042
43.60062	45.37773
44.1451
44.49065	2.575506
44.15805	14.29378	5.443493
42.57476
39.61266	55.92363
42.77104	52.34869
41.52936
42.80932
43.46199
52.02987	16.69963
10.50723	9.477114
17.63483	66.1831
14.36162	68.60144	58.75787
68.52112	14.05335
47.2035	15.26126	12.49639
14.2649	9.541152
25.67602
22.23374
4.444901
17.6878	68.14118	56.80389
15.65795	6.647576
44.2337
42.5251
42.14288
42.97516
46.97903	1.435035
40.48743	58.58024
41.48803	40.4944
41.68251	28.28982	7.010282
42.95069
38.68155
42.84168
47.81286	41.30749	23.65255
43.07965	45.24877
40.71983
44.55948	42.92325	9.803734	42.27644
43.05138
29.49297
31.27873	57.26365	17.42953
38.8105	30.78431
41.83783	67.29146
37.69986
44.75726	40.71427	44.76434
42.26904	7.243624
41.12293
44.34289
39.93551	69.59176
44.64507	35.908
41.60977	17.7493
43.04182
41.77879
39.77227	26.80487	24.92381	5.360988
44.14289
47.77411	39.71739	39.68369	15.72744
44.59446	70.51157
68.53323	41.34549	64.19353	61.77997
41.87621	1.309986	35.787
43.9096
43.17437
42.64507	27.9689	46.10928
51.61245	30.68778
42.05972	11.41593
12.66493	71.43379
35.85866	0.1966167
41.27246	3.027615
44.31141	1.406785
43.70336
43.27806	45.3533	25.71429	21.92368
44.02482	6.909738
43.59752	0.9913532	58.94871
47.19023
48.06085	44.01513	41.63392	28.52163
42.49556	19.87714	24.78336
43.62574	3.177216
43.64727	3.929726	24.29408
45.74672	14.44835
43.36936
43.97344
43.16297
43.48622
40.90323	25.86311
42.75352	22.58099
43.51472	47.54625	66.61712
44.80744	54.8072	67.8288
44.09267	24.84894	20.08983
48.16011	0.9867047
43.96681	38.97697
44.65077
40.40289	30.39128	20.31261
52.78594
40.89907	11.57612
46.17015
42.72172	22.07506	1.757595
41.18014	9.197604
51.00596
40.96934	4.638743
43.36437
42.81069
41.61571	71.16489
40.41616	17.13631
43.67807	1.82124	37.40762	18.5552
40.46054	25.3305
39.66598	15.33119
50.34421	39.45784
44.0569
42.87556	28.02478
42.4583	67.71714	65.58377	69.73222	39.91274
67.13375	47.36402	57.57355	43.63848
68.2446	41.35274	28.53903	36.55649
43.58394	67.97301
41.72583
41.54602	2.278756
43.62951
49.84124	43.68357
46.7878	66.8951	33.38773
42.68991	66.06206	2.706141	9.724713	69.19631
6.758747	51.1919	68.67713	33.63207
28.6229	9.843124
47.22348	37.27759
43.44442
42.4061	1.088603	22.41585
43.97937	0.7157173
41.84031	1.869355
42.91133	13.12513	12.93071
43.67182
41.3318	69.66964
40.27023
40.55974	71.33665
42.07649
42.71771	10.549
41.6271	31.70059
43.28895	42.3652	42.43131
55.49797	39.30668	67.94225	58.17835
62.50116	32.40495
71.18699	43.80809
43.43378
44.21312	40.29943
42.82767
43.69889	38.48084
41.79188
47.13487
43.08587	27.60198
43.4308
41.29541	32.24609	16.97975	29.6366
42.0275
41.64406	50.56992	47.20504
45.653
43.6036
65.87808	35.52162
44.35144	43.48278
43.96989
42.48843
44.1609
43.49276	7.519346
41.62161	35.04495
42.35772	16.14936
56.72902
43.28437	47.78706
47.16686	61.41159	67.6608	3.291357
42.69435	16.10959	3.034176
40.92096	14.62382
43.52421
43.23069
46.05162	43.50949
43.53026
43.4803
42.7032
43.85145
42.64854
43.45183
42.57869	37.12837	16.03916
42.41222	30.94875
41.76704	47.97258	37.44131	2.000767	1.330605
41.54542	53.49106	65.80546
53.38133	20.77359	19.62186
60.80816
61.72737
65.38334	44.51577	72.03495
41.4971
43.50334
35.49117
40.52275
42.69338	5.380682	67.15099	19.34951	66.47276
41.30208	16.39854
41.76512	31.52867
40.76484	18.57244
47.28248	29.05569
16.78259
46.88669	5.576884
46.55316	43.62064	27.35547
53.84761	41.61842	35.78391	67.21022	35.13479
41.33003	64.53905
43.36899	9.719944	34.08901
46.43145	12.65825
43.59266	49.91727
43.04657
44.34783	67.77715
42.57444
42.19615
51.84685
44.34744	41.62575	57.4623	68.61512	50.49189	5.083581
42.13784	66.70106	68.03591
30.95007	27.96214
11.62342	22.18563
16.98365
6.482599
27.1138
43.33156
2.362832
6.923557
14.77304
3.743737	45.81079	16.46431
46.7444	10.12031	60.28535	69.11957
41.92828	0.8819318	28.71711
38.74256
43.48618	24.31038	0.5314653	58.50633
44.88093
65.08344	43.45433	13.03027
43.16537	37.55791
42.65542
44.29168
45.57203	26.62144	40.78256	22.87302
43.64726	36.6659
42.10565	9.859498	33.15864	58.34944
45.83144
43.57233	22.20942	0.5505227	71.3856
44.99906	1.015925
44.10534
41.51274
43.98044	67.88157
40.55815	11.43295	37.04295
39.92113	34.13333
43.01163
53.93818	59.76172
44.52186
43.47696
41.80295
43.30718
40.07962
47.07266	51.20787	41.9149
43.35267	16.63397	36.74856	48.43015
44.82985	29.47705
43.58075
43.43306
43.79265	11.61065	8.881406
41.60761
40.47676
46.44347
53.05954	38.95105	20.33394	70.28357	33.529
40.27152	20.51857
67.3017	34.23236	29.9029	71.56091
51.83052	43.14877
37.7779	6.797554
5.99435
33.77771	68.57071	19.83203
42.47664	37.30626
43.22024
43.65731	65.61232
41.60706	12.42842	56.83675
42.86349
41.60698	49.68662
43.93193
43.35568	13.7781	7.444698	31.5441
39.10866	66.77055	6.270162	5.552539	32.81912
48.39403	47.98814	12.2947	56.14899
49.6579
41.90501
40.06061
39.44444	10.87919	51.78452	51.19072
52.92807	24.06189
61.33077	42.2121
45.47033
37.51624	53.9569	53.93616
53.56955	20.31785	43.56781	13.04484	64.99547
63.04488	41.73999	67.18483	56.86526
43.41148	59.60215
43.56571	12.38212
46.8728	70.05361
41.87399
44.13391
44.2442
40.62625	5.428746
44.41049	70.08932
67.36786	1.380564	4.554246
67.73242	45.41199
69.21706	39.59703
70.33122	42.56472
42.72516	64.40669	58.89788	28.5603	24.95105
53.31533	69.42851	69.08688	40.56945
59.14685	42.68572	22.74862	16.32416
41.86083	52.935
55.90599	41.33311
39.54862	69.3678
41.32052	63.45044	17.95465	3.071629	14.9893
44.55427	57.26644
52.86473	43.67106	27.74488	22.47021
49.53846	20.75104	13.02436	44.90637
44.38392
42.7682
51.89422
45.22013
42.77167
44.58933
43.57993
51.72162	10.87066	39.93935
55.87318	23.82032
42.71165	17.46088	8.122071
41.76891	71.62803
69.90659	45.60692
42.33273	0.1908381	31.97436
51.72754	13.6143	69.78352
50.81562	47.84843	70.35697	37.71066	65.75475	23.8567
44.75193	32.89879	43.50589
40.93857	66.20077
43.40016	35.74793
43.15868	32.77299
48.03315	42.16548
42.88379	33.81328
43.25548	59.93287

41.49087	33.32676
45.67184	59.50818
45.18281	12.29484	36.91182
41.92643
43.61999
43.68216	54.46941	48.60353
43.5776	1.096849
42.74078	69.71062	61.33641
41.31971	68.76138	64.08488	30.39379
44.10335	0.5893874	48.68498	51.12412	4.588365
43.44979
37.74461
41.53067	1.224157	71.16292
45.32148	60.88473	59.08319	59.48131
69.6738
56.56683	70.24319	11.60996	55.69638
41.86677	35.18282	65.53857	23.729
57.66936	42.0614	72.47285	28.23582
41.48375
43.81046	6.664474	42.24746	67.12326	41.90422
45.49938	53.50919	41.1304	24.21294	15.61315
44.11538	47.31854
42.91746
40.93149	72.32603	38.1749	39.08115	70.05841
43.80962	25.29315	18.86111
42.72224	23.90726	49.34411	0.9936875	36.79977
43.88575
71.7327

43.30435	17.9676
44.31601	27.51843	34.60718	31.95337
43.06642
41.8911
43.58813
56.26202	43.1605
40.70801	33.75488
43.65263
53.13477	40.43328
55.78758	19.79489
40.7154	72.31129
41.66393
52.07532	15.90435
40.51545	13.41831
43.56282
42.97098	2.13036	55.40017
40.93671	11.55583
43.96571	60.13361	50.89197	57.53393
46.38363	69.39804
68.74255	42.88282
40.98613
43.41552
43.09939	71.78511
43.29849
43.52397
41.09532	61.98141
1.228586
41.0913	10.02194	48.79402
66.08168	14.46528	69.93751	69.49225	8.195516
19.73989
22.17238
41.25962	0.08376479
44.13607
43.55671	10.16966
57.74947	3.408426
43.43685	71.00009	34.78766	5.147737	71.46846
43.9731	69.83296
43.07284	66.68879	63.42775
41.73373
44.20647	69.97872
43.31613
48.18351	23.46607	71.38444	17.35446
43.71325	61.48097	46.96967	45.5021
43.38225
42.62816
39.9978	21.2045	19.87447	38.52199
41.84976
41.26322	70.6989	2.04833	61.67083	10.82592
43.92441
44.0205	64.37801
43.96694
48.2015	25.72332
41.31272	23.58902
5.219764	53.6708
44.06562
42.94132
57.58704	22.29896
46.65731	39.59813	27.23205	17.33305
42.74596
41.68543	66.81416
44.01566	41.67901
41.55522	71.69299
42.91393	68.72266
43.78343
42.20129	67.11667
39.59605	9.210355
52.39387	43.65526	50.21351	22.88004
44.92534
42.79177
42.70068	64.73295
34.31238	10.00522
48.53335	47.19268	47.30308	72.47964	42.21764	47.53092
43.34501
44.05066	3.149894
46.0673	15.43783	40.01453
42.37307
41.25373	70.73926
43.20748	41.7578
40.75927	70.59281
41.58917	52.74585
41.788	5.917942
43.33941	12.5742
40.7013
48.94232	18.45609	22.69286	17.79527
44.15617	66.47678	3.857414
43.21339	9.281228
42.04217	18.0079	15.68199
43.17666	21.97727	58.20602
40.46429
41.84583	41.43431	21.2734
63.38977	43.58841	62.85114
43.89512	64.27752
46.08406	40.69523
44.41425	33.79134
41.89019	28.71321
51.63415	37.76034	2.449455
53.73707	20.54637
13.57393	53.67243	2.134756	32.14512
43.10826	66.36298
43.27904	22.89712	71.98828
42.57861	70.86642	39.31728
43.50606
43.31426	13.23194
44.06036
49.39655	70.78109
43.30037
41.34648	32.26245	26.23559
43.75001	40.96835
40.71772
42.52526	41.80132
12.66723
13.36024
27.05413	24.1883	11.6527	42.61477	25.65915
41.59834	33.05016
41.51057	55.22502	54.74374	61.76302
42.53497	32.53491	21.03447	24.29447
40.60511
63.89198	55.10622	55.0551	36.99084	16.55526	55.98792	62.1682	35.50164
64.91559	41.7076	59.44552	45.00777	37.24973
64.50958	51.48368	44.75459	45.75649	34.91858
41.15162	23.65939
41.51529
40.53899
42.10469	34.1458	19.13715
42.6598	70.92823	68.62183
42.91352	21.57368
40.80279
39.09404
42.55536	27.6955	33.60299
43.3771
48.66392	41.89893	64.93451	55.10103
56.73322	56.73072	43.4952	45.45563
44.06837
44.75776	15.11358
42.37171
53.12759	40.57243	0.2376952





63.07583
66.97956	53.87389	16.79165	2.801003	16.562
67.74001	43.42537	50.62939	62.96832
69.72981	41.62365	54.36765	61.9484	58.32303	65.93462
43.99493	25.99889	72.13278
41.91147	29.41984	26.6163	23.42778
33.57859	46.90277
41.69034
41.65783	16.68381	37.01135
56.03163	34.48927	4.212937	2.902803
56.41039	2.851331
42.9493	65.75334
43.58569
62.52273	41.55779
44.44221	21.66392	18.44735	44.06893
41.79687
59.84905	15.11528	42.9284	62.12526
41.70542
43.32255	68.12724
63.70333	43.19801
67.90936	43.97015	1.619175	21.56015	42.63744
40.02983
42.74832	15.75643	62.27812	71.74839
41.19789
36.96297
43.28904	13.5783	25.10025	69.14397
42.83272	70.85012
44.27468	3.046964
39.12129
34.13253	61.34294	55.22381
43.1791	63.57529
43.07424
44.2279	67.54096	35.71848
41.89237
43.48251	6.059669
41.65296
43.66584
42.53274
43.54253
42.65623	63.07681
43.12126	38.09858
43.80479
44.50649
41.9847	34.42448
47.19352	37.06431
43.35443	66.27866
42.37217	13.88262
43.8514	16.27181
40.43381	35.48147
46.2171	7.832024
43.81345	45.78377	31.33812
43.72777	42.25345
44.74313
45.16191	19.99412
41.06056	2.874296
54.32151
52.99517	42.517	23.86281	33.87592	23.10221
53.03196	40.05871	65.78665	38.58112
54.41	36.69001
51.50745	42.50246
40.60549
43.01208
41.88543
55.24237	44.35019
54.40094	44.22276	8.258793	47.86401	69.65986
55.51281	21.89996	60.69902	18.96036
30.83817
43.07842
41.73762
42.65751
49.57277	42.75075
34.93208
34.82352
43.33185	0.4618211	9.10221	63.50372
41.29565
43.78632
43.69774	26.89	43.29398	15.48769
41.88791
53.74737	17.82804
43.61537	30.73139
44.98665
54.29263
44.18455	43.51821	41.88014
41.52077
59.94842	38.79499	68.32605
55.27571	0.8188493	7.066691
52.49302
55.35925	25.40459	44.88653
69.37005	57.30276	63.24513
55.30221	69.70357	70.30316
42.26104	33.961
41.48377
41.64267
51.30685	44.11811
41.72097
40.45816
44.65428	21.27066
39.72072	68.49336
41.18584	58.47909	38.85246	40.30987
42.93433	64.72418
41.67904	1.466228	71.21958	22.46167
42.25603	42.07834
43.41185	60.43585	13.57939
41.81826
41.20845	24.94238
43.10894	63.699	48.31287	33.41983
44.01262	67.97582
42.59083
41.47563
41.7901	13.41905	17.64596	38.97636
43.54797	62.68241	17.62895
43.29023	12.60739	28.6116
42.09992
44.07236	29.80418
43.92657	69.10338	29.2629	58.02242	55.15096	20.25365
43.33362
43.69826
43.88856
44.67499
46.76756	68.99207	4.968355
43.38342	60.1108	31.17225
46.99737
43.42425	30.55973	67.69677
42.11	32.19421
41.39836	1.278959
41.10003	20.78757
40.04979
62.00676	37.08393	44.61115
41.27534	38.03942
43.12644
44.1916
43.86653
43.97668	36.21187	42.75449
43.90629	9.04656
43.00343	10.12401
40.78371	20.67702
42.79784
46.93032	17.77953	44.9064	17.31533
43.52859	16.12437	6.387257
39.22944	16.22172
43.72458	26.57096
43.70223
5.351796	52.30007	71.29525
42.69315	50.00831
39.31534	54.59017	9.755234
56.09313	41.4989
56.62423	41.83771
57.1081	4.919578	2.403262
42.00499
42.79403	55.18072	22.61146
43.29463
41.75735	25.03491	16.68676
40.67755	39.8083
49.63994
43.72748
41.67986	6.287376
43.36053	1.645946	7.460623
44.08144	16.05425	10.26353
45.46878	54.00342
43.69001	39.81348
43.33921
43.47711	6.117785	45.39138	53.03444
43.33339
42.32764	41.44598
43.14845	18.10464	42.28219
43.83063
41.46931
44.17611	37.68035
46.5667	15.79935	14.94537
45.48861
42.05077	72.29198
56.21694	43.95298	5.799032
36.94991
42.82936	58.91351
38.99073	69.21255
64.28321	67.94609	11.24281
43.52603	22.42539
44.08157
40.92569	4.637623	14.42276
42.67868	0.7157945	70.76529
43.42723
41.30913
40.14377	15.63563	57.94112
43.79065	67.14524	19.5595
