ExtinctionRateChangeTimes
24.10982	4.641261
4.23841	54.38855	65.97428

29.94467	12.99509
15.02319	10.15664
47.21507	22.29409
39.79673	50.61727	47.20184
21.8468
66.79476
69.8532	65.66755
69.0655
70.20128
68.98885
69.29489	24.34992	30.44121
69.29489	26.67383
69.97079
69.49805	15.63033
66.77271	63.00701	51.93701	31.8468
67.93732	8.978041	0.2077595	55.63695
68.57402	10.96893	61.86	10.29972	53.70985
68.57402	61.79079	7.588658	20.28849	36.85298
69.90161	18.21879	41.61465	16.0886
69.27315	62.99044

56.50032	67.66443	51.45065
62.93977	1.076575	23.23193	28.16889
63.70508
67.05491	25.95877
61.67501	8.817379	53.89124
48.39578	60.55167	43.8974
53.9573	64.42252	18.85632
65.64514	61.89329	68.86826
65.64514	63.19885	68.97512	11.44042	24.72057	61.86316	51.0836
64.73776	62.03537	37.74031	2.48365
66.17591	62.03537	33.73399	1.157918	21.84876
66.82509	62.03602	1.335586	30.01447	70.91091	66.42237
67.65998	61.95863	9.587964	66.59974	29.58528
61.95863	66.85529	40.62457	69.21714	66.04481	25.92359	15.80135
61.95863	66.04481	3.901172	3.810604
61.28536	66.37881	69.61947
59.52048	68.77519	46.41374
51.18106	68.33836	13.97786	48.46271	32.88176
46.79859	68.82958	27.30028	23.90745
44.72812	68.43961	22.91207
48.6657	69.24153	4.952282	25.57516
47.91834	65.67439
66.0549	6.560842	38.46105	1.093286	65.98757
67.41916

7.333864
31.815	3.533101	1.07297	7.796001

11.80507	41.5539	45.80948

44.60612
58.58046
67.58321
44.96958	10.89406	59.10569	21.31985
6.594288	51.36999	56.64004	69.49722	67.46029
54.41198	26.90115
65.93771	64.64723


13.11433
43.91619	70.1674	70.95323
33.51303	60.66608	53.49604	1.555105	10.36627
53.92557	59.93866	23.3238	8.617826
22.19808	8.19349
5.910044
56.25239
69.66841
69.58499
68.15043	56.28879	46.71111
69.82036	30.68942	20.25699	37.84405	22.83336
69.63986	2.400323
70.00454	13.10539	35.07167
66.91356	4.828957
70.36601
70.31437
68.83263	62.37902	50.37233	18.75207	11.11508	29.66715	48.37085
62.37902	39.44535	31.32245	69.04912
61.59164	69.04912
62.2187	51.70961	69.22675	33.50853	8.138134
60.3382	68.51151
68.32413	60.01342	63.71518	55.60923
32.12393
54.66935	57.16099	28.32406	17.24763	18.06386
64.88402
70.39144
8.512486
7.655762	67.7638
22.82812
68.90963	12.08665	68.46456	66.92394
69.39198	5.719482
67.66362	70.95847
4.849995	69.33047	18.0588	56.09105
68.09098
69.58476
70.05245

66.95725

69.15547
70.0498
70.05781

71.00419

9.351781
1.234639	70.81824	70.17995
4.364741	70.71381
19.31859	70.70462
3.608573	70.89701
69.12728
53.95576	53.59488
70.70024

66.38782
70.45539
69.2053
70.21609	66.65781
68.74472
69.92122
68.87185
8.482374
64.48148
64.52622

53.93053	58.73356
51.4996	22.23346	69.63249
56.98213
54.00057

65.47904	37.30367

61.86816
7.469423	12.975	19.50728	62.94061	5.831205




69.32379
69.70876	50.17709	34.16016	51.71089	22.00565
70.02047	8.820039	6.730958
69.88947
69.04466
67.91803
68.53893	55.31556	4.904528	2.783513	46.84251
67.90731	57.74017	30.66928	51.36686
69.40246	58.43916	27.08797	55.00198	3.784945
69.0733	60.76219	21.46311	40.10093
56.39163	69.04931	70.73898
69.04931	61.03608	24.19857	20.6951	12.03056
61.92483	68.11834
70.14584
69.61434	42.47182	29.23556
70.48574	13.65417	32.56483	12.56163
67.92183	24.84155
35.70988	70.07726	22.03781	6.078504
69.65419
69.01675	31.30125	25.99362	70.7148
10.43284	68.69702	60.39833	8.314595
69.40697	50.28193	21.40327	14.4337
17.43529
67.94061	8.848593
45.99029	30.91964
25.39226	62.18071
63.24258	69.33158	6.608457
62.39259	43.41584	21.02283
0.3899261
60.07617	49.67348




29.33407
15.00105	53.16868
38.64261	25.25899
7.850428	47.16528	4.372317	23.06575	50.3824
30.90706


22.5684	14.45145
3.670676	70.46255
32.24516
69.14081	43.46244	38.84399
16.70613
5.205724
21.565	19.77387
4.589141	4.497911
20.15268

70.57876
24.44188	65.19288
17.55064	33.08225	20.62685

16.34695	67.49547
65.73659	64.24127	32.87344	9.108434	12.35111
65.93989	63.22977
65.98269	62.63423
66.68517	61.65437
67.98034
69.15276	3.568031	70.61458	2.490068
61.34273
13.24548	41.10461
36.48066	31.66577
56.13957
19.41781	17.52374
32.19738	0.8730602	45.83909
14.40482	3.287636

63.05803


51.84116
36.69331	21.2248

19.46548
6.60361	27.67068	45.11502
16.77775


52.79143	26.32941
44.09908
68.4908	48.05208	8.483384	60.70884
13.39866	43.03022	59.85994
8.044105
62.59917	69.47089	19.49386	19.14054
64.07939	69.08928
17.59511	20.79102	67.31103
32.62445	5.709415
2.049268	65.18988

31.74808	46.38378	46.09062	23.09306
70.05237	9.309758	60.78973
29.13014


69.48837	1.5637
69.48016	58.33721	55.1605	52.84421
38.92973	0.926998	23.12768	14.42941
46.08099
25.31845
62.31835	51.75032	31.9732
61.93841	2.326105	54.646
39.64389	8.720311	11.49832
62.11949	48.02554
47.90397
17.76254
48.61138	33.77526	69.92135

36.06916


17.90793	70.11862	15.06832
67.64404
5.911728
2.403096	17.37322	59.96815
32.03646
57.26769	49.02811	10.01924
63.22637	69.56063	27.78905


69.09461	6.385467	45.44823	17.08711
69.12317	15.61209	43.37159
69.22674	36.1804	4.389992	31.36812
69.31468
69.52266	3.038782	71.11899
68.85392
69.97721

24.60031	7.666394	46.72651
60.67679	6.203446	11.15363
62.92139	6.307771	69.05916	69.43934
53.88406	10.19955	43.87649	51.59667	1.229394
53.37818

8.971611
21.54213	21.70062	12.02532
66.93811	7.79978	19.58396	11.62047
2.540023	18.39368
28.10991
61.67818	9.443675	46.30334

5.765555
32.14091
42.3752	29.93721	9.361638
70.91562	50.36558	20.30785
69.01492	41.69	63.91241
9.666871	1.627486
64.84749	69.47957
63.38297	6.569884
66.37039	53.49633	50.20886	19.45348	68.10114	57.89622
70.53753	0.3111964
27.68717	20.37259	1.394277	6.124699


11.318	68.74102
13.83551	1.75722


23.51829	65.68206	58.65541
62.78671	7.454733	12.08026
30.12177	9.287464	40.60922	67.95239
19.5927	69.27685	18.79282
12.21932
21.53586

18.76746	8.550049
8.450176	3.20574	5.696473
54.48197
43.76317	0.9742539
62.58757
24.54573
29.21046

70.65509	69.93888
61.97071

26.14801	31.45217

67.02554
67.95226	57.59799
53.73244
48.55096	5.627847	57.31205	64.45398
70.77816
12.59945	34.30308
56.58925
58.66399	69.9884	66.72137
69.60782	59.23885
68.90976	14.80105
68.75037	56.49581	48.12617	34.41832
69.5796
69.05551
69.87641	2.514789	62.98626
69.98022	10.22897
69.66719	7.151901
68.92091	37.55096	7.644035
69.4441	57.93723	57.32839	52.31649
69.4441	62.42047	16.71647


5.885903	5.135454

55.13203	15.64303	56.37844	2.727034	55.38364
6.642276	68.9359
10.85297	0.5496824
38.9162	15.95196	53.07513	28.77025
25.76782	69.98952	65.36956	52.74027

66.32536	41.16485	63.71404	11.40282	9.934529	46.77196	64.19905
63.0601	19.17636	66.23797	70.42357
69.11774	6.912018

61.37198	67.10295	52.21004	16.54637



20.2901	16.54485
30.24219	29.90225
12.39344
52.65901

70.9854
61.37452	60.9141

17.03556
22.37464	70.95071
6.644987
64.70132
10.59535	1.729479

28.93147	15.42873	57.54068
5.318683
18.60157	6.436023

37.14332	4.819815	67.94438	56.2739
62.67663
22.66222	66.2012	10.39113
4.519588
65.16752	11.34339	51.18986
59.3442
61.64451	2.813603	68.45374
62.184	1.062031
61.77834	53.10066	60.93072


37.98628	11.4382	68.89761	0.9059545	64.69169
69.55761	28.1285
69.24276	53.93905
68.92957	27.09561	62.98602	1.88137
69.6777	15.15258	11.23501
69.70379
69.30398
69.48495	65.38545
69.68287
69.56834	32.95955
70.18226
70.43619	71.35318
69.82948
69.34649
70.48833
68.62381	10.24897
68.67706	36.77539	1.23202
68.73272	22.49222	8.537174
22.0379	69.8656
69.57508
69.69772	16.59097
70.72752
69.60465	46.68166	44.49057
68.58604	20.51042
69.48165
69.7172
68.85909	21.57545
69.27705	4.05611
69.49247	44.78447	38.964
69.85907	35.40261	42.42327	62.98094
68.52021
68.91487
68.91041	64.31119
69.62156	19.33908
66.44039	60.01921	59.86409	4.005075	55.3611
66.89261	62.42022	2.086533
70.51758
68.94532	41.89858
20.99579

52.7104
64.89794	28.77894


4.99143

63.051	62.15586


62.7272

15.6698
13.22851	45.94982	52.888

8.836749	1.141897
67.25873	65.18761	63.00765	53.53396	5.018604
61.02292	11.87355	60.63873	10.52747
23.2045	13.51271
23.79723	4.922408	17.74651	44.39743
32.73024
13.9804
18.52094


54.4944	52.05825
20.0264

12.85047	57.77645	70.94385
12.71392	2.914529
68.82017
41.67085
71.0082	20.03457	10.85656	23.69332
60.65682
57.12432

67.62667	63.94514
3.769465	66.92287
69.68007


37.86351
27.59609	53.54218	47.39017	3.739002	43.20415
69.08627	45.75493	53.37881

70.76904
63.71326	43.74406
63.44207	18.67298
22.31929
19.34361	19.04173
1.286222
2.685615
70.10418	29.93005	69.20709	3.718516	16.55831
1.898743	69.35359
70.02958	8.918129	1.572335
69.4906	15.09553	11.29141

67.71463
38.85346	58.56549	67.04313

61.41993	38.93113	30.95728	21.24684	41.68521
54.79857	62.37353	39.66798
63.88325	11.25471
61.9275	68.95375
7.107218
69.77601	43.6442
10.82074	0.5868751
2.108191	70.0907
66.27976	47.74015	8.623227

16.17294
7.811396
12.56704

0.04346272	38.01788

4.984559	13.60729	69.57834
2.60647
53.12381
55.90817	59.52205	50.72173
67.32997	34.57946	31.98939
68.97119	5.547465
69.90622	2.187459
69.11623
18.85467	67.28702	14.51534	11.20325
20.89465	51.87547	0.1534518	42.02062	69.61419

25.02941
29.93832

33.71175	25.42036
55.58815

19.18285	43.79468	63.06162
43.48094	65.27158	62.69221	0.895408
69.15094	65.07604	63.75617
25.62839	24.94639	4.230954
62.02861
8.687986	22.51661
3.855382	70.95021
4.166499
26.94177	10.99041

31.79843

38.11736	9.088565	65.85491
11.90289
60.28382
54.46111

62.83781	19.35882
16.74582

28.83102
39.38396	12.47582	29.68039
11.60567	4.116464	6.147053	9.308975
47.31465	29.40257	68.5803	15.0173
23.95652	62.85535
54.47729	20.18948
45.23644	70.1532	23.19862
69.44777	1.110743
69.82626	1.035585
68.79147	34.22501	33.55623	61.73198	66.84025	10.36754
68.38284
69.58932	14.44978
67.94252	21.54663	63.65632	28.68745	46.23415
68.26876
69.17778	61.309
70.06725
70.3385	7.548037
2.007373	69.24278
69.24278
67.04826
69.05855
25.03769	27.82888	25.05133
8.137874
64.56333	62.7916	7.016743	8.562568

45.59794	6.747631
1.24685
50.35883

17.74119
19.80046

27.80816	23.87553	0.1214737
68.45113
0.3379871
67.10215
70.32592	6.378548	0.03669597	3.569109	58.94747
69.22766	1.260168	53.06289
70.13674
68.75492
67.86552
68.6706	22.55518	8.491596	4.979232
68.65052	63.17018
66.10873	24.42058	45.65313	57.46932
68.71287	60.593	59.14036	16.04601
69.26481	59.95283
68.28923	38.91344	37.78842	53.27617	41.21879	65.3996
67.55148	62.89761	2.382922	20.8186	52.03904
66.97098	61.50629	58.57473
68.72314	63.30706	60.07421
18.04644
68.68924
68.57038	7.496978	61.21628	1.913274	56.06414
67.9526	5.232342	33.77064	41.61698
69.35894	27.3058	61.19516	61.23064	3.247526
69.50087
21.76562	69.73587	70.46414
69.27675	62.59294
68.63745	1.484826
69.09896	5.08729
69.21068	27.55589
69.11064	22.34697	50.24513
60.50463	43.39578
28.30748	68.61016
63.0144

12.58011
65.07407
20.03016
19.07894	6.905458
4.61552
61.17421	40.78785	23.18058	62.10775
34.41056

33.94947	26.85876
25.22026

51.63199	28.95245
65.1691	55.15371
63.44648
63.02506	42.06222
63.33509	25.21611	55.99608	12.64733	8.242498	14.45591	62.46346
64.61531
20.27925	63.84114	9.730911
61.64401	52.89812	32.69049	16.64967
63.46441	11.53835

2.962739	64.77654
6.596103
38.38466	33.15685
28.10913
20.3327	52.36802
0.7736369	44.97998
71.02432
47.59458	19.57415	28.92775	10.97214
9.743113
66.41666	63.65753	40.03955
69.52653	62.78476	27.71046	16.34833	61.63754

68.19865
13.90413	10.78986	71.06642
0.6846624	69.34188
69.34188	22.7994	18.6897	16.65363
69.70156	12.80416
70.40621	12.93187
68.5584	25.74804
69.95867

1.416994
23.5271	5.529738	10.29442


63.05302	49.62336	58.51863
69.52474	10.74984
69.53517	0.6603676	33.83387
69.05633	18.60745	29.30616	55.79686	52.51058
69.09327	36.94239
68.38345	2.820368	24.44813
69.79669	31.91319
53.04681	10.89747	69.89458
53.5013	70.3389	38.53848	31.94916
61.89147	67.26509
55.10296	69.46595	24.6506	19.6632
69.46595	59.57575
69.46595	62.11237	26.06467
67.25181	6.852068	55.49587
55.66993
36.56123	0.5184891	58.00655	23.80352
60.40895	58.23609	27.13038
63.02064
63.48852	38.41577
61.33344	32.53653	14.82365
0.2573486	61.96204
12.31556
7.555851	39.6773
16.94082
10.1809	7.186768
19.34686	70.61863	68.96999

51.49113	20.44787	1.314208	19.28575


68.19009
68.649	60.87366	55.34201
69.40699	25.76173
69.17077	63.08629	38.06917
68.84467
69.86228
69.07427
69.26979
69.68642
67.59366
69.54413	28.05995
68.77879	17.31356	9.554864
68.35852
69.82576	16.31316

38.55587

57.95172
4.426216

36.63701	32.01949	17.16604
65.67136

40.13094	22.58147

70.07945
69.62538	58.41323
69.78092


21.34161	54.8295
59.61825	53.60466
69.73272	23.24382
69.1394	71.10152
69.25342	40.03139	23.67229
70.12031	47.86589
69.45567	33.58755	39.29039	31.67835
68.69579	62.2511
70.56095	18.04066	45.93063	20.36785	27.93075
68.49342
1.046865	13.57957	45.9829	22.69829	32.61231	35.51893
69.0394
69.07015	50.61943
68.85896	58.82115
69.88585	51.7737
69.88694	26.14197	65.60999	25.59277	59.99488
1.756291	70.59242	66.27905
54.48583	69.19359
59.99995	69.19359	59.71652	6.339398	7.499301	55.89938
62.50878	68.85432
68.56129
68.92499
68.65044	67.48622
69.26853	43.06881
18.0248	41.49075

70.25826
14.02647	53.18388	25.7888
11.81001
12.40277
0.1146923
44.51617	20.08555
59.85932	25.4667	54.14853
19.29141
2.48662
6.43405
20.25535	49.5066	19.41946
38.72362
13.79376


20.4931	14.18686
2.255182	48.26264
9.219217	8.569473
32.59247
55.55899
15.88719
6.926318	4.151063	1.048167
58.47909
43.19736	30.34576
23.80379	62.34592	46.36101	66.87042	46.02178	6.915546	6.997074

34.89994	18.52732	14.44574	30.1042
15.35048	10.73192
46.26802	10.28606	6.533944	41.32134
7.125346
65.37168	63.32288	8.969773	49.10937	38.35932	2.0623
66.89253	11.85981	10.55342

64.76898	16.15198
68.7159
12.20563	40.00166	29.91669	38.21089	70.89421
5.318533	5.031446
13.83831
64.64467	69.33438	16.33327
62.86223	6.613325
62.86223	58.95396	45.51119
40.77258
48.68726	22.9092

68.32091	12.02411	46.76296	46.66396	13.27482
69.31641	60.96188	50.21699	33.98735
68.61395	62.16216
68.25533	60.20657
52.07656	69.59034
32.62556	69.45614
56.17774	70.17053	28.85101
69.97255
69.20277
10.59041

26.8979	14.19692
45.18537
27.29194	2.200398
38.26313	68.82757	66.19137
8.687765
67.91297
68.38521
69.99095	4.100919	3.071891
68.97619
69.95069

68.66564	10.71974
66.36839	9.72962

50.0153
21.59194
62.80806	50.38722
65.89488	12.21423
65.36683
61.40932	22.88823	42.95622
63.45037

14.31758
12.83357	68.92391	41.261
68.50488
69.69721
69.31029	12.75939	11.02787
68.5142

24.88533	50.85179	7.114747	70.16358
46.1425	44.41949	65.93161
58.45574	70.66095	27.40211
35.30629	14.06342	22.0062	55.23133

44.8896	59.10648
32.74537	58.78251	36.01083
31.83198	62.2236	29.33127
59.32162	10.16817



24.47784
22.52545	28.19542	34.18853
7.129472	5.22565	69.03519
56.66923
46.78195	68.54703
22.12139
7.109826

16.15089
4.349197	34.57733

51.29039	6.415767	68.79945


69.64149
69.01831	12.57127	47.51704	23.07072
53.13247	8.085486
1.78638


15.03884	67.01623	31.64628
66.41932
23.47813
49.92294	5.614686	46.81299	48.39829
33.96364

12.72815	18.51388

61.9546	66.65641	17.97496	8.100599

23.27287

11.35705	9.137755
41.57099	62.95583	10.38627	68.42101	70.68382	61.14417
68.90198	20.1389
68.78629	61.07299	40.17837
69.74167
69.20183	20.50167	6.895456	10.8025	16.85992
67.52162
59.18539
19.20911
11.60145
9.329019	34.25334	3.949738	28.4392

22.81212	6.210315
40.95099	17.27507	14.03029
10.33413
21.31171
58.15695
41.11331	28.71004	22.44566
33.54213	21.37468	57.98821	54.52171	42.17317
43.78367	56.91202	56.38403	56.83726	20.77756

69.82487
69.35932
69.35932	7.781058
69.30156	2.093934
69.78969
69.57801	53.36108
59.48784	0.6474358	68.76841
46.68455	69.23989	1.654881	45.87928
69.21919	47.31701
69.21919	47.37146	51.00232	1.772654
70.043	66.39924
69.61836	17.75688	65.03283
69.36363
69.26174	46.0711
68.74115	1.920026
69.4664	11.86974
68.9729	63.93068
68.90662
69.37756
69.43145	10.89308	59.34513	36.33599
9.756245
6.753061	69.37614
1.465707	69.67666
69.67666
69.80181	11.6717	48.32667
69.36343
13.93505	4.974873
20.31761	69.07994	15.95503	56.39274	48.04815
69.54995	55.8617	21.40594	27.06651
69.54995	27.87055
69.88996
69.11024	11.20723	0.5320541
69.201	41.8341	39.39214
69.84754	17.78442
68.88978	7.217166	62.07282
69.47082
69.10677	16.27207	67.22597
40.26842	13.81583	65.87124
46.85319	69.16563	11.49258	40.20254
69.60569
69.52057
65.80118
69.39645	7.305379	1.512659
67.81371	11.41664

54.85635
6.305308
61.09903	13.69087	58.65466
64.88813
61.44895	70.92832	54.10019
61.30484	45.91061	23.8487	32.30891
62.30568
61.84813	29.73727	71.04263
61.42654	55.09655	63.98484
62.9001	69.24706
15.97049	41.22998
20.57639	70.29768	14.03878
0.1566703
3.330951	44.98861
48.39272	68.26492

64.97616
62.54132	10.65273	2.270373
63.6729	9.956318	5.016246
66.52884
25.2102	59.89526
22.62227
53.59821
1.456768	54.18148	31.61522

64.60838	49.25158	3.382426	65.07297	63.09807	46.80562
61.62309	3.071866
63.93494	30.9453
64.58618	66.77482
62.72181	67.7339	68.9261
62.73096	68.58182	27.68661	20.03184
62.40948	68.26954	3.485019
63.44173	68.87542	17.39954	49.91414	8.6102
70.32768	22.3735	18.04804
69.34624
68.9329	6.726422	61.78798


6.811126
62.78129	70.72875
47.9881
17.45023	2.611396	70.17505
46.39251

58.05024
62.42707
30.64783	28.58824	64.39026
45.13917
34.90931	51.00411
65.95007
12.60607
66.69374	62.88202	47.73619
69.68889	63.28838	17.76811	3.851756	56.62046	13.52931
69.23839	63.28083	48.13824	5.817654
6.984843	64.12647	5.669302	56.47494
44.21674	22.47112
1.144004
60.26853
6.106397	2.106087
12.27518
32.42841	8.675722	31.11912
23.29934

12.55659	3.429703	3.679376
3.103083	65.42422
3.263702
36.9015
68.56492	64.43868	7.214674	50.59257	44.25138
2.025042	45.80259	34.86558	4.10297
48.71809

31.23758	8.182578

11.82723	36.87523
42.23502
5.649202
52.7894
50.60239	53.84362	47.96911
63.77954	45.95632	8.936608
38.70634	44.38042	36.95163
52.28843	25.44163	15.57596	23.84604
16.50836	33.56993	29.62277	50.08167


69.22927	6.370252	0.003855587
68.69592
69.4418
68.92643	31.00165
69.36735	7.228866
63.64961	55.40945	67.23484	31.86376	49.91674
54.71004	71.27629	12.31917


24.67086	23.16269
6.025799	30.62242
6.613566	11.44476	63.42939

21.79109	0.5280072	64.66972
19.19936
2.887102	52.24904

42.81414


62.17467	7.523918	49.88479	42.53321	22.40611
60.37608	50.28213	31.458
40.99801
59.9696	51.5264	52.17686
64.77314	21.89988	47.26795	12.88539


55.34006	17.47235
37.19183

58.94075	18.55762
60.08691	13.50266
61.92266
58.44012	47.65288
54.37751	19.05215
1.884634	39.41692	14.86041
32.84982
27.41515	18.95567	15.85139
25.75566
29.31475	17.57376
8.628508	33.04097	29.40973

20.59093
26.64024	36.66292

1.514384
35.0838	57.52271
64.5668	65.98393	12.43054
63.87269	45.34481
34.94339	31.36019
69.23586
5.436318	39.17738

37.69401
24.71635	6.145564

66.0934	32.32315	42.88108
68.56902

39.38459	17.82604
62.30446	71.23734


16.11615	36.96454

21.13619

12.73482	52.18172
58.86827
45.76809
55.04479	62.57979

59.75727	49.08971	59.3814
25.3156
66.36769	5.106794
5.490521
14.14362
38.42615	41.91896
27.37518
70.07664	31.95456	9.023354	46.91864
64.90092	29.71441	2.077681
9.345859	41.09034	71.19834	37.5231

6.652043	7.702673
28.581	66.54545	58.14604	71.05936	22.92399
69.73026	25.99235	59.03717
50.09212	45.36419
62.32666	19.84923	58.81691
10.68354	51.58728
47.21512	43.67357
68.57075	58.46712
68.0033	11.66642

71.28188
8.164172

11.33989
44.87979	38.38498
31.16069
22.56943
6.430791
34.768	61.36543	65.54139	25.78858	2.505191
49.45289
6.731527
36.72481

55.09517	43.66652	62.56058
12.44912	66.02936
17.6807	14.35209

8.560067
9.789366	40.53426
34.77974	30.00702

62.32068	63.92533	51.80919	22.72945
9.791417	9.179482
39.17812	67.9651	37.74307
14.24504	3.418039	49.81493	30.29171
66.65326	69.73367	64.50836
15.16742


39.56749
13.9425	44.33904

46.80484	8.459173
2.107943
31.08331	30.29026

54.38727
6.660813	36.59133	21.52639
18.1055	34.05529	19.2388	4.299673


43.82493
70.72519
10.17993
41.82543


49.94706	49.8693
20.7605	55.37805	49.59074

18.0263



68.61732
30.92002
3.706452
21.15644
38.09351	4.369058	10.66127
66.99156

51.72865	34.33919	36.8907
6.068008
1.657482	57.26058	69.37776
27.9689
31.79538
66.01936

17.39725	5.651031	2.65444
63.81573	41.18086	60.68406
50.92007	27.47036	58.85814
28.92704
28.81521	65.85667	20.59091
34.73136	28.86012	34.66505

24.74872	55.22178
56.23136
15.28764
40.04611	19.4284
20.97257
68.73216
69.22941	17.82851	71.19217	65.75336
61.72903	41.55975	70.38968	24.18401

0.06221195
8.131139
50.6998	67.24991
6.802244

35.2633	30.67161	7.992929
39.42838
59.64687

69.12023
65.36447
68.16774	32.55564	32.53841

42.16238	39.16876	15.2921	4.140021	69.81987
69.23689
69.23498	18.88187	6.332668
69.49011	56.48645	67.43575

32.57677	34.6756	6.353121
18.06312	32.72161
66.07237	33.0253	47.71097	38.23024
4.527062
30.90621	61.20854
30.07102	13.13635
36.55778	35.44511
63.32129
62.41026	2.021008
61.95223	51.50688	60.8068
54.4923

38.93669


68.30688


6.725188
33.00806	30.27325
38.52451	5.070104
44.81763	1.704161
3.850823
33.79134	26.04157	34.84584	16.38772	69.13741

46.23824	40.615	10.23311
57.61762	38.22833	31.16826
14.03763
60.88394	19.99489
70.54993
63.30217	19.10137	66.4052
28.28365	68.58064	5.639949	11.3024
21.45189	4.995896

59.63159	20.79601	38.2493	53.02687

60.86824	67.2543
31.63246	5.365819
35.02245	33.23197
66.2714	41.80956
23.44046	65.94986
68.78263
68.08975	63.10536	13.50009
69.14729	63.01816	67.0435
69.44556	61.97976	59.61381
68.44839	32.68898	44.26262
68.78634	33.42841	61.22991
69.01008
69.01008	1.909965	56.62797
19.44228	67.12705	19.2993
11.51695	69.4788	45.10497	3.791346	39.07653
69.58913	11.00706	2.844279	3.459066
69.16721	1.218482	3.505726
67.72646	63.13017
68.52216	59.36783	11.31245	1.553131
68.12242	65.11424	26.75163	66.47404
69.53659
69.64457	14.61897
68.77791	2.404292
68.59696
69.67985	45.49863
69.38031	64.06064
66.62183	63.19509
67.22476	63.72531	15.98415
67.2243	62.96561	31.1191
62.05846	68.11695	66.37625
61.57537	67.99608	28.51047	55.20026
62.4639	68.54812
63.38344	58.15409	67.11126	49.96033
62.08018	67.11126	22.70912	51.28473	56.32235	69.94729	9.984868
68.71909
68.9527	18.86939
20.93445	10.96098
34.42762	27.3029	13.7344	70.4303
27.40369	6.657117	67.47139	59.851
55.82016	28.74652	6.680512	8.033043	66.45411	32.05705
28.13413
2.951177
26.59579
63.01309	50.94729	34.96542	19.53424	60.93135
69.92789	54.64421	30.43831
54.44392	49.65397	71.27984	19.9243
29.69537	18.70186
66.00263	3.90282	44.33089	30.09139
68.62977	26.73792
9.637686	62.92148	70.63069
29.02535
35.38648	49.24569	5.125962	67.83042
41.33712


9.312874
34.4251	7.724949	62.71339	44.91266	61.31248
19.04733	6.837408
68.37929	5.643169	43.48912	28.47362	33.15004

69.97285	3.485252
68.45199	12.41537	10.26438
67.20061
8.968869	68.45208


39.29179	38.46891	4.977992
15.55864


33.55443	11.01327	2.847471	4.686648

66.09701	61.54676	54.49012
69.71931	9.04815
69.80779	12.84007	34.02529
69.80779	55.57901	69.41051
7.581933
63.66901	30.0463	47.23906	70.43357	12.87743
62.57804	35.58304	31.85958
16.54587	15.46256
70.10286
16.90396	35.67027
55.28215	57.57695	55.03119
51.13878
5.622829

41.37348	48.08646
69.53723
41.9368	68.78065
69.02363	48.38495

27.06609	24.30263
69.68667
69.27962
69.30363
69.53894	5.074088
69.59653	71.23351
69.59653
70.32258
69.84273
70.34775
69.814
68.52301
69.46352	56.98796
69.46352	45.70755	19.64449	3.14815	13.34818

52.60114	51.76732

70.76402
4.199621	54.13225	20.42401
54.77416	31.91461
31.65832	16.13433

69.36378
69.67794	28.85024
70.06441


42.52212	36.15145	67.36079
19.31862
17.16859	20.29537	57.61005
15.15253
63.48153

48.55316	28.71692
63.05659	62.44461	14.66378
62.90057	49.88458	32.15492	23.33712
60.04644	64.23776
66.95872
5.304833
39.60051	16.34516
70.01073	69.5267
68.1155	8.71642
68.79997	4.045102
69.24321	56.93389	59.36194
68.55672
68.8243	41.80057
48.69165	69.32137	58.26422	22.90365
69.80274	1.168565
68.96711
56.96252	55.94704
62.23297	28.70203	12.66803	36.7102
61.59378	39.97542	69.98211	17.10812	27.01406
46.50723	19.67467
66.38824	46.3887	54.86836


49.70807

31.2857
68.15524	62.35797

4.212675	1.889555
70.47829
3.473646	21.08621	16.80027
8.32096
41.66042	38.14932
25.55131	15.94431
3.844451
5.442835
69.26017	52.00617	36.85249	41.92978
66.66641	65.84636	46.31715	64.94447
51.29884	40.86287	40.16512	50.8277
7.328149

11.31821	69.92214
42.18522
9.626782	46.80331
12.65026	21.47362	42.65375


14.8761	58.19599
1.322967

42.84158	14.67889
61.73508	61.02498
66.10366	52.31055	60.77673

6.483542

9.241101	12.45446	9.212443	15.74081
10.5027	56.59324

9.069392
42.56974	32.23695	24.1946
46.32892
39.56261
50.27526
20.69898	2.360543	66.61525
38.96314	56.122	43.11987

36.41369	8.082898	35.10752	5.841503
69.66183	7.470627
26.85563	22.79943	61.22887	57.92421	52.32907
28.00818	5.882861
69.16828	18.88416
68.99424	42.49741	61.72188
69.50687
69.55358
69.95383	14.97788
69.91781	0.274203
16.63567


70.49092
67.2922

39.68746	54.04749	25.68928	23.06315	35.19261

13.8314	4.354032
68.0951
69.72977
68.98838	70.39758
69.15813	11.53751	32.41023
0.7105979
31.21296
56.65797	71.23935	69.06995


29.37742	21.28399	10.90247	50.58705	9.895767
47.20182	45.83145

16.53619	70.87368	14.41117
11.00957
9.275414

68.42497	10.87383	8.377483	6.652782	49.0793
68.37692	24.15076	10.61404
69.66908
69.19621	1.369932	65.55096	15.53626
69.86811	61.51147	32.23935	12.23585	12.51685
68.87421	34.07692
58.32149	68.6081	7.361535
62.59918	68.56948	58.45262
66.90281	60.36168	6.448545	20.30471
61.33687	67.87942
69.54278	8.49933	26.63933	58.56895
57.95566	17.96918	13.47641	68.8162	35.66557
41.55678	68.26817	0.3786791
67.81644	57.36551	12.35207	46.63159	12.24114
29.49522	69.01405	10.50888	9.05586
68.79086	30.52583	51.50809	1.846626
68.865	12.9825	36.94501
67.47822
68.56141	32.54431	21.54439
67.80575
69.20599	31.80669
69.81858	8.720739
68.1172	0.227247	0.6327176
68.17929	63.52183
69.12933	8.912848
70.18932	7.993375	39.79215
70.5676	12.17762	37.23114	30.73457
69.84588	31.8704	7.703742
68.82434	29.78642
42.93332	14.62479	28.07596
67.22809
9.586872
69.06134
69.1007	31.97877	37.73456	58.5949	27.64734
69.46385
68.81381
43.04898
14.38459	57.11083	46.73983
58.10069	49.58915
42.84218	60.64396
63.82985	17.66827
28.2082	17.75689	26.52887

50.40788


40.25511	50.29664	33.73209
40.72628	62.00533	18.16463	12.10556
70.00684	3.408803
68.80825	21.22416
68.36081	60.92978	38.63617	27.5031
44.13138
13.50825
52.13271
36.03656
68.53492	71.2981
69.08068
69.88515
68.9697	22.92359
69.22744	36.50749	57.01002

52.9327	6.508662	58.249	51.10754
51.73194	62.09562	2.562113
36.82137
62.50939	44.68982	11.78912	30.90512	61.82316
16.55319	70.55417	67.97711
61.79827	8.920368
27.96917	20.56871

27.42531	25.10724	50.16288

68.39074
59.86194	13.65427	52.85311	51.05001
64.49168	2.859643
11.02981	25.06028	0.8764327

34.66055	21.8739	17.01298	32.17186
28.39954	61.49255

67.20646	57.88716	51.64149
14.15899	31.56507

68.88047	62.14404	53.29583	62.08894
69.07179
68.60807
68.36306	48.79711
69.42482
69.65629	42.55869	14.78909	11.71381	4.958899
68.5903	44.79992	34.57436
36.09754	70.04991
69.34806
68.44716	68.30476
68.86544
69.24449
69.14737
69.27563
2.831453	68.91148
69.35937	62.23439	35.89147	16.18438	1.054292
69.18136	41.33454
69.74797	28.08401
69.37257	3.538695	65.49278
67.90023	62.89108
69.16989	1.06245
68.85232	51.35618	5.087826
37.27225
48.53556	8.688018	35.00944	25.21409
5.993777	12.29902	63.00169
66.50291	4.636027
69.41429
69.35189
69.84095	46.50954
68.42358
69.794	44.90941
69.64477	30.16657
69.64477	8.022172	44.14859	55.76182	7.475756
66.53197	61.51856
34.76537	22.0802	59.73058
62.02292	65.54156

22.87673
0.9600098	71.17072	30.98646

56.9431
68.01803	22.67619	11.4098
68.2215	27.3075
68.2215	60.41884	2.415012	4.189208
68.12069	58.12905	29.15461	2.593223
51.83466	69.66089
70.3192	29.44384
69.7006	18.36606
10.82759	9.495529
19.6927	7.388631
28.58868	3.424252	1.315264
56.7343	64.83093
41.20481



70.71122
63.0746	52.76267	31.65613
60.73155	50.46792
60.9074	51.64032
64.40756
55.95036

57.35773	64.63842
59.86911	44.19314	63.79269
18.02202	46.46933	11.52899

17.72975
46.97862	51.49534
60.96217	55.46395
40.78474
66.71409	11.94401
69.02918	30.94913	18.71693	25.90954
29.46836	18.08879

65.25454	63.3174	13.39214	10.86203
36.00441

25.75318

12.64942	68.28241
67.49994	41.55143


12.8379

41.8559	30.34744	30.99596	36.33205
40.99643
43.99154	37.49962

67.75214
12.91167	5.182137
38.09018	64.11842	30.19494

28.83001



43.99578	0.4323166	16.70932
14.08611
69.10391
31.67026	11.50638
8.511489	22.53473
38.72949
2.036885	57.50655	30.57607
15.89624
38.62732	63.85781	27.00841
6.645792	36.80265	33.99895	24.98785
59.35473	11.02861	5.894547
55.6462
40.71276	16.2866	31.63101	31.17092
12.39317	8.766798
20.06425
41.69187	15.34002	26.73198
49.82946	3.656794	67.72873
13.57342
69.25978	61.42707	46.48504
69.39833	39.87542
69.37472	2.807013
69.06392
68.7099	10.33685
69.31942
20.13231	3.261197
4.548151	69.1561
67.65352
68.39344
69.65242
70.54076	9.454777
10.19271	69.38837
69.38837	12.74685
69.08916	23.14479	13.22762	67.26488
15.63984	69.25775	3.379025
4.997393	70.12259
69.20888	12.91414
69.20888
70.23448
69.88825
69.60032
69.74937	34.01812
69.75829	8.02254	11.27859	4.346384
68.28682	54.39109	6.428398	16.86178	2.804271
70.0147	14.99017	37.89058	31.54794
20.15231	12.82093


39.32216	13.29707
63.57069
13.3764
12.43386	58.29063	49.96609	69.76199	13.77308	4.715488	34.13466	58.1629	6.476586
52.2584	61.93875	47.97512	15.48639	35.42359	29.80723	41.44037	23.66952
59.95848	26.55042	49.32698	16.05526	24.46559	8.252058

70.62607
69.59391	2.334519
19.94029

35.72016	50.38692	23.47602
56.22015
56.64165	41.09306	23.09199
0.3193688	25.93429
10.58064

69.62907
69.04559	55.59172
69.32977	61.60712	68.80534
69.68614
19.41704	69.01209
69.01209	27.63492	22.62124
69.28695
69.32314	41.35271
12.7419	69.16463	7.807691
5.030723	70.0753
68.91448	13.16336
68.94796

69.42787
69.37343	62.72645	59.37547
67.9739	37.91789	9.865833	23.22096	4.274696
70.09559
70.42503	68.97741

69.35169	62.16632	49.77322
68.88846	12.41158	5.016986
68.88846	12.92634	68.65427
69.91387
69.6345	59.14289
70.23734	54.8543	44.68975
68.79441	60.76343	24.82052	8.181735	23.68838
68.80885	56.61915	69.84267
69.43242	11.91389
69.43242	13.08199
69.56938
70.30629
70.32903	56.24263
69.39273	26.95096
69.39273	35.34647	7.54371	62.17576
68.86532
69.06227	11.17533
20.8042	69.68137
68.022	23.12069
69.37578	17.7627
2.580072
20.60538	14.05185
10.58999
70.48387
69.33563
54.36838
67.7279
70.45528
69.08335
69.79847
69.79998
69.61164	21.93935	9.873355
68.78335	62.41543	58.44804	64.36304
68.78335	58.58301	4.119626	28.1501	49.11399
67.42198	58.68568	1.091573	12.76216	45.6822	14.39864
62.84819
62.05819	49.67091	20.99743

62.46527	46.59893
62.2984
63.70564	50.1232	22.17666
65.84021	21.14954
67.92487	9.511792	16.4551	64.28273	17.46778
62.74987	46.78736
7.66641	50.24802
70.26369
7.069667
13.58885	22.92815	19.63803


43.01584	18.61511	30.97927	53.69584

36.89843	6.186512	0.2214986	10.23468	26.74717

9.140016

61.16548	46.81293	36.9167
61.78372	69.71011	51.52768
53.99831
66.11868
69.32517
52.85329	61.69585

36.44427
8.304497
54.41425	8.882092	29.50078
69.40611	20.92687


69.49246	18.33438

61.39774	67.54288
27.01869	4.741529	56.20459
52.94515	29.89091	29.82904	23.26346

50.94449	35.63574
2.515062	66.83565	20.7434	65.02458
15.35695	3.216224


7.923693
6.103787


55.43966	14.17803	47.09597	62.96419
55.38523	66.47543	64.55111
0.1898212	50.41409

20.10458	6.255841	14.93278	69.3413

68.91898	6.610154

26.05474	5.685471	25.18461	2.927463	11.42931
12.71724
10.62676	67.07203
29.82573
56.21523	45.02468	17.8711	10.34477

58.56928	9.525129	54.4013	65.83368

9.07087	16.79646

10.88667	51.86869	44.94759
35.459	24.93172	10.09882	41.35269
50.76815	41.75844	6.867034	48.45147
6.721981	11.34549	69.10159	9.696579	37.1729
57.29846	30.33573	6.436796	70.15766	8.738454
68.72289	61.08171	25.81059
68.44393	66.23985	6.56822
61.87837	66.49317	23.56999	63.40018
68.92902	65.52568
54.99972	48.69249
49.57325	32.21716	28.2657


69.36674	53.51751	45.98754	37.04493
22.66422
17.71139
6.945894
6.060177	18.87047	65.74079
11.24226	49.7698
36.84455	21.08533	61.17055
34.75251	34.32522
62.594
37.10228	9.473353	3.335911
55.8245	55.79689
40.15137
14.95146
61.15845	26.05943	16.55298	43.6
52.61977	52.33754	8.50209	0.9347181	39.00424
35.04799	8.070974	13.651
20.80745	53.23177
45.96834	52.51394	45.14439	19.69895	23.35353
50.85625
31.03909	24.706	25.23624

29.18766	58.43747	56.89766

26.9071	13.96549

40.76789	36.40609	6.714613	23.73065

19.84842
58.453

12.61756

2.335009	69.35102	62.67038	46.55352
69.48794	54.05172	47.22587
68.2189
68.4392	58.09333	54.97848
68.26745	59.37633
68.93274	68.55604
69.59627	67.73581
69.28	27.78582
68.27772	6.332072	5.553393
68.39893	35.1381
69.22514
69.30431	4.257435
69.01314
69.56818	66.26156
69.0699	18.56611
52.4385	63.10367	68.76781
62.21794	37.12543
60.36055	12.02014	5.365743	65.06759
9.159565	33.8626

68.46838

26.01282	19.38718	30.72853

28.47645	18.44391	6.532177

27.53023	67.30896
37.76507	4.943579	18.34086	11.83625
11.36508	5.388625
49.47708
36.26652	3.895354
54.33118

10.88742	1.647379
54.04514
25.6698	0.448374
41.34731	31.45895	23.02884	57.88406
3.778113


25.30488	24.10494	16.84637	1.395865
4.560717	12.69436	2.993963

33.72131	23.98581
13.40484
28.70787	50.56146	68.85513	61.98742	52.92658

23.91042	33.2047	68.58286	14.31705
38.34337	12.44681	2.506895
68.1942
60.39033	39.96525	2.991412	10.22339
0.3776904	53.62244

15.2968	63.96236	39.04776	42.6321
41.67917	33.36212
22.46496	4.920027
49.93973
49.30582	7.933119
47.22313
65.26649	56.89197	57.13297	17.2592
29.86228	8.360239
40.81967	39.991
37.09465	52.28169

52.81623	7.752903	18.2048	34.43621	32.40036	6.956946
70.1867	12.11901

27.47445	9.217218
21.71947
0.09902123
20.74174
1.45998	51.35321

20.26006	10.44177
16.23788	37.51267
26.88194	70.37001

15.71163	7.946489
42.47068	17.26486	27.48379
26.19933
69.65537	38.86842
69.42675	3.189365

60.99734
62.3919	15.61792
61.71588
59.29527
3.350794	50.16226

45.69792
22.26436	18.19921	16.85545	28.57904
40.45268	1.781866	23.55389
22.95507	12.95963

35.88127	13.56467	35.60833
34.51456	24.42613
18.91183	1.958534	51.74566
14.24628	44.15575

41.43705	25.93533	48.19067

37.0413	8.698366	25.80436
61.78327	26.31815	42.0566	41.70098
33.10371
25.99527	52.7727	5.515877
49.23258
11.126	30.1949
10.85867	70.09244
34.85936	51.00985

70.21013	70.97253
12.16855	70.00358
9.829565
12.45797	23.87268
35.58669	28.82991
29.68942	47.85082	69.77924
16.25417
11.64706	57.43225

12.55062	0.3077837

11.17956	1.903809
41.54052	22.69023	64.82762	33.13893	39.00901	41.0214
71.33878
27.77015
41.31689	67.12131	62.19473
62.02257	56.41288	7.169556	1.191767

2.768741
64.35172	50.86403


6.347386	5.441174	21.04724	13.37697
44.69908	1.815995	41.82552
24.62001	55.8884	5.639336	27.19237

25.04436
59.9377



6.283585

14.45267
37.21588	6.170417
7.245098	55.2741	4.344565
43.72433	39.82587
11.76272	8.985467	20.20395
7.807047	43.45138
4.300705
68.75356	41.09457	33.7398
67.78698
69.61279	10.7127
69.62265	39.52694	29.81831
68.2177
43.40598	23.35755
16.22965	61.59594
60.43716
29.86059	61.01637	6.954997
63.30595	25.46639	66.23466	0.9596125	22.91823	6.417626
50.0916	47.5808
33.70931	44.76558

57.43183	34.46102	11.16515	56.42635	23.71758	57.24	31.76127
61.85233	15.01107	7.102932	13.38804	7.415962
64.80639	4.973971	4.967053
62.88222	70.7876	33.27551
61.79394	62.22289
49.51415	20.02802	23.63332
62.73985
42.0314	68.69113	38.68696	15.44947	11.79793
51.83563	50.86042
52.5121	51.3291
69.66226
69.65489	29.22019	13.80989
69.1837	37.37994	2.188978
70.19971	31.80273
70.13845	21.88891
67.62118
68.57813	22.82929
68.44431	5.882081	4.594323
68.50081	62.30699	45.40561
68.94171
69.44714
69.44034	63.34656
69.33455
67.65047	63.68718	16.98084	51.99862
25.32097	45.70272	69.66938	42.91662	3.196964
13.59839	70.09423	38.78622	52.44169	37.1621
5.283373
66.75155
33.4546
32.6482
60.62299


45.03983	64.02617	63.01276	40.96794
69.0405
70.5434
58.96263

27.34324
24.88554

33.71251
46.91889	21.65449

68.04261	30.87082
16.82834	1.315387

31.13011	30.883	23.58785

39.03377	70.28328

43.23894	2.880452

67.32652	45.16479	11.6328	32.66991	70.75494
11.11357	32.55576
37.05831
8.435022	62.359
34.40078	59.05199	10.52573
8.826231	39.26406
23.9273	69.6233

34.52424	26.15594	25.74115
37.97167	27.88724	0.5679798	20.73403	12.77232
13.79677
0.290686	62.29704
58.89111	10.42471

17.89918	16.92149	69.89041
21.52165	4.92672
24.27777
36.22384	9.979115
12.98463	68.16028	3.835414
47.7829	51.17775
70.35095	63.79266	36.60983	3.927721	12.28017	69.50146	71.34399
24.47122	59.25263
54.87891	22.65242

11.26375	52.06317	6.151197	41.10958	7.988919
63.6631	44.07633
22.67629	9.539352	66.00062
69.80838	4.2262
25.35043	23.49478

36.43877

0.156273	1.047459	61.76808
9.251405	70.50301
12.70545	44.30958	44.11063	55.04934



60.56768	43.56489	52.77768
61.56618	10.6861	41.58928	35.59877
60.0708	46.91689	54.74219	26.74504	51.39307
35.12016

41.98094
6.642864	50.43649
64.39228	5.442728	36.2217	14.48995
68.68657	59.31121	5.804072	41.99313
68.87867	60.06513	44.83083
68.87867	24.65334	60.89695	19.46555	4.614787
69.43663	6.236142
67.96017	32.77187
69.07493	4.089226
42.29384

68.39374	15.42076
70.41522	43.22057	13.12409
31.96464	6.661578	70.11457
46.0526	69.98001	5.279929	31.84746
69.98001	7.857023
69.69571
69.5229
66.55061	61.88389	60.06998
68.99506	53.79946	28.54353	29.72837
69.53236	60.76588
69.71908
70.11286	32.55043	59.443	0.4527299
68.29434	30.80482	61.17402	2.978378	60.87861
68.29434	62.68046	18.45734
67.91464	61.98834	3.025602
62.53	66.70695	51.03129	27.77915
69.09129	60.6157
68.94787
70.22693	5.128956	70.14402
68.76469	26.35434	36.71452	23.16315
32.35184
15.61378	61.63299	1.475609
2.072646	69.80475
69.30284	35.08334
68.93368
68.7398
69.54346
69.7108
68.96873
70.31412
70.42007	21.75918
70.11473	11.53312
7.433596	68.5114
69.63885
68.92881
69.13358
69.39277	7.61836
24.63932
61.36106	30.59188	29.42164	58.27086
59.77841	19.14283	11.45441
60.67774	32.299	50.72753	3.722039
68.10222	20.32293

10.74582
42.42028
3.294984	15.52
66.84061	62.86222
66.12688	63.66082	28.06864	28.33301
66.12688	63.66082	47.90704
62.99553	57.10556	34.13615	66.43542	3.805936	42.25792	41.78626	57.36238	57.15603
62.99553	22.55861	6.48418	68.42663	71.13891
62.60157	65.93233
60.54356	69.09182	17.04035
62.50434
64.94469	55.98108
62.96767	38.68729	62.91682	70.90803	22.30304	50.19814
51.5494
1.188515	59.1992

68.31515
64.0665	15.17029	55.37392	36.70822
63.98474	54.68063	23.72782

60.8211	51.46714
6.961409	5.279773
15.68391	7.604985
66.6546	8.324645
62.4447
31.87698
35.64879	3.307775

40.10149
0.837286
28.17547	57.11283
27.4954	40.91659

33.46065	48.8083	20.52827	54.78929	40.68478
1.811457	63.95459


19.7023	3.581356	56.38356	45.17616
42.67735	63.99354	69.11474
70.417
69.25205	63.07676	13.23512
26.94108
54.74866
11.88519	7.067169
13.26331	23.16624
35.61698

45.44498
36.75653	2.112984	55.73967
47.59773	31.65486	30.23152

40.11974	39.66248

0.1687517
5.217595
14.46173	52.63086	2.691394
65.72036	43.13467
69.54845
70.04991	4.807998

16.80142


69.2748
21.25421	2.700696
1.930281	28.41993
39.24568
38.39833
70.39016	31.48691	62.07437	40.52562

70.37016	15.61701	3.929743	37.46408
70.20111	26.963
68.75127	47.33538
68.96009
68.63119	23.06875	61.2631	44.05416	53.21565
68.65836	64.58641	3.18175
66.82505	24.9651
69.11467	59.53011
69.55653	60.21109	57.56856	12.58649	27.25068
69.55653	59.7805
68.71217	39.29731
68.71217	29.34833	30.58061
67.6291	5.782189	33.91198
68.61911	28.53664	26.97625
19.40731	69.639
69.0982	8.361212
67.81395	21.22683
15.98907	70.2498
11.10432	69.41024
69.75927	2.562313
69.08894
69.66786	49.32678	4.684471
69.66786	19.66691	12.83293
69.25535	25.4016
69.62195
69.6554	44.562	34.89988
69.47548
69.5996
4.577125	68.6428
2.026041	69.29726	45.07086	24.43354
68.58728	45.93925	10.23791	0.2741239
68.58728	52.74757	11.21717	46.35268	28.10113	6.748408
69.36713	61.97891	32.72099
69.33748
68.6522
69.89839
68.66073
68.17932	60.89172	46.05666
69.31721
69.52211	57.92123	61.06431
69.13895
69.519	10.65879
7.170024	70.30519	6.333308
69.36504
69.29008	26.75029
69.89417	22.24524	19.32064
69.09214	16.9271
69.62706	59.26721
67.84578
56.93301	50.05347
9.995395
40.07286
51.72463	14.73896
59.61904	47.10693	40.82277
51.88127
4.735549
4.96286	6.262852
39.63131	32.76366

19.4059
65.41693	34.39621
2.876871	60.55677
30.24447
37.12204
21.75892	34.67799
11.4561	50.03599
34.71456
26.47899

17.17292	17.6912	60.71094
39.44053
34.80719

3.331019	47.57391	46.97449	8.346701
68.51804	61.46882	1.780944	23.08228
62.8473	22.67706
64.30642
14.62408	63.23078

69.04823	24.2676	5.467645	41.03515
48.65295	31.48224	68.90696
68.17129	31.36771
67.49236	59.55579	29.94363
66.56328	59.13782	18.57676	57.02102	56.25601	37.37971
69.54702
70.19413
69.90685
69.76905
69.29993	47.057
70.0214	28.27039	13.94392	4.107178
69.3932	26.50527	14.72014
69.62613	21.07196
69.52937	16.74249	56.58502	51.68007	47.55869	32.8607
68.95261
69.51419
68.71851	18.42546
69.08337
68.53832	2.474972	3.632488
45.22522	48.70796	24.85779
40.57293	19.69436	19.2062
37.04859
69.51706	64.29266	18.75734	1.346437	4.766672
43.20033
62.29012	39.82936
62.91005	51.39251	34.84515
64.4341	47.38595	29.679	41.18793	44.96338	42.51334	49.30001
61.37656	34.15332
66.54413	22.04934	19.72602
62.00738	7.280544	40.69955
61.96391	15.46442	38.69558	52.63254
64.97587
16.70634	12.36651
7.283099
11.44584	5.219266	26.63387	25.81556	70.24187
13.65918	62.35965	7.832569
56.55385	37.5619
70.47681	25.77444
59.66804
62.23676
32.69009	14.8528	0.1381114
4.041191	64.59496	54.42217	11.5045
70.15481	15.54167


13.12495	70.75841	12.63852
21.49167
8.762813	46.98926

64.96501
60.62178	51.49331	64.21395	52.649
67.10425	7.573443	35.73296
63.75748	30.53066	25.96729	18.62337
19.16311
4.00339	58.03367	36.54423
9.809744	54.4054

48.91407	60.39135	47.57717
64.85051	68.76559


13.7902
70.79477

2.06872
20.99373
59.45457	10.02199

38.5886	31.49621
31.25767	28.52811
56.00424
45.96421
33.35592	29.1628
38.05452	70.66373	8.285967

70.09467	36.56613	22.61991
70.57422


30.02555	13.51127	50.6052	9.958749	12.00024
66.55564	36.93869
11.76326	70.6906	9.532389


13.08215	14.48284
10.61565	8.369203	5.59799	70.07507


4.354841
4.102896
23.74216

46.70332
68.73086	40.98755


36.05335
68.81354
4.077203	57.91186

44.16877
30.00568	26.09856

22.27388	8.683756
50.71776
17.0111	59.20302
53.02841
66.34348
53.67998	37.60881	67.06024	23.87564	29.53854
63.44945	38.23939	7.765952	58.14608
63.55753	9.838969	49.52889	39.30982	47.45934	59.00995
61.61025	42.24716	4.032616

23.62514
51.76975	31.03172	21.6406
70.19169	24.07524	54.52581
54.89706	70.20737
55.96527	69.63756	13.43015
69.44653	6.474163
69.25429	36.4945	64.69283
69.38109
69.60806
69.60806	65.83522
69.44229	60.30502
68.92375	25.993	19.78074
69.42279	18.60205
69.24163	39.55077
69.24163	37.8275	22.74003	22.25701
70.39301	21.56045
69.73753
70.10357	57.52913
69.34465	42.14747
69.59462	55.3384	49.68683	2.116553	12.08211
64.18065	68.82181	13.63856	66.83738	7.905829
67.47089	8.105757	52.80138	20.31806	3.073429
68.89898	8.593252	59.92544
69.91965
68.91492	27.81097	21.63667	18.95246
69.51291	26.78869	61.15748	24.27442
69.24657
67.99757
70.32181
69.97422
69.35847	26.74857
69.80775
5.636865	70.46189



70.53168
70.94092
70.26838
69.35598
68.28742
69.75906
68.39885
69.09788
69.2229
68.29176
70.50793
68.99755	5.142865
6.625054	68.27724
69.00693	29.65201	24.11232
69.01851	35.09001	11.16605	5.540975
69.25441	26.50893
69.25441	28.87214
69.76237	8.093088	3.711788
67.03367	11.5279	6.094952
68.6764
68.51368	63.21974	21.5214	11.35826
70.03439	12.73165
68.46323	2.804847	66.43527
69.21045	12.37053	34.05975	3.554597	4.994715
55.61062	66.47794	61.15167	69.9313
69.9313	9.765923	9.360189
69.34002	63.1037	61.67664
68.51761
67.5722	61.50634	55.47207
69.23511	70.0085
48.81421	39.50862	24.60149
7.208019	59.4785	40.31791
17.4891
68.22662

0.1039587
35.83863
36.96387
45.76783	24.19967	48.92325	44.26002	11.36712
23.02912	58.77707
10.62594	41.55025	27.12429


68.88482
68.69108	20.82082
67.69019	28.49866
68.84075	51.30325
69.39	38.37468	36.35008
69.26137	60.36581
63.30279	42.95115	69.87418
11.79088	68.69463
69.80214	40.02377	55.39698	36.65057
69.5916	36.59117	19.9628	11.23125	68.15565
69.48487	50.40127	17.61063	68.33864
13.38408	69.13274
68.29566	71.25194
69.59602	50.10253	60.60889
68.90003	1.170569	0.1033534
69.15701	37.68715	60.51222	39.90457
69.40484	38.32312	18.50624	16.72684	26.47043
69.77365	54.77414	6.818591	42.43932	29.51861
69.05826	62.58622	49.38275
69.50907
68.93718	19.02925
68.35733
69.41042
67.8049	27.00659	37.56625
55.21169	43.33538	59.95331
35.6316
14.73021	43.75149
51.16484	61.71428

63.00725
34.23094	15.76546	19.87717
13.11595
69.7626	62.09927	35.02379	27.05295
29.22314	63.18811	68.17629
51.56446	24.51485


70.0061
5.810917	23.29486	59.86777	43.15067
51.15524
17.6148	4.321225
5.099496
62.32908	14.80777	56.27557
14.51383	70.77251
67.09074



44.5047	33.47922
62.47822

37.62145
22.12827
27.56745

21.16727
58.57448	36.39371	56.19496
15.39953	22.67041	41.38829
17.60298	62.26337
3.243513	6.707178	11.65125	25.1854


17.87962
51.09652	38.20797	47.45575	30.51258	36.22976
17.34216
5.158699	51.54703
53.17412	43.70455
0.6223584
11.5846	70.77714
68.68649
69.99324	37.87486	60.30692	58.71896	36.48691
68.06305	4.524878	17.44155
68.70832	2.812737	48.46853
69.21583	9.833811
69.25895	12.71548	0.9199483	12.45495
69.10384
55.21842	68.8221	7.855981
68.54398	57.37217
69.82464	30.4038
68.94796
69.6578	8.984621	8.469234
68.33024
68.79231	22.49712
70.10618	23.31214
69.72295
28.12869	70.53039
63.3019	68.07097	27.67112	34.71747	4.292213
63.13622	68.68702	58.8233
25.0645	70.11869

54.69899
62.73103

49.10226	30.45594	11.19355	17.84814
36.79691
27.0278
36.95136	30.30292	41.89892
9.850268	57.40004
70.72088	25.6803





22.62086

63.39869	18.9052	32.18641
33.80042	62.3721
38.45794	62.67329	17.98064
45.38225	2.664977	40.67427	36.73892	65.62107
34.67721	16.45808
28.93312	5.112741
60.73425	44.02668	2.130039	32.43643

32.47976	61.08983	66.44586
37.14128	28.16187
29.63776	27.30349

11.34576	0.9477083
68.52216
69.39028
70.17436	0.3818334	35.79555	67.32785
68.75862
68.75862
67.70184	53.61651	47.45824
12.00266	69.57215
70.1461
66.82663	62.33432
66.21404	61.72808	51.8158
63.1824	66.44058
64.45766	66.77786	70.38135	6.733176	48.17839	60.25905
69.79136	12.52947

69.06953
69.52766	51.55771
69.17038	54.72556	12.0278
69.17038
69.12625
69.24683	1.138823	0.393588
11.33675	69.40036	59.23672	32.12661
68.85737	17.17219	9.34194	8.746312
12.39841	63.6037	59.81197	39.83673
42.64938	31.08364	11.98622	50.48497	18.71558	11.65758
40.95494	12.54459	7.177054	11.54183
1.448573	38.6245	11.40773

12.01806	43.61515
17.58305
70.00867	14.44183
17.68376
4.772876	3.028899
6.709834	5.581044	63.3652
31.56431
6.164552
3.222856	44.0293

68.56535	3.329866
43.33803	62.28436
59.45192	3.197884	51.25648

23.59525

33.94238	16.2767
9.986722


36.55352	36.0006
15.69002	8.931042	35.96599	54.86272
49.04799
69.3167	37.62271
69.09769	54.60166
69.1356
51.49107	47.57092
49.50936	67.02072
5.765001	63.04268	2.970343	59.29252
65.95104	0.6155024
66.76813	21.35444	0.3240276	22.4527	0.4366981	45.98114
64.02992	50.2253	39.32363	20.94048
39.16168	36.15374	62.63664	69.60624	45.78627	36.52643
44.23162	19.81167	11.9886
69.4824
67.00579	15.71368
69.46142	3.291558
69.5495
1.273782	69.84738	1.150229
69.69068	71.05066

69.97175	24.16776
69.97175	56.26662	15.63372	5.566663	14.45395	50.19347
69.82291	40.57963	3.107957
69.30663	30.67671	13.90793	25.37364
28.73587	19.71559	54.36018
2.483554
68.87573

66.84158
68.45964
66.49087
69.63743	23.34757
69.33194
70.62243
68.83867
69.16355
69.73642	36.32796	35.61299	11.68327
68.58561	4.909386
68.58968	2.279788	41.49103	41.4439
69.27636
70.46944
69.56512
68.85728
69.90422
69.95921	56.47307	53.79822
68.87109	34.25767	24.31378
70.42814	40.70322
69.35821	19.92698
69.35821
41.26657	70.30768	57.0423	35.85402
69.99363	56.48213	39.46379
57.16536	68.51499
58.16071	69.18055	36.89903	66.87153
68.90547	27.77872	19.38307
22.16494	67.43718
69.71701	10.31471
19.99263

70.1056
69.54067	67.89509	23.81346
17.11313	68.72622
69.13811	6.870329
21.16834	69.87666	13.4379
69.56068	57.24769
69.77403	60.35153	54.72365	24.32392
69.32942
32.80861	69.47851
69.73142	4.886376
68.7567	7.306069
69.59357
69.36383
69.02088
69.89039	3.995481
68.5477
69.28443	66.79541
9.822549
29.69326	8.795957	25.12189	0.5591569

56.71971	36.05844	49.07057

0.2871046	0.1514785

26.98655	37.51869	66.38747	27.11066

61.55493	10.03495	16.99754

42.73553
68.20735	13.03344	70.33792	18.135
9.53243	70.78169

69.16583
67.04248	28.89471	69.57109
59.52272	26.94886
36.71107
65.17092
57.64436	22.96699	52.75566
46.94092
9.89843
48.40689	37.30716	11.09164	61.29593	26.80046
68.26019

4.870852	70.1379	23.93634
13.98163
69.95244	56.81826	1.416311
66.81153
15.75052	56.39633	55.32979	11.00668
39.944	70.89648	39.67077

1.316831
16.21705	62.85871	21.67026	51.11764	24.88329	23.03077
67.83894	49.09489	61.5198	30.37152	43.2756
16.67772	36.04644


44.29274

67.31667
47.01213	70.7269

28.12921	10.72364	67.63447
34.50618


65.3831	53.30217
33.53016	62.17498
1.719336
42.52345	22.46426	40.45584
17.23361
69.45388	60.51552
65.83821	49.34148
58.08776	9.525842	3.320543
62.70516	30.25517	13.034	0.6310268
67.94152

9.564572	8.614422
14.72213	4.990107
22.66523	2.525375	5.51158	7.23094

41.03407	35.9793	2.087922
2.991747	2.700411
27.52976	68.37094
67.62539
62.55057
12.9106	61.60365	54.8155	2.971143	70.47346
45.79632
63.97635	40.23884	27.18203
47.15048
20.04513	11.12456
56.1414	63.16699
55.51879	68.16707	48.65682
7.435107	55.52784

51.78505	56.29449	4.615506
7.367011
18.83396	10.31406
6.040403	37.73707
36.04305


41.07836	0.6896827	28.90913	55.75799
2.376984

71.2663
4.865131
19.42084	23.52605	2.103992	7.135515	8.039854	37.18472
6.170662	50.70926	38.24641
17.81217	40.52556	1.711576	6.836664

38.69865
42.63828	25.12307
3.178623	60.79464	53.08476	62.3612
64.71065
67.04823	61.89702	3.368481
64.57655	38.63361


10.55663	3.551949
64.37971	36.74174
15.95105	39.35452	42.22339
69.53133	66.2756	43.16178	17.20662
69.19545	36.92108	17.8139	67.37646	31.59708
17.47799
54.33996	44.54933	27.23805	40.41741	0.7489387
64.74625	9.276541
45.28739	69.79079


66.29237	25.82052	23.41113	11.94212
13.14688


57.61534

70.47926	5.749343	25.72156	12.99489
46.07641	70.47417

0.09186194	25.62937	69.20072	6.888792	66.55154
14.93147	25.635	20.9812	4.79653
6.825408
25.64089	60.18485
34.07081
3.800161	7.005899
53.53503
45.23229	19.67942	10.36439
31.14544	4.890286	56.60647
1.898245	25.25121
1.4435
69.72878	2.94883
49.53207

52.54618	48.40416	48.24944
42.68773	7.3117	31.99816	31.24713
61.73991	49.24747

4.991868	32.27286
61.65069	69.64614	58.53198
62.5729	68.57533	41.89952
59.80648	53.75986	52.44601	70.29585	50.63995	65.14784	59.60981
62.39242	69.49431	66.05157	8.645889	51.07733	33.1023
61.65585	66.49907	20.25328	6.75003
61.65585	67.50815	26.82537	42.51956	47.18936
62.39774	66.12764	51.50993	53.38689
57.21885	65.3496	24.60776
29.96894	69.59004	11.38612
69.59945	16.10387	56.33419	10.66782	14.8378
68.90892	20.55708
68.71453	61.75585	6.023731	56.88215	66.24209
68.71453	35.63447	39.52829
68.41345	48.19553	3.455036
69.57731
68.77289	12.25632
69.77562	16.06324	68.82043	61.06844	58.00819
69.49563	12.72546	63.82044

63.32033
6.359797
56.16101
12.93294
60.7639	39.82133	59.60503
6.134997
59.96961
70.22911
8.378925	66.51339	62.94718	42.64461	69.97798
60.52695	3.166869
63.54226	26.25838	4.951285
12.05313
68.70138	34.48305	61.4202
5.819118	69.13732
69.99245
69.74659	11.49046
68.67397
68.53488	11.70471
69.75421
69.86242
69.00029
69.91089
69.90521

70.37288
69.6544	10.52087
29.14929	69.70269	1.669171
4.670371	69.11949
69.45903	8.280716	0.1842294
68.29962	11.17476
70.60908	8.333765	24.84752	21.29781
69.43224
70.164
71.03901	67.72931	71.26388	70.94486

69.84909
68.92524
69.9362	21.34753
68.17125	21.67853
69.69003
68.49079	30.36913	45.9578	27.45813	28.82874
68.04269
68.9203
69.66869
69.94258
29.14185	70.07283
24.63782	66.68367	12.57937
69.75942	18.69942
69.50829
70.52886
20.0801
12.07845
30.89569	43.43121
18.76519	57.66981


30.32898
69.1236	65.34845
28.76559	22.7793

69.54126
15.61017	60.02191	59.89614
0.6543961	36.04316
10.42808	20.44104
25.09065
70.03078	0.1655566

22.08237
22.89996	42.8035	33.66396	7.789548
64.84075
34.61937


47.16401	30.72207
43.89835	13.0003
70.76825
70.02243	35.43459

26.20367	67.44998	3.508908
0.5547997	0.5543373
20.20339	19.25493	4.878505
69.72669
47.46399
68.60602
10.04643	7.738763
51.10059
54.54366	36.51213	32.53246	9.316861
26.53542	22.5263	39.09103	15.04807
49.0324
67.14613	68.82512
64.52596	38.54654	28.23235	61.91221
20.30313	70.22305	48.48036	6.049409	15.49153
70.22305	18.51509	60.67129	0.9486704
69.85175	17.42259
67.73566	63.48467	11.66919
68.62215	30.55759	59.96197
69.16799	32.28172	30.56546
69.16799	35.14778	45.3114	16.28169	27.89554	53.16254	24.29605	18.84318	41.13741
59.80191	30.96487	56.64963	69.90308	53.45346
49.20318	69.56027	0.9209633
69.37385
67.85704	2.944795
69.8452	44.63164	44.59695	6.504925	68.3012
69.32619
69.78087
69.62995
68.44218	16.88562	8.958147
60.64556	70.52268	49.20295
27.97019
69.70082	33.22321
69.00857	62.77501
69.55876	44.54286
69.28501
69.44153	26.53429	69.86015
68.97156	10.9427	6.242925
68.79421
68.49039
67.91749
68.15464	60.20672	19.21518	33.18769
67.00817	62.38444	2.868143
68.73089	64.49039
68.41074	0.9061057	30.10097	61.53675	25.06919	60.90323	1.581657	56.64542

27.85846

69.20848	16.07676
68.79337	9.916242	64.89143	61.57566	58.46206
68.6125	15.80951
19.67565
68.10248	12.11297	61.06067
45.92085	67.87813	0.775912
35.41263	69.41523
28.93885	69.23738	2.764201	53.8554	1.902879
70.25746	61.93129	24.70446	15.39194
68.38366
68.87455	63.13382	21.94144	3.757142
42.1859	68.27408	26.34974
45.82419
13.82964	61.57671
70.37291
69.34144	17.83984
69.42139	3.499888
68.25774
56.37856	16.32979	49.24179
69.6056	3.315829
68.69526	58.82262
70.31753	58.43443	66.11629
30.94756	12.74483	57.19069	25.56832	69.31133
29.95312	70.34655	69.90047	11.83698

45.5277
17.78046	59.123	30.63794

22.29992


6.573625	1.492682


69.8356	39.69528
67.62351	3.876839
69.05456	2.496602	62.28133	37.66957	37.09247
67.19654	67.79426	26.516
69.36071	7.37589
69.80206	61.31485	58.08324


5.218031	13.38437

37.26069
62.52384
29.84805	6.512193	19.59542
37.45172	68.9904	5.49842	2.294868
3.296592
67.48034
3.510564


67.54127
70.18169	44.72195	6.831361

61.93848
70.2458
30.28291
4.73124
35.00561	28.49064	18.30158
32.38068

63.80207	3.72213	39.35142	27.35956	4.705182
61.49559	53.1051
60.82809


63.26983	25.09821

63.62266	28.84768	53.42565
16.94514
33.17743
29.96979	26.19438

42.49383	5.700741
19.48299
70.0861

19.10502	38.40252	9.896224	65.7321	9.073122
33.89182
17.36783	8.786919

65.71479	63.58901	12.63646
21.47022	49.56066	59.08166	46.65765	48.01692
10.93186
20.22671	27.0671	17.3081	21.2693
1.432486
24.12257	33.09414
2.933437


61.6156	50.03731
64.61953	53.99778	70.36286
62.78329	54.88761	21.29635	10.99025	52.67875	51.75203	5.294306
66.57378	9.569319	63.14684
65.50375
63.19614	70.61077	3.412429
61.01636
62.13183	70.4819	45.79929	25.58586
63.5873	15.0107
47.98058	60.7424	8.601204
64.01694	55.77957	37.94715
50.13382	20.28178
64.73777
67.36077

21.72476	16.73543	36.09576	59.1827	63.01315

9.489186	62.46976
51.78873	26.7802

70.38645
4.899664	61.28495
3.429903
49.06205	22.37553	24.15621	37.17314
46.34837
44.34705	25.04058	66.24057	62.71768	53.80894
5.569709
7.684986	44.19738	40.95267	21.36827	25.05831
38.58043	4.006508	21.04422

30.98982
63.50661	71.07625	38.48291
51.15607
71.10805
53.83113
48.76975
50.55023
16.20099	68.27267	56.8702	33.76914
33.61097
65.51225
14.83549	35.50495	12.2792	68.56553
30.71772	69.69379	3.152248
39.19421	10.93722
63.4836	8.997772	41.46629
69.35327	66.96383	46.11818
67.69969	62.75068	49.18363	67.55318
21.60785	31.34124
13.24758	67.83429	39.40055	63.79441	0.3716041	32.9075



12.75468	5.058437	5.80061
37.64399	25.60408

25.39193	14.13538	53.1173
24.14742	71.24058



43.89997	18.43761
62.8933


48.69208	34.97918	41.63961
68.72654
70.20655
23.05787
26.25728	33.51387	33.46863	64.64016	14.41077

14.03216	60.83609	56.92938	51.6274
27.99455	57.32982	68.64853	12.23524
34.42554	51.56324	67.96806	0.9934808	12.48965	7.272322
69.24322	2.924943
69.82313	7.403873
68.07672	17.35321
4.30421
60.62613
46.56393	9.162902

37.82555
51.7346	43.39025
28.06205	22.6044
35.53549	20.81867
40.42697	34.9396	53.05435
1.381363	52.58374
64.17844	68.85473
62.86396	69.19713	70.49558
56.67208	69.19713	1.597899	28.38152	18.38141	34.28365
70.13005	66.44907
70.13005	26.62897	10.70696
49.38119	69.55216
17.77718	46.19623	70.45736	42.77288	22.77251	8.223829
67.85425
68.10633	70.69515
70.08138	23.61264
71.15127	69.02926
69.50364
69.51563	27.4409	20.69221
69.70807	26.62709
68.95678	5.320859
69.32323	38.70601
68.55477	19.81815
68.48384	63.55634
69.24082	66.48274
69.52676
59.58421	69.47589	57.22263
69.47247	10.28032	62.20208
68.73177	61.0187	46.40964	67.30602
70.14874	57.45539
68.95568	28.12726
69.07133	2.658006	58.03424	42.60793
69.5601	24.19244
70.04074
68.42002	61.20007
68.477	4.586515
68.78927	7.752391
68.40836	64.61072	54.37422
68.68253	67.40113
70.04814	9.729868	69.87909	38.74834
68.99697	15.86607	3.133276	66.87031
68.02447	23.96784	1.135619	57.34876
69.48733
69.58539	39.84012	21.72594	54.17374
19.74437

11.36815
67.5303	17.01018
67.14724


13.82522	10.59357	33.50237
37.02411

60.04368	6.989887



38.7119	35.24688

34.20535	3.363599
0.7350082	21.24632

58.12155
26.38978	69.44075	25.90844
21.71013
58.45972	55.64946
19.00687	13.44352
18.8063	34.96327	18.52947
7.051777	69.38658
69.38658	62.92216	15.61542	2.622354

63.61333
13.62014
5.908799

15.15176
60.20784
69.18033
69.00011	32.02411	35.57771	21.23871
69.26636
68.57674	42.42068
69.10726
70.30371
70.16678
69.52055
69.2381	2.51797	31.78741	31.47726	30.13326
69.4238	19.26481	61.9877	4.673826
69.56718	7.241618	15.68405
69.56718	7.912518
69.28352
0.8130244	69.11667	67.26561
68.37163
69.18343	11.92406	55.26827	32.08491
69.50326	5.251161	13.75803	46.93654
68.48037
69.47626
69.85249	18.7957	46.3281	34.14749

68.14713
65.50456
10.27158	56.93776	3.353365
69.86203	61.64827	53.12498	53.45048
69.57511	34.98888	39.89056
11.16647	48.7359
48.82056	44.98654
64.86056	50.9708	56.3563
36.57824	62.64572	7.698272
62.94311
68.14448	47.70126	37.51988
69.59779	56.123	29.55427	17.69022	21.60108
69.02791
68.89671	13.38731
68.33506
68.53702	62.55124	65.85114
68.91601	26.50618	60.67832	50.29743	16.24477	43.19228
58.35857	68.8582	46.65991	38.2697
61.65858	67.77109	47.37851	15.55656	20.3592
61.31231

68.11788	40.33678
18.12695	15.30097	9.903602
11.72798

36.6712	9.311505


41.28701

23.85658	29.31076	23.51801

65.65542	62.50616	13.96142

5.301684
17.34374


63.13252	33.54422	59.51601
12.58908	31.33493	30.09366	9.099358
17.17453	70.84734
11.10056
68.92819	39.29538	68.17287	3.91601

70.94564
26.82063	3.680933
1.432406
44.2809	69.18729
61.671	58.17572	11.63054	33.71497
62.56017	49.52286	69.71794
53.43964	66.69085	15.9363
35.18549	68.13765	57.40404	46.79212
50.74103	44.63835	38.09306
23.19397	62.91523
38.95252
34.78778
61.76819
12.13265	2.727389
29.13904
47.1483	18.49667
47.23562	61.7517
2.421493	64.5905
3.038781
9.798069

57.67787	67.17511




17.6496

11.23069
40.47186	35.38604	69.32561
11.32304	56.65107
12.57705
3.204818
14.31221	46.11479
63.22903
54.15541
44.27806	68.09081	43.23472
19.41016

70.05672	37.07644	26.90004
39.43736	17.76437	52.14292	62.92215	27.05877
50.89	11.69897	41.9846
53.82042	44.26701	8.070547	9.464597

14.46529	11.88701	70.24329	25.25176
27.32669	70.33405
25.65459	17.0807	12.68309	47.8283
65.62451	2.049932	46.04564
51.66402	50.96943
66.68212	59.15917
69.911
69.16605	7.172876	26.24597
65.8871	69.65894
67.52478	63.50985
66.17524	19.3571	60.99386	11.60641	2.300136
62.04901	68.90053	50.29323	11.58677
62.04901	43.31718	66.3451	24.3657	55.46308	41.9322	61.67656
61.65377	68.05833
62.05935	69.51515	66.37236
60.91589	67.66676
67.7932	61.52176	6.192241	20.69052	1.687947
61.14458	66.63123	21.21621	7.803608	5.053795	2.113975
62.44144	30.51493	69.03949	11.93516	65.9697	49.20011	2.569373
68.42923	4.713142	60.53611	12.59203
69.13416	64.0267
68.396	61.62979	22.83956	12.62184	3.204182
69.35424	1.846096
69.83134	9.917259
68.89087
69.76254
69.91837	33.78026
69.46424	60.19725
67.35347	65.16489
67.98817	59.84327	58.28304	23.01577
69.86179	68.01029
69.11038	6.885243
69.1457
68.00815	53.68852
69.29881	61.83157	12.59929
68.85064	45.18358	26.41203	13.45468
69.33175	38.93908
67.93615	61.22289	51.75484	11.32637	22.63253	11.80281
67.93615	61.44833	21.74658	50.88419	60.93165
68.17928	62.12545	53.50582
62.96513	34.96552	60.76536	11.66297

7.759655



22.1244	3.247795	4.718619
34.11938	51.19182	70.70396	65.72747
21.2878
35.45094	17.53527
36.56639	42.35578	60.70217	63.19991
4.505239	68.60062	0.9048036	1.546728
0.14903
14.10894	1.144478

48.33921	25.71385	36.74723
51.5433
54.47316	13.30567
59.49956	10.83345	33.35741
3.017301
70.62267	7.115018	27.58741	64.09852
31.15476	46.7422
55.89158	29.93216
61.66363	35.01344	10.67796	8.142881	0.5769975
60.60167	7.737767
67.09082	5.149919	63.62143	4.185709
64.93055
62.61736
65.72192	42.93304	68.64439

50.52007	56.14398	62.64518	14.36144	8.655935

71.11384


1.737504	39.79497
26.35155	25.81775
20.6302	19.35528	65.29973	61.56493
7.696818	44.16736	31.28537	0.2940855
12.28835	38.7439


8.910727
18.19533	69.32326
2.808925
12.98281	11.15516	25.91708	9.438743	16.64897
28.36824
67.9349

39.2241	15.47532	35.65557
17.95643
29.61769	59.51407

16.64498	21.19007	66.26626
18.42496	33.62581
3.837269
37.80455	9.149836	68.93111
57.04212	26.1066	17.89611
40.62747	68.65938	27.37087	65.88765
51.52886	30.03739
10.05966	0.1790857
21.7117

18.88	1.301181
63.31227


53.68895
59.8464	17.36763	7.324472
69.39061	3.91011

38.80298	63.10807
69.3172


5.580396	60.12125	55.86228	14.98356

51.44436
42.65764	1.433072	23.93067

37.4782
21.3977
2.489637

2.166071	33.99306	29.3058
23.76437
69.62514	0.7571097
68.60709	61.21629
61.75985	68.41482	37.68282	23.76561	21.89657
69.03523	10.63692
59.11721	40.58817	0.3664315
4.286255	25.97266	9.96868	33.05559	9.663475
39.86476
24.65322	17.65986
42.48204	39.02216	19.18803


13.78724

52.16955	7.507784

69.24519	64.64315
67.49966	10.61963
70.18098	21.72197	6.809746	17.47148
60.00335	36.52777	20.76136	18.81596
62.73477	70.33667	37.14758
62.73477	56.6457	11.93732	41.42025	66.99832	55.48225
67.77281	69.73175

69.98077
38.57914	70.53122
63.04478	20.28337	64.98143	56.22624
19.9261
1.720775
15.82871	12.85459
0.05475405
9.82031	1.683446
14.71021
8.998614	63.73487

16.23848	69.89856
48.47202
41.78229
45.40845	62.63869
58.87665
41.23823
45.65954
59.31895
21.17746	5.814355	65.27209	14.08582	14.66445

63.61222	59.09769	49.97936	67.89145
53.11898	60.93566	39.03092	19.60964
48.64478	63.27183
47.83616	1.593695	23.20241
68.14131
67.91677	64.70074	63.1269
48.5662	50.35515	36.2893
69.08496	24.14862	7.103989
68.43258	63.12799	9.485494	57.905
69.47874	45.50028	41.76381
68.84573	62.75286	4.682086
66.75717	61.70107	60.97764
61.93973	69.49839	34.20867	68.31654	14.55458	36.90947
61.16149	71.01636	26.37714	68.7065
60.14057	68.7065
63.64264	68.96602	26.86057	30.0304	61.78547	6.477965
69.09685	63.90326	30.51958	15.83762	48.50816
69.00353	61.65289	11.25778	33.405
59.91525	67.46541	36.03433	11.87485	54.33885	27.53172	34.75761
61.8688	67.46541	34.00645	27.46125	9.007666
61.8688	66.31902	49.91495	35.23209	71.10319	35.82651
62.47876	66.59984	9.316891
60.97227	65.84354	23.06463	8.198442	14.73256
60.11793	69.8099	24.38528
62.83105	10.10895	60.55919	67.98555	7.825932
61.06387	66.77275	65.32323
63.47091	69.55045
62.11685	28.43495	34.23362	21.44591
64.61842	37.74329	61.74659
62.44365	54.52996	7.276065	43.50484
63.21925	12.31695	49.55805

26.59959	31.97859	3.470442
42.40042
2.962338	56.6862
12.27712
68.21021	65.82445	64.20845
36.20469	7.562434	26.84072
3.284023
3.580665	33.35655	23.52903

35.22064
55.21885
6.663951	25.0413	67.52523
0.2495321	70.45236
69.77834	48.07612
52.47511	32.40846	27.46183
69.46031	59.05343	63.52747
69.0506	62.02545	54.58182	45.97693
69.0506	60.95988
50.503	69.7396
41.6679	23.32855	3.98257
29.98016
54.75143	47.69602
31.54664
51.7896	47.67638


8.210221
60.86844

43.40665
5.337508
68.19265
30.76691	26.90867	66.59667
12.09719


30.90519	4.393046
2.087051	59.22986
20.91792	16.34598
63.97618	12.48031
61.44364	35.85253	29.08812
70.25276

25.95013	12.63544

69.62703	36.13538
7.072202	69.52293	67.9723
67.44763	3.134764
69.66109	1.767399
11.46984	69.68959
11.1455	70.11176	69.80664
8.011104	69.61286
7.902917	69.74438	52.0466
68.15407
69.25765	0.06792966
69.25765	39.34263	31.26597
10.8658	68.34348
70.10115
69.60609	42.6665	6.160183
69.87901	9.949617
69.58988
70.23629	21.05936
69.40085	60.71424	50.23176	47.2309	49.16202
69.43802
68.77742
69.6015	61.34169	59.74159
67.12427
69.16805	8.353497	47.34106	60.03671	58.7189
68.52692	26.72397
36.97226	70.63127
10.57344
53.16716	12.31166

21.27118
56.64816	20.60892
53.89513	61.80896
38.50943
56.26186	47.36992	11.7405	44.8109
63.66267
35.7888	25.69223	69.34527	15.24267	64.78578
51.66157

16.74748	70.17387


20.96336	7.190479	24.70659	22.01605
10.27295	47.80165
61.88905	17.37878	57.9274	30.48378	45.33527	9.659992	37.66944	26.88489	29.16275


14.12996

60.38297	15.82816	16.44553	47.66331	41.76766

57.79899	2.884957
24.72956	48.31402
63.80502
31.25395	11.24974
58.21871	48.38997
64.07346	11.97451
66.45604	58.68227	39.51216	21.8774
67.74856
13.85165	47.49052

11.39045	71.02928
68.07932
69.98457
69.73674
69.65156
68.14068
69.82445
69.746	70.48678
67.95764
70.42633
69.81371
68.91204
62.85683	68.47856	50.63117	60.11737
67.3687	52.25466	28.4996	35.87595	45.89502
68.89757	45.95732	3.245455


44.10587	8.508417	1.343678	3.81283
42.94148	29.26792
8.976752	54.90489
69.60127
67.93219
69.07929	15.79339	39.73407	38.14987
69.45468
69.45812	66.85736	66.30122
68.25708	61.78074	57.7148	35.1071
68.93517	51.01018
69.13072	41.78676	46.86235
69.37806	59.28859	15.90999	14.76392
68.67932	62.54269	45.75283	44.11048	49.51801	50.25444
12.04039	69.50188
35.03933	69.50188
69.35113	18.36107	61.87103	3.619698
2.176475	70.36185	51.29454
65.92407
67.8714	10.47076
68.9831
68.65689	25.22658
69.4074	26.60319	1.536539
27.92641
39.0235	69.98519	63.33119
67.65917	14.33938
69.44204	61.30632
69.25862	54.7138
68.89354
69.16501
68.04552	53.02479
69.43817
69.41722	66.77971	6.023074	0.3576554	28.75008
70.745
13.35316	28.97931
68.97397	56.55434
55.44544	54.09148	50.96376


69.66013
70.1034	14.32094	20.36847
69.70162	1.462532	0.6598002
69.44778
69.70427	11.90003
69.57594	63.56211	14.49161
69.24902	60.38266	2.415234	58.06696
62.05564	41.02272
30.7739	65.41329	20.93127	34.85352
15.83527	8.191201
5.620385	71.32496
64.93852	38.83601
68.40853
51.5665	25.14173	1.42501

39.26891	23.11017	36.25987	70.12109
55.05705	41.10343
55.04418	9.240973	1.640235	6.32681
62.69506	7.107099	52.83054
62.11071	36.73275	36.0484	28.29441
14.05697
61.80843	45.865	48.20572
57.93534	66.65276

63.57364	1.53574	68.63763
68.77672
69.7838	8.328542
16.85592	68.397	67.84642
69.16652	31.04524	60.64288	3.554017
69.16652	13.57482	28.84451	28.47941
43.58836	67.9262	34.44071
69.22048
69.87437	29.00989	21.37488
69.87437	27.27966	26.09628	2.834739

68.29147
24.81856	69.77413	21.83078
70.6149	58.74652
69.42331	61.8693	19.21136	14.11417
69.0613	35.41891	5.582967	28.89291
69.54252	23.68845	33.39211	15.14282
69.47141	26.74484
69.86698	3.07856
67.45504	24.52512
68.96292
69.13243	6.026194
68.89949	5.395538
68.1602	2.48262
68.42019	20.12502
68.86991	14.02116	25.69376
69.48318	41.60542
69.55428
69.22659
69.51224
69.45148
66.87554	18.42448
56.46037	68.39912	17.75433	11.66743
67.55144	64.09929	51.87329	70.22778
69.73769	11.96669	65.63665
68.63573	3.262961

70.05937
67.50739	35.17374	22.07405	61.45042
69.4311	6.932534
68.88876	13.95704
69.75561
34.49064	19.08849
14.90665
7.915093	3.80935
23.00431
59.85206	54.19225	50.71072
62.50663	52.84312	10.17783
63.85246	21.75481
68.75658	12.89565	63.09771
69.63854	56.28049
32.96629
60.25399	58.29344	53.00136
62.63822	40.9695	38.82267
7.16846
18.01341	58.35148

43.1306	70.67889	11.23269	1.725439
34.25143
35.485	32.11075
20.55536
19.80041	14.68408	45.74285

17.98536	59.02507
9.02398

15.67034	12.18354
52.18188	63.84755

33.55236	23.02529	17.59908
3.789236	15.87599	56.5352
44.56422	10.28765	51.65783	45.45231
26.54194
7.165151	4.453831
27.21735	14.41063	14.35783	35.20259
35.29195	1.744648
42.34898
14.89577
49.08257	48.33092
39.91989	33.14035
59.34242

33.46566
33.60472	23.28744	32.41959	13.44091
24.34262	22.18389	21.14975
1.138873	25.29461
64.19433	17.23572	10.60887
0.03786302

10.49711	56.40084
43.22282	47.69923	65.04495	23.08323
4.913654	63.10695	0.04021129
70.28172
55.93432	51.12631

31.92076

28.84807	68.49728	28.49354
69.5469
69.48806	49.13898
69.7284
69.64097
69.61894
68.9237
67.98784	12.02695	10.57839



28.601	17.05989	23.15275	14.3208
0.07419962

66.33777	48.25524


33.88739	16.1914	25.73829	60.13803
66.05682	1.764763
70.89075	63.18852	38.82912
62.87657	13.69901	61.96506
60.69282	56.10219	37.5328	38.41924
55.35987	46.17645	7.923211	7.65683
26.83411	71.17961
69.36229
38.62286	14.17956	68.88274	8.257614	7.292328
70.17786
70.44132
15.80495	68.34297
68.48141	36.40616	8.221196
69.09576	11.21428
69.24242	61.02529	38.48817
69.24242	22.56743	6.174712
66.56118	61.56663	53.41984
63.4307	54.57391	7.929799	54.54721
69.50713	1.093311
69.11535
70.19664
69.34869
69.31061	69.21133
69.13361
70.1666	8.388725	6.567379
68.18527	26.86732
67.37631
69.67283	4.494393
15.88699	68.2049	0.2088551
4.161217	69.57381
69.40616
69.40616
70.41672	16.29033	59.12704	9.198278
69.7565
69.55316	18.90767
69.53945	19.46672	31.15001
69.27926	18.51174
69.01596	63.66664	62.01667
68.77946	29.84204
34.85356	68.60213	0.727535
68.60213	9.561108	63.39886
68.60213	56.85608	35.17132	7.789036	43.53422
67.66271
32.6554	17.17019	14.34075
49.18422
48.42444
3.908572	1.692272
14.26314

8.63314	14.50687	41.12595	34.05613	30.95826
42.46921
49.17515	66.76406
9.688189	30.30143	0.06426209	26.45436
17.64297	43.01429	59.6928

41.55736	40.12706
15.62854	32.94973

70.34659	59.11998	11.27142
6.662975	66.07744
54.60673	3.413491
62.87061	67.77551	46.14317	50.6448
65.69363	17.71466	5.005137
61.50035


25.4071	53.42048	46.16174
57.19441	18.74804	44.60334	2.661616	9.631082
34.21504	28.9177
28.53989	16.15866	0.27883	51.80473
69.00782	61.34344
68.26407	8.539066
68.41892	50.83178	15.8792	3.596805	5.000658	2.461209	33.32742
10.63513	68.1222	9.28395
69.34918	32.33532
70.00376
69.81558

39.87013
42.3288	50.03668	61.74497
46.08257
41.49691	8.808254


26.31973
25.94551	70.694
46.98272
69.79303	6.01463

61.0364
63.7919	70.25489
58.27136	37.11119	7.182244	32.26364	11.27843	7.894626
20.41664	51.97641

68.13568	37.25213	57.05307	50.43124
69.20503	64.22466	55.19539
68.61881
68.77296	0.4550938	46.77133
68.93872
13.82636
31.00598
1.203123
62.10311
57.35454	27.48585	18.33061	17.96087
29.33108	20.27046	35.78866	45.86458	69.39943	37.05306
66.69861	23.76084	14.57496	61.38303	5.733035
64.60069	23.17852	23.52628	39.87756
61.42418	10.64958	50.11095
62.77807	43.77295	65.67219	36.52638	67.67241	13.67328
61.54898	28.63525
63.41057	45.11772	15.66978	13.21144
4.914089

59.95832

42.07763	3.824352
10.79777	1.181754
64.37656	70.46092	51.98083
34.94602	3.755076	16.21664

38.64938	28.17972	3.78733
66.87055	18.29198
29.95228
29.91537	41.12637
14.84469
28.9532	66.85298
51.94153	67.31679	26.64594	50.5924
70.16198
70.69502	0.1449512
66.49458	60.73849	5.33666	54.75731
35.45197	56.63827
38.92758	18.71299	25.52513	25.31335
56.97554	67.68208
33.58173	12.71709

17.84714	19.40673
59.19725	25.92417	8.679558	7.965083	43.43222
8.300534
67.07654
32.91757	18.89635
20.31077

16.77339	10.53112
23.98158
59.91818
58.05786
13.20241	32.68367
9.675305	67.15236
6.034777	43.68153	52.95132
41.54723	24.17018


2.352973	48.43052	37.73758	63.95215	61.60134
63.88324	62.20188	41.70926	26.72185
65.51899	60.94414	55.76681	21.34186	1.220691	33.63942
61.15119	27.62185	68.3682	21.37008	39.82788	25.62425	29.05157
55.78953	69.21996	9.367946
60.57255	70.54719	26.70204
69.677
70.08702
68.82651
68.95499

10.10518	65.20127
16.70392	68.26652	49.41691	9.369577	13.94603
9.064459
8.307388	56.88793
70.67923
33.92072	66.68534
15.30149	47.44581	13.56253
60.76979	46.65653
63.77519	0.466426	68.18493	10.15082
60.75508	7.959352
60.52269	50.60007	47.90456


3.398296
66.36143	63.73985
68.68915	59.55543
29.21113	59.42107	53.93372	1.019127	23.23178
60.79947	27.39328	65.99539
2.34473
39.49086
27.45452	44.1262	18.85126	30.45293	40.37439

3.775784
70.13697	61.4941	59.08234
69.8184	54.20787	22.03133	3.353116	33.75986
69.8184	54.34561	4.721609	53.30938	40.48664	15.32868
69.8893	28.08069	8.160377	7.124085
69.65275
69.86759
66.76975	63.20586	40.48483
69.32552	8.92746	48.31663
26.74472	65.13272	1.858405	8.597053
68.96572

65.15927	54.68621	9.66456	9.196665
69.91246
30.76532	8.264897
46.12227	32.46334	27.50613	16.86891	39.02915

14.46337	11.59347	41.33341	70.49834
35.20423	70.03616	29.1095
56.71695

14.63089
0.4130077


2.598187
70.14773
29.81601	21.95908	3.789099
69.70144	1.178739	40.04767	39.08116
25.0134	15.25561
27.47899	68.04216
70.14692	62.19618
70.01355	28.61689
70.38553
69.47934	49.48864
66.89165	13.18998	66.74167
69.66481	15.37278
68.73602	30.57339
70.3127	2.443808
68.6018	35.97854	17.06553	0.8964132
68.98256	51.21649
68.98256	62.30567	38.97263
68.98256	30.07125
46.31277	68.90381	70.61544	60.81108
68.4858	41.68532	1.504298
68.44383	19.16993	17.19213	12.66712
69.93573	5.314423	57.1607
68.81756	1.423503
69.92598	6.482911	4.182438
68.48039	4.491723
1.116492	69.3718
8.710198
6.002714	66.31595	64.04638
66.03552	12.51151
20.34492	69.56264
30.79554	69.64693	1.226317
32.76874	69.64693	18.14627
67.7541	70.25898
67.84038	64.51356	45.27429
64.22046	61.44397	70.29518	58.98316	29.98008	32.38625
69.78568
69.23542	59.62538	7.955925	5.869559	4.986353
69.53655	23.26283	37.28093	32.12293	24.48951	36.59815
69.34871	17.69905
38.333
23.46883
62.37421	65.93747	30.62273
60.80267	29.55699	57.47854	69.62856	17.89936	23.39065
59.71613	67.97147	51.52166
69.6409
68.65892	29.50802	23.8976
69.8531	20.09282	3.095051	8.472958	1.301064
69.47126
69.90181
12.97834
69.50238	20.59371
69.7817	68.36284
69.28382	61.22672	57.88315
69.08041	57.73547
67.94339	61.12109	66.49574	41.81323	54.19117
68.12747	62.27104	48.1056
66.32288	62.98247
68.67069	62.398	54.27543	35.62152

66.73169
67.19251	65.57309	67.81139

50.86134
22.21082	29.63393
52.38241	33.22097	64.70482
34.25194	30.15767	28.58042

16.934


42.51972

51.23273
38.93172	68.07684	33.35407	19.82545
11.11453	8.607632



45.66887	37.95641	14.38265	70.68108
11.03223
41.30698
37.84997
15.30224	32.73379	59.14977
13.32627
57.62472	12.83341
22.66491	69.45258	18.1549

4.5031	1.382388	31.38739

66.90956	10.61429
69.55565	29.94745	15.47402	14.20381
68.0579	49.80571	61.60613	41.0567
66.77897	61.60613	47.81701	9.903513
67.39775	61.75836	16.31808	45.83816	32.24025
66.78936	62.08215	15.99699	1.882034
64.10572	65.73552	69.43906	65.70438
30.3968	65.76002
0.4811495	69.24102	26.90368	3.006041
68.90153	13.47033	53.67367	5.161121

37.78418	65.07221
69.81152	68.43849
42.26124	30.50505	24.0389	20.35499


45.72175	66.06915	3.534327
7.561504	28.79928
26.55651	1.260582

14.30459	6.633023	0.7999733
69.09598	62.96943
69.96733
68.48043	66.59525
41.32783	68.5451	32.47741
69.27156	8.594471	62.13601
62.13601	68.99426	58.38615
67.42976	61.08319	48.59954	59.25369
69.04487	23.56565	16.63333	15.22536	9.287243
49.85354	17.53157	0.2587257	0.5429509	68.10552


20.45995
19.90597	50.87702	13.08626
65.94538
60.64664	63.55717	12.54655
66.44383	1.139654	11.05547
31.0647
54.06933	50.61124	28.47094
47.29461
7.752283
11.95258	50.015	6.78812
69.53999
25.94829
37.25537	39.74268	69.70159	1.455729
51.25436	47.45092	34.56289	42.07027
3.036643	69.91261	20.16342
2.817487
19.59088	14.93706
66.20221	57.06899	54.31343
70.92133	62.47158	7.688681
10.30348	5.912521
68.53835	47.22898
57.37199	9.50951	49.42283	48.30583	1.771594

47.11748	11.3728	30.72255
69.97087	67.78663
69.42214
69.36131	38.95424	20.75781	38.11596
68.20173	15.09343	13.20612
44.56087	43.26647	67.31743	71.25583


35.61635

4.335836	39.26937	34.30316
28.83785	0.2650259	21.37482
25.72728	17.32579	1.086599	24.82334	14.66543

54.86991	13.56534
54.85808	23.90716
58.45797
56.39115
33.01192	49.97917	25.09598	26.6355
70.25062
20.11013

39.49684	33.10467	63.73777	29.62096
47.44861	29.40309
65.28727
60.82107
65.53779
60.6364
45.57172	52.35939	31.76748
45.6407
23.20696	9.057073

20.53014
36.45947	7.769584	24.18304
52.60511
52.55055	32.80246	9.122935	3.788125	47.87418

41.35261	60.4626
69.16609	36.38797	64.96747	35.94707
69.46607	26.00631
70.22446	9.410316
69.46321
69.54523	15.33169	57.34511
67.98906	25.97898
23.96638
35.93412	68.97781	58.81669	49.07768
30.34782	9.7139	28.51081	26.68306
46.17454

48.63231	14.00524	25.8262
10.74972	2.048593
45.79963	41.30497
70.07275
69.33164	8.620821
68.98936	45.62726	21.1655	10.78347
69.69092
69.69092	10.76344	5.304943
68.45411
68.80674	62.1739	47.47478

32.12949
18.22455	17.08901
11.74468	7.794482
15.73793
55.1473

61.89499
32.38055	6.119081	70.25906
53.07304	10.50718	58.93839	5.747593
25.51098	66.65518
15.32584
8.497418	61.81204	5.791621
27.10812	38.34062	27.01987
1.664371
49.16473	30.21209	47.81137	20.90209
33.68021	30.07156
69.115
30.70213	0.844475
5.745037	23.75073
14.47889
51.97773
29.88473	10.40948
69.5522	62.07865	57.22968	50.03034

60.63695	48.99221
21.81878
60.38166
44.77434	23.61698
15.55318	19.76045

14.43175
67.96666	62.04835

44.17314	25.45282
21.24915	55.37306	10.79768	24.17579	23.26178
43.66001	45.21992	3.68167
62.2194

67.85071
16.97795
19.06872	59.28292

69.05776

27.34765	67.41016	16.64093
67.99226	63.21094	46.91476
67.88727	13.83199	8.096781	9.289219	44.72472
5.024115	34.35742	4.959227
60.58906	50.19695	10.93277	51.35512
51.73667	8.148076

68.48609
34.99481
51.23949
27.7626	66.6848	14.03237
69.46866	55.81806

43.61262

62.37911	67.35748	11.65453
63.8647

51.58173	45.147	66.95648	30.22479
37.30893	10.46589	62.10886	30.15097
46.56758	13.78996	12.82149
2.125079	51.99863	38.31428
30.68809	51.67294	43.22308
63.10991	45.61079	70.5165	44.69094

17.13175

26.96085	1.840377	11.85743
2.451762	62.75899
70.70259
69.54467	58.04203
68.41062
69.50025
69.45781
70.18209
68.33467
69.37758
69.78654	11.86659
69.16121	58.40846
68.29457	42.07429
68.38516
71.00852	56.23982	50.4936	69.19981
69.56426	24.60288	1.611764
6.869344
19.33445	4.715194	13.97968	54.51831

68.91103
69.60286	28.3332
69.00746
69.30808
69.22376
68.12025	61.90577	9.247312	53.54706
61.90577	55.28439	67.25262
31.00897	67.94808	18.48748
68.87749	44.00634	45.69452
59.18495	63.03666	60.51864	68.98789
69.17526	3.141029
8.743077


39.78732	20.28989	70.20724

16.50226
28.46703	56.79732	11.29267
65.81281
50.53252	40.40769	11.6649
54.38363	20.14221	2.130099
18.466
65.6474	62.30623
63.98623	39.97701	46.09094	59.52193	44.76203
51.25321	63.73168	60.02148	47.79181	57.17338
69.39918	23.90901	50.41696	63.17617	15.5114
63.61608	62.86452	36.07946
59.80521	33.54413	70.98012
56.12721	53.6932
60.9965	70.15753	14.81114	60.31263

69.45378
12.61206
16.72224	8.989485

18.53785	16.1709	14.65561
70.8179
10.01045	5.292634

8.5784	50.83361

60.22638	70.722
2.059832


20.49766	4.713175
41.22787	38.72965
64.01144
63.08623	35.61175	33.82464	24.76972	15.78074
63.3172	25.1825	40.39068	70.04997	66.90941
8.54393
16.78236
12.59798
65.92221
41.75112
68.8267
69.29888	67.16745
69.82527
69.90898	22.7609	8.246956
70.01576	67.63761
69.43878
69.53622
69.32115	10.04318
69.49063	2.892684
69.35851	12.486
70.32251
69.83046
7.17513	6.84135	68.40438
20.37034	66.27159


11.20335	12.49482
3.574423	48.86344
21.17641	18.1483
49.26847	7.930874	38.86497
31.15255	12.12577	19.19706
44.10316
47.76433	38.91276	61.3945	46.54777	7.051126
69.90673	60.01161	51.90053

53.34724	8.03638

21.90733	51.54767
18.49019	26.6272
57.18164
20.75384

20.56813
39.8433
2.556784
70.17178


19.63025
55.56286	13.06029	47.98712

25.22797	6.923849	14.97246
19.2888	10.69488	1.561628
34.7735
17.43679	54.17192	38.21592	52.67684
71.34306


33.58517

17.92544
69.41917
69.41917	3.894849
64.90305	58.37431
51.0836

12.26712
47.22119	63.08176
44.55929	70.22363

3.512504	30.03698

69.42734
30.82363

32.99502

3.316577	68.39152
46.45299	2.50527
10.3279	1.500659
47.81702	16.82804	3.283033	53.56334
55.01426	4.1544	37.33689
4.310992	8.018231	66.37453


57.13583
27.62813	20.1835
71.06868
60.02953
71.12967	43.94469	41.43445

68.68384
51.02156	21.3706	21.87074	21.63674
8.835183
10.07793
6.540669	2.714495

13.73908

3.775232	43.66786	48.88653	42.84076
27.48085

6.068703	46.2907	5.310569	30.35235
69.12827
59.86152	55.64767
68.06319	1.762666
68.39582
70.24179
68.76167
69.28709	70.97914
68.79456
69.50405
68.5679	12.34885	48.01536	44.46941
68.5679	5.013702	15.41898	4.236979	3.435824
69.38882
69.41976	5.612411
69.52654	13.17267	39.12038	42.76535
69.52654	25.00832	10.5643
36.43996	69.02656
70.19625	14.39662	3.183374
69.75427
68.75938
69.54339

69.34765
69.23412
69.86013	41.64119
69.57292
69.70764	3.403056	25.68171
15.21986
61.15167	38.99607	27.92516	18.48719
4.589023	15.50427	51.8373
66.90436	63.595
45.62938	2.344769	13.01839	11.65474	19.00025	24.73411	34.97709


49.90799
44.52537
28.6239
56.0078
41.84838	67.24876	23.15125	22.59254	17.78232
67.3091	60.68237	41.86973
5.449336
11.97258	38.42766	34.47106	36.96659
61.70074	55.02637	52.44963	13.48828	68.5054	31.95103
62.28519	8.418409	44.04108	69.0578
58.2397	58.13224	69.0578	66.69975	60.67545
66.04693	9.115689

54.86304

15.33191	69.26954
70.30531	12.73023
37.74052	58.11491	19.97596	31.36748	37.14052
39.18163	12.79059

39.54167	22.01839
45.0134	41.43628
1.415557	29.50983

3.343938	1.519224

2.118981
5.660935	46.87131
35.93511	62.80561	17.7444	7.375528	32.28187
2.371493	1.292029	24.61125	17.41684
12.67919	10.54449

33.7088

68.59236
42.48654	5.824444	0.4261309	10.96281	69.18663	35.06729
15.87392	14.9391
64.80764
48.12796	66.01034	67.33856	24.04583
45.10017	62.93141	31.34688
63.33792	47.13019	1.555896
61.79226	31.12988
67.37187
69.22145	49.79504
69.34532	28.85491
69.42208	11.65881	3.424988
69.64347	18.24383
66.81077	71.01519	35.94128	50.20108
67.87292
69.39712	44.24162	28.29331
69.20053	60.9758	68.53446
69.94206	62.46106	27.8524	38.87049
2.880472	11.76159	5.968221
69.14718	2.396795
7.857155	4.397146
32.97915	1.949442	51.15924

50.46714	15.04631	69.66702	50.00298	35.00805	64.2354

11.36033
1.380818
66.59338
61.47299	6.465401
3.378612
43.61227	62.23011	12.14575	31.00906
10.35133	70.50248
21.76927

28.33254	69.33948	12.04206	3.81915	17.15705
68.47402	35.12973	61.2301
68.73773
68.81566
69.7706	28.32873
68.36377

0.1390682	61.70618	6.983616	17.00134

3.016907

24.10302	6.618901
11.09057	40.01071	5.63756
57.50607	65.06037	68.94771	56.50501	68.4882	68.12737
68.33218	21.53081	65.08757
69.05432	64.42175
62.08654	69.84402	68.91872
60.69331	5.292827	2.743975
16.81762	10.06264
69.04965
69.16579	6.16286
69.08913	18.45173
68.37286	63.19382
70.17779	68.25801	21.62827	16.40172
69.70891	52.1188	40.55771
10.35931



50.99865
15.10947

71.28261
39.61887	70.28895
20.82965	17.91399
65.75086	21.46023


69.61136


4.641889
31.99438	20.95833
9.190419
18.36953


6.084224
62.16855	21.03306	11.94679

15.17904
0.5779714



61.67425	51.89526	48.30529



40.16448	66.49022	62.68577	22.70713	43.98794
66.89912	62.89877	22.09876	39.65209	33.61261
68.73413	59.74191	24.24456	44.80457	31.48258
27.81537	70.27782	3.3354
69.54884	60.07904	55.01248
68.432
69.45801	51.36061
69.19732
68.60497	38.57696	65.56311
68.10797	15.14087	8.462234	57.72101	39.81943
69.39547	16.18113	26.49427
68.95621	22.77671	60.95289	18.34967
69.60508
69.60508
68.8692	3.843141	1.740537	63.23718	69.92018
69.30704	57.89905	28.29694
69.81142	12.46869
69.93706	21.07545
69.46353	60.95692	34.18489	2.844756	46.91889	57.19456
69.78739
67.40923
68.74028	18.6818


66.32522	63.91139	47.35359
64.27402	65.90374
62.95717	66.72008	62.27814
69.1125
68.72673
69.16663	11.88976
69.21418	60.05195	25.46535	20.74826	31.58465
69.6294
68.62332	26.72081	22.4187
68.67659	57.77544	21.20383	21.78232
68.62039	8.529712
13.1124	59.53126

13.768	8.538678	13.55109	0.1355641
27.78025	61.37428	17.57785
7.264055	5.262558
51.88231

62.53577	41.2634	70.47228

7.153839

10.54988	16.63464
20.46589
51.78039	39.48721
31.81247
20.23077
20.63624	19.23457
66.44488	63.00809

45.47108	39.63083
7.969037


6.432278
8.658664	12.49508	38.9452
21.95654
53.42145	25.97239	23.10463

40.27025

56.82994
3.841638
5.716724	49.60299
69.29348	3.27669
69.26046	61.03717	56.97419
63.64046	62.46971
16.94688	38.8109	29.67886	22.81343
62.34749	25.90363	56.80589	52.68861	22.07228
66.54233

13.23546
68.77666	24.541	40.97574

0.6772653	69.00027	67.18997
52.59651
61.47193	38.1228	13.96406	29.14072
54.66719	9.766114
50.57938	37.63521	33.34777
64.55889
64.76335	11.76915	41.65366	20.68273
58.92415
63.51823	60.86837	67.39824
64.88698	61.01534	69.98447	52.5155	8.356409	22.34666
60.70804	67.33122	31.50052	16.73636
60.71546	68.46802
60.93037	66.63534	21.17662
61.63669	67.51554	52.22849	33.11784
61.70029	70.19523
69.17233	26.92852	21.86265
70.31735
69.63467	40.46817
69.3222	5.458256	23.92319
68.13473
57.16207	51.17456

70.47535
69.41736
68.34388	15.24799	58.15495	49.66101	13.05241
68.54768	11.21191
69.65342	32.27236
69.63706	18.82722	9.746593
67.75521	9.252025	59.40637	62.46471
67.75521	62.32686	19.94918
60.18052	69.23367	14.64084
46.53202	69.70841
68.82772	53.56196	28.75391	44.62842
68.31084	21.12243	13.94365
68.13737	61.22844	2.19597
69.0108	28.48262	63.22218	57.97189
4.884421	36.14837
68.90179	27.86817	62.7736	40.50047	34.12968	36.48397	21.6703
59.28439	41.00412
7.77084	30.54015	28.82453
11.62925	24.08684	2.969806
68.84149
69.4724	45.58719	20.90232
69.4724
69.48861	13.59157
69.17181	8.346238
69.2215	16.26403	63.50167	62.65385
69.52704	61.59356	40.25466
69.32784	42.4917	59.70818	13.15996
69.27406	57.11287	40.66841	3.049924	43.66053	46.02053
70.18089	55.51431	11.81798	46.16971	32.05899	27.63167
22.23903	10.6391	16.42693	7.548364
67.20183
69.61378	63.06231


69.10508	3.562893
69.74569	15.90297	3.132426	10.02579	41.67801
68.74283	63.27609
25.67915	70.31773	6.081057

55.1946

68.93783
5.52733	63.18387	53.61335
5.856419	2.509247
23.15384	53.01666
9.668934
29.39324	19.84594
41.92475	64.80223	32.78749
48.73158	71.3215
40.94379	59.73773	18.78129
59.32204	69.05898
15.78593	66.68501

30.49792	55.79434


19.72354
24.25781	66.24634
5.516029	58.67336	58.2307
51.27485	61.86102	28.99928
43.32541
12.93576
26.0266

23.00884	25.83074
23.79764	22.33543

15.83845
42.18659	5.112418
61.8633
17.70721


35.23556	19.46664
23.31795	67.09701


3.989416	24.72368
31.79282	31.88344
3.499221
70.71251
70.28493	24.05291
55.59995	69.90995
69.57805
69.49112	70.48556
67.29887	62.52362	42.3997
69.11044

59.1335
69.3344	64.4253
25.9977	49.90044	65.79298
62.01972	60.29792	46.47768	50.81433
63.61123	33.36375	41.13393
63.74138	21.5486	51.73766	4.380701	54.92106
63.31708
67.14984	35.34203
62.58545	36.13113	0.9585609	11.67627	23.51514

64.35095
57.23842
62.22435	6.8613
64.35109
63.79397	5.362304
61.86608	15.59274	47.67903	31.41032	17.05544
65.62133	0.4652522	2.863943
65.49543	49.41601	57.56949
62.69278	29.28279	11.53073
62.02387	66.90099	24.28302	13.67884
45.50986	29.78004
8.740903	14.05042
9.874824
3.248124

36.44753	64.46226	69.32839
68.9383	40.83821
69.27083	31.72426	7.712515
69.27083	20.82142	68.46199	5.411359	15.62853
14.8896	28.72555	59.70756	69.98234


28.70403	48.47395

45.93785
27.69208	7.374893

8.042816
26.83122
22.47276	5.110687	3.454559	28.877


68.9427
8.316431
23.37622
21.85065	19.40219


63.8553	4.506474	58.8818	70.41212
65.18556	16.28333	35.26048
33.23521	10.51132	4.318273
17.23963

55.95516
62.33029	59.62492	49.92199
62.72448	52.57332	14.97376
63.23144	10.03804

29.86002	7.584468	24.06264	12.04207
49.62207
4.052044
23.54885
11.59805	62.45414	0.7391662
63.36089	39.81679	65.79042
62.60573	3.808026

60.45519	1.322236
25.7085



60.19975	53.45537
60.67377	47.31098	30.36386
5.057447

60.3497	4.33471	51.84029
7.075483	32.03397	50.13826	35.73747	5.964755
23.62607
68.85686	26.45445	53.88882	47.40861	18.43917
68.93957	37.88978	5.495605	21.35261
68.93957	16.59212
12.62396	69.05112
25.85606	69.37487	18.69247
67.52072
70.15047
70.60017
70.14425
70.67989
69.17662
2.332658

8.97365

71.10011

70.15656



9.910872	69.57998
67.9488	70.93154
69.11393

70.35602
68.99104
69.97405
69.67204
70.17499
69.1737

70.53161
69.2522
70.20929	10.90402
68.77616

62.55583

69.32589	8.35994
68.59569	4.463258
66.88652	34.28195
69.08486
69.81183	27.58989
68.99518	6.777726	66.32435	54.02195
69.32022	1.809027
34.94388	59.71726	38.69242
69.61896
30.65934	48.04295	28.39432
70.17272
11.32296	70.54086
68.49435	22.97362
68.77412	63.91733
69.34642	45.67591	18.09866	62.61876	8.462892	59.04179
69.08326
22.79451
12.95679	68.95513
35.59139	62.28157	24.3613	28.77448
41.7687	57.52452

16.99617	63.75723
0.2153596
66.1257
62.4629	28.47187	12.62974
44.9626	33.05657
26.75482	58.26241
19.31059	5.789559
40.81086	31.40379

50.1089	2.699371
8.351891	34.5821

68.52142
12.61163	22.54902
6.280304	6.008775
62.02592	32.47021	51.06639

52.29152
43.98529	40.54149
24.92922
68.74974
26.38703
61.49121	70.63194
61.41132	65.91076	25.41733	13.54884	15.83893
61.79968	57.29669
12.75277
25.89206	6.293486
18.53391	52.83389
17.43139
62.743	27.04623
28.01403	36.04459
57.59277
31.18604	40.50975
6.631892
46.66129	44.17187

9.881517	13.73238	6.23281
66.11868	27.91313	22.88731
44.47293	37.39765	35.36652


44.98734
40.21107	34.73361	2.230322
10.0282	64.63867	62.6645	50.20748	41.21891	21.35189	9.835262
50.88652	60.0801	4.96578
16.49527
69.72466
24.52534	4.470078	22.36767
22.8
47.23835	14.52701
48.12464
24.65942	32.62428

22.90168	41.77291	24.96276	4.684503	10.89154
18.78567	58.8198
61.31055	9.9334
60.23955

4.002456

64.91879	51.74816
27.54874	36.12025
70.15996
68.43832
68.83789
69.39214
69.16626	10.07569
5.287779	68.20628	62.65018
68.87897	36.33612
67.8843
68.85257
69.04976
69.85238	12.39095	1.239337
69.85238	33.01424	69.71883
69.2249
69.18444
69.54766
68.64306	27.29442	2.136014
27.91141	5.050297	6.445211	21.07614	59.3977
69.48927	37.41049	35.84865
69.26119	61.36418
68.9927
4.924418	22.84625	66.32362
40.36273	67.83926
69.42809	2.884194	15.23973	12.5579


49.37371
46.36397	7.210352	15.06927	9.255245
70.57771	48.09877	16.56814

61.23577
63.72671	46.81989	15.25733	13.45182	6.288358
11.6752	11.08873
69.18888	61.8618	30.72345	52.06322
33.05748
36.64228	69.62877
69.36641	30.44848
69.67269
69.26561
39.23499	67.97066
68.42141	68.31303
34.86768	68.36035
70.03093	35.54945	51.39738
70.03093	33.43317
70.03093	0.3381362
8.950156	0.3546888
18.45951	35.30697	15.45048



34.03812
69.84211
48.68154	5.360328
11.16288	64.68792	60.90207	4.675919	53.00915
61.71144	69.42718	50.76127	5.660658	4.302383
61.91567	39.79495	56.71704	65.9234	5.24206	0.3902855
63.6347	67.60142	10.97669	14.19403	12.84426	54.58695	47.77345	49.22285	60.16306
68.02163	2.293453
69.06232	63.65359
70.23784
69.12725	4.176811
68.76534
68.57968	62.73934
69.15096	60.69911	37.73513	33.61516	23.00497	9.507496	0.3101825	21.80359
70.03371	34.11748	6.127786	2.854924
23.50775	15.35773	15.89146
39.05883	0.04189857
49.34308
24.85157	49.96878	21.70838
10.16823
11.18572	68.65559	6.829131
45.01769	23.25096

6.101772
33.27234	13.76557
26.69792
39.05544	36.52917

48.60707	48.32828
63.77677	21.46522	42.13335
62.12751	50.05755	31.01583	69.47941	11.1269
60.80695	49.68061
53.50833	12.45513	31.44256	11.74937
38.1012

25.19154

3.414627
29.06548
2.005358
47.38851	39.27143	36.31821
32.82069	71.07068	26.63841

65.51666	8.563028	7.690878
63.09099
69.92098	63.82365	30.85453	19.71317
29.54097	51.31862

19.56691
26.35602	24.86896
60.84745	52.33663	46.00449
63.38496	70.30319	16.20608
14.99125	59.20044



12.29234	4.305301
59.28708	58.29653	37.18051	18.11044	36.09343
47.05249

15.64095
30.64347	24.00206	7.414727	18.40246
58.88579

19.93729
8.510611
47.88069	68.83214	25.01125	70.63638
69.23594
69.66638	17.33579
69.1342	55.81228	56.80914
41.0247	47.73903
41.74226
25.30992	49.26753	21.47926	22.32396	2.967669
59.47385
25.22386	21.84455
5.663612	11.22874	12.58403	6.049247	10.08979
36.05796	14.17058	28.69959	63.52097	11.28315
2.603804
22.32837	57.38685
17.9075
25.82017

26.08911

30.91673
62.05941	49.19669
11.33329	19.52076	36.31528
27.59055	7.476242
22.20496	67.18101	67.20433
36.98996
36.16952	14.25804	65.55245	2.574347	11.84663
2.12491
9.997785	65.0829	30.30863
62.83968	3.640689	27.26245
62.20575	69.13363
61.61791	54.20943	32.17206
64.83846	10.38538	65.25221
63.3162
4.140627
60.59101	14.01166	65.22672
62.10711	69.91561	56.96557	38.08003
59.59607	58.94332	35.70673	55.65643	15.52131	6.756434	50.14629	69.82739	0.6868005
