Iteration	start_1	end_1	start_2	end_2	start_3	end_3	start_4	end_4	start_5	end_5	start_6	end_6	start_7	end_7	start_8	end_8	start_9	end_9	start_10	end_10	start_11	end_11	start_12	end_12	start_13	end_13	start_14	end_14	start_15	end_15	start_16	end_16	start_17	end_17	start_18	end_18	start_19	end_19	start_20	end_20	start_21	end_21	start_22	end_22	start_23	end_23	start_24	end_24	start_25	end_25	start_26	end_26	start_27	end_27	start_28	end_28	start_29	end_29	start_30	end_30	start_31	end_31	start_32	end_32	start_33	end_33	start_34	end_34	start_35	end_35	start_36	end_36	start_37	end_37	start_38	end_38	start_39	end_39	start_40	end_40	start_41	end_41	start_42	end_42	start_43	end_43	start_44	end_44	start_45	end_45
0	1	-	3	-	4	-	4	-	4	-	1	-	1	-	1	-	1	-	1	-	6	-	2	-	2	-	2	-	2	-	2	-	2	-	2	-	2	-	2	-	2	-	2	-	2	-	2	2	2	2	2	2	2	2	3	2	2	2	2	2	2	2	2	2	2	2	1	3	6	7	1	1	1	1	1	1	2	1	6	4	7	6	4	3	7	7	4	7	6	6
10	2	-	2	-	2	-	1	-	1	-	2	-	1	-	2	-	1	-	2	-	2	-	2	-	2	-	2	-	1	-	2	-	1	-	1	-	2	-	2	-	2	-	2	-	2	-	2	2	2	2	2	2	2	2	1	3	3	3	1	3	2	2	2	2	1	3	1	1	1	3	1	3	1	3	1	1	2	3	1	1	1	3	2	2	1	3	1	3	1	1
20	2	-	1	-	1	-	2	-	2	-	2	-	2	-	2	-	2	-	2	-	2	-	2	-	2	-	2	-	2	-	2	-	2	-	2	-	2	-	2	-	2	-	2	-	2	-	2	2	2	2	2	2	2	2	2	2	2	2	2	2	2	2	2	2	2	2	2	2	2	2	2	2	2	2	2	2	2	2	2	2	3	3	1	3	1	3	1	3	3	3
30	2	-	1	-	2	-	2	-	2	-	1	-	2	-	2	-	2	-	2	-	1	-	2	-	2	-	2	-	2	-	1	-	2	-	1	-	2	-	2	-	1	-	2	-	1	-	2	3	1	3	2	2	1	3	1	1	1	3	1	3	2	2	2	2	1	3	1	1	1	1	2	2	2	2	2	2	1	3	2	2	2	2	1	3	1	3	1	1	1	1
40	4	-	4	-	4	-	4	-	4	-	4	-	4	-	4	-	4	-	4	-	6	-	2	-	4	-	4	-	6	-	6	-	6	-	6	-	6	-	6	-	6	-	6	-	6	-	6	6	6	6	6	6	6	6	6	6	6	6	6	6	4	4	6	6	6	6	6	6	4	6	4	4	4	4	4	4	4	4	4	4	4	4	4	4	4	4	4	4	4	4
50	3	-	3	-	1	-	2	-	2	-	2	-	2	-	2	-	2	-	2	-	6	-	7	-	3	-	4	-	1	-	6	-	1	-	6	-	2	-	2	-	4	-	6	-	6	-	4	6	4	4	2	2	4	6	6	6	6	7	7	7	7	7	7	7	6	7	6	6	4	6	2	2	2	2	2	2	1	2	1	2	3	1	1	3	1	3	1	1	5	5
60	2	-	2	-	1	-	2	-	2	-	2	-	2	-	2	-	2	-	2	-	2	-	2	-	2	-	2	-	2	-	2	-	2	-	2	-	2	-	2	-	2	-	2	-	2	-	2	2	2	2	2	2	2	2	2	2	2	2	2	2	2	2	2	2	2	2	2	2	1	2	2	2	2	2	2	2	6	2	2	2	1	3	2	2	1	3	5	7	5	5
70	3	-	1	-	2	-	2	-	2	-	4	-	3	-	1	-	2	-	2	-	3	-	2	-	2	-	2	-	1	-	2	-	2	-	2	-	3	-	2	-	2	-	3	-	3	-	2	3	2	2	3	3	2	3	2	2	2	2	2	3	2	2	2	2	3	2	3	3	1	3	2	2	3	3	3	3	4	7	2	2	2	2	2	3	2	2	4	6	5	5
80	1	-	1	-	2	-	2	-	2	-	1	-	1	-	1	-	3	-	1	-	4	-	2	-	2	-	2	-	2	-	1	-	2	-	2	-	2	-	2	-	2	-	2	-	2	-	2	2	2	2	2	2	2	2	2	2	2	3	2	2	2	2	2	2	2	2	2	2	4	6	1	3	1	1	1	1	1	1	2	2	2	2	1	1	1	3	1	1	5	5
90	2	-	2	-	5	-	2	-	2	-	3	-	1	-	1	-	3	-	3	-	1	-	4	-	4	-	4	-	4	-	4	-	2	-	4	-	6	-	4	-	4	-	4	-	4	-	4	4	4	4	4	6	4	4	4	4	4	6	4	4	4	4	4	4	4	4	4	4	5	5	1	3	1	1	1	1	1	3	2	2	7	7	7	2	6	7	5	7	5	5
100	6	-	6	-	4	-	4	-	4	-	7	-	7	-	7	-	7	-	7	-	7	-	7	-	5	-	2	-	7	-	1	-	6	-	7	-	5	-	5	-	2	-	2	-	2	-	2	2	2	2	5	5	7	7	7	7	7	7	7	7	7	7	7	7	7	7	7	7	5	7	7	7	7	7	7	7	6	7	4	4	6	4	6	6	6	6	5	6	5	5
110	2	-	2	-	3	-	3	-	3	-	3	-	3	-	3	-	2	-	2	-	2	-	2	-	3	-	1	-	3	-	3	-	3	-	2	-	3	-	1	-	3	-	3	-	3	-	1	3	3	3	1	3	2	3	2	2	1	3	1	3	3	3	1	3	2	1	2	2	1	2	3	2	3	3	3	3	3	3	3	3	3	3	3	2	3	3	3	3	3	3
120	2	-	2	-	2	-	1	-	1	-	1	-	2	-	1	-	1	-	1	-	1	-	2	-	1	-	2	-	2	-	2	-	2	-	1	-	2	-	2	-	1	-	3	-	2	-	2	3	3	3	2	2	1	3	1	1	2	2	2	2	2	3	2	2	1	2	1	1	1	1	2	1	1	3	1	3	2	1	1	1	2	3	2	2	2	2	2	2	3	3
130	6	-	6	-	6	-	2	-	2	-	6	-	2	-	2	-	3	-	2	-	4	-	4	-	6	-	2	-	2	-	6	-	4	-	4	-	2	-	6	-	6	-	6	-	6	-	6	6	6	6	6	6	4	6	4	4	6	6	4	6	4	6	4	4	4	4	4	4	4	4	2	3	2	2	2	2	4	6	2	2	4	6	6	6	6	6	4	6	4	4
140	2	-	4	-	4	-	4	-	4	-	2	-	2	-	2	-	2	-	2	-	4	-	2	-	2	-	2	-	1	-	2	-	1	-	3	-	2	-	2	-	2	-	2	-	2	-	2	2	2	2	2	2	2	2	3	3	1	3	1	1	2	2	2	2	3	3	3	3	4	7	2	2	2	2	2	2	6	2	4	4	4	4	4	6	4	4	4	6	4	4
150	1	-	3	-	2	-	2	-	2	-	7	-	1	-	7	-	2	-	2	-	6	-	1	-	6	-	4	-	1	-	3	-	3	-	6	-	5	-	2	-	1	-	2	-	2	-	3	2	2	3	7	7	6	7	6	6	1	3	1	1	6	6	7	7	4	7	6	6	4	6	2	2	7	7	7	7	6	7	2	2	2	2	2	3	4	2	4	6	4	4
160	2	-	3	-	3	-	3	-	1	-	3	-	2	-	2	-	2	-	2	-	2	-	2	-	2	-	2	-	2	-	3	-	1	-	2	-	3	-	1	-	2	-	2	-	2	-	2	2	2	2	3	3	2	3	2	2	3	3	3	3	2	2	2	2	2	3	2	2	1	2	2	2	2	2	2	2	1	3	1	3	1	3	1	3	3	1	3	3	3	3
170	1	-	1	-	3	-	2	-	2	-	1	-	1	-	1	-	1	-	1	-	3	-	1	-	3	-	1	-	2	-	2	-	2	-	1	-	1	-	3	-	1	-	3	-	3	-	1	3	1	1	1	3	1	1	1	1	2	2	2	2	1	3	1	1	1	3	1	1	1	3	1	1	1	1	1	1	1	1	2	2	1	3	1	1	1	1	1	1	1	1
180	1	-	2	-	2	-	2	-	2	-	2	-	4	-	4	-	2	-	4	-	3	-	2	-	2	-	2	-	2	-	2	-	2	-	2	-	2	-	2	-	2	-	2	-	2	-	2	2	2	2	2	2	2	2	2	2	2	2	2	2	2	2	2	2	2	2	3	2	5	3	4	6	4	4	4	4	4	6	2	2	2	2	1	3	3	3	5	7	5	5
190	2	-	2	-	1	-	2	-	2	-	2	-	2	-	2	-	2	-	2	-	6	-	6	-	2	-	2	-	2	-	4	-	7	-	4	-	4	-	2	-	4	-	2	-	2	-	2	2	4	6	4	6	4	4	4	4	4	7	4	6	2	2	6	6	4	6	4	4	6	6	2	2	2	2	2	2	2	2	2	2	2	3	2	2	2	2	2	2	6	6
200	3	-	3	-	3	-	3	-	3	-	3	-	3	-	1	-	2	-	2	-	3	-	3	-	3	-	3	-	3	-	3	-	3	-	1	-	2	-	2	-	2	-	2	-	2	-	2	2	2	2	2	2	2	2	3	3	3	3	3	3	3	3	3	3	3	3	3	3	1	3	2	2	3	3	3	3	1	3	3	3	3	3	3	3	3	3	1	3	1	1
210	3	-	3	-	7	-	2	-	2	-	2	-	2	-	2	-	2	-	2	-	4	-	2	-	2	-	2	-	2	-	2	-	2	-	4	-	4	-	4	-	5	-	2	-	2	-	2	2	6	7	4	4	4	6	4	4	2	2	2	2	2	2	2	2	2	2	6	6	6	6	2	2	2	2	2	2	4	2	2	2	7	7	7	3	4	7	4	4	6	6
220	1	-	1	-	1	-	3	-	2	-	1	-	1	-	1	-	1	-	2	-	1	-	1	-	1	-	1	-	1	-	3	-	3	-	1	-	1	-	1	-	1	-	1	-	1	-	1	1	1	1	1	1	1	1	1	1	1	3	1	1	1	1	1	1	3	1	3	3	1	3	1	3	1	1	1	1	1	1	1	3	1	1	1	1	1	1	1	1	1	1
230	2	-	2	-	2	-	2	-	2	-	2	-	2	-	2	-	2	-	2	-	2	-	2	-	2	-	2	-	2	-	2	-	2	-	2	-	2	-	2	-	2	-	2	-	2	-	2	2	2	2	2	2	2	2	2	2	2	2	2	2	2	2	2	2	2	2	2	2	2	2	2	2	2	2	2	2	2	2	2	2	2	2	2	2	2	2	2	2	2	2
240	2	-	3	-	1	-	1	-	2	-	1	-	2	-	2	-	2	-	2	-	3	-	2	-	2	-	2	-	2	-	2	-	2	-	2	-	2	-	2	-	2	-	2	-	2	-	2	2	2	2	2	2	2	2	2	2	2	2	2	2	2	2	2	2	2	2	2	2	1	3	2	2	2	2	2	2	1	3	3	3	1	3	1	3	1	1	1	1	1	1
250	3	-	1	-	3	-	1	-	2	-	1	-	2	-	2	-	2	-	2	-	2	-	1	-	1	-	1	-	3	-	1	-	1	-	6	-	2	-	3	-	7	-	3	-	3	-	1	3	4	7	3	3	6	7	4	6	1	1	3	3	1	1	3	1	1	3	5	5	4	7	2	2	2	2	2	2	1	3	2	3	3	3	1	3	3	3	1	3	5	5
260	2	-	1	-	1	-	1	-	1	-	2	-	1	-	2	-	1	-	1	-	4	-	2	-	2	-	2	-	2	-	3	-	4	-	4	-	2	-	2	-	6	-	1	-	1	-	1	1	5	7	2	2	4	7	4	4	5	7	5	7	2	2	2	2	4	7	4	4	4	4	1	1	1	3	1	1	1	3	1	1	1	1	2	3	2	3	1	3	5	5
270	2	-	2	-	1	-	2	-	1	-	1	-	2	-	2	-	1	-	1	-	6	-	2	-	2	-	2	-	1	-	2	-	2	-	1	-	1	-	1	-	2	-	2	-	2	-	2	2	2	2	1	1	1	3	1	1	2	2	3	3	2	2	2	2	1	3	1	1	5	7	2	1	2	2	2	2	3	3	3	3	1	3	2	2	3	3	4	3	5	5
280	3	-	1	-	1	-	3	-	1	-	3	-	2	-	2	-	2	-	2	-	3	-	1	-	2	-	3	-	1	-	1	-	1	-	1	-	1	-	3	-	2	-	2	-	2	-	2	2	2	2	3	3	1	3	1	1	1	1	1	1	1	3	1	1	1	1	1	1	1	3	2	2	2	2	2	2	1	3	3	3	3	3	3	3	1	3	1	1	1	1
290	3	-	1	-	3	-	2	-	3	-	1	-	1	-	3	-	1	-	3	-	1	-	3	-	3	-	2	-	1	-	2	-	3	-	2	-	3	-	1	-	3	-	3	-	1	-	1	3	3	3	2	3	3	3	1	3	3	3	1	3	1	3	3	3	3	3	3	3	6	3	2	3	1	3	1	1	2	1	1	3	3	3	1	3	3	3	2	3	6	6
300	2	-	2	-	2	-	2	-	2	-	2	-	2	-	2	-	2	-	2	-	4	-	4	-	4	-	4	-	4	-	4	-	4	-	4	-	4	-	4	-	4	-	2	-	2	-	2	2	4	6	4	4	4	4	4	4	4	4	4	4	4	4	4	4	4	4	4	4	4	4	2	2	2	2	2	2	2	2	2	2	2	2	2	2	2	2	2	2	6	6
310	6	-	4	-	4	-	4	-	6	-	6	-	2	-	2	-	2	-	2	-	4	-	2	-	4	-	4	-	2	-	2	-	2	-	4	-	4	-	4	-	4	-	4	-	4	-	4	4	4	4	4	4	4	4	4	4	2	2	2	2	4	4	6	6	4	6	4	4	4	4	2	2	2	2	2	2	4	6	6	6	6	6	4	6	4	6	4	4	4	4
320	2	-	2	-	4	-	2	-	4	-	4	-	4	-	2	-	2	-	2	-	4	-	2	-	1	-	2	-	2	-	2	-	2	-	4	-	4	-	6	-	2	-	2	-	2	-	2	2	2	2	4	6	4	6	4	4	2	2	2	2	1	3	5	3	4	7	4	4	4	4	2	2	2	2	6	6	4	6	6	6	4	6	4	2	4	4	4	4	4	4
330	3	-	1	-	2	-	2	-	1	-	2	-	1	-	3	-	3	-	3	-	3	-	2	-	3	-	1	-	2	-	3	-	1	-	2	-	2	-	1	-	2	-	2	-	2	-	2	2	2	2	1	3	2	3	2	2	2	3	2	2	2	3	2	2	2	2	2	2	1	3	3	3	3	3	1	3	1	3	2	3	2	2	1	3	1	3	1	1	1	1
340	6	-	1	-	2	-	4	-	6	-	3	-	4	-	2	-	2	-	1	-	4	-	6	-	2	-	2	-	6	-	2	-	2	-	6	-	4	-	6	-	4	-	4	-	4	-	4	4	4	4	4	6	4	4	6	6	2	2	4	6	2	2	4	6	4	4	6	6	5	6	3	3	2	3	4	6	4	7	6	6	4	6	4	7	4	4	4	4	5	5
350	2	-	3	-	3	-	2	-	3	-	2	-	3	-	1	-	2	-	2	-	7	-	7	-	7	-	7	-	2	-	1	-	2	-	4	-	2	-	4	-	1	-	3	-	2	-	3	3	1	3	6	6	4	7	4	4	2	3	2	2	7	7	7	7	6	7	7	6	4	7	2	2	3	3	1	3	1	3	3	3	3	3	1	3	1	3	1	1	5	5
360	1	-	1	-	2	-	1	-	2	-	2	-	2	-	2	-	2	-	2	-	2	-	1	-	2	-	2	-	1	-	2	-	1	-	3	-	2	-	1	-	2	-	2	-	2	-	2	2	2	2	1	3	2	3	2	3	1	3	1	1	2	2	1	3	1	1	1	3	1	3	2	2	2	2	2	2	1	2	3	3	1	3	1	1	2	1	2	3	3	3
370	3	-	2	-	3	-	3	-	3	-	3	-	2	-	2	-	2	-	2	-	3	-	2	-	2	-	2	-	2	-	2	-	2	-	3	-	2	-	2	-	2	-	2	-	2	-	2	2	2	2	2	2	3	2	3	3	3	2	3	3	2	2	3	2	1	3	3	3	3	3	2	2	2	2	3	2	3	3	3	3	1	3	3	3	3	3	3	3	3	3
380	2	-	2	-	6	-	6	-	6	-	2	-	2	-	2	-	2	-	2	-	4	-	2	-	2	-	2	-	2	-	2	-	2	-	4	-	2	-	2	-	2	-	2	-	2	-	2	2	2	2	2	2	4	2	4	4	2	2	2	2	2	2	2	2	4	2	4	4	6	4	2	2	2	2	2	2	2	2	6	6	4	6	2	2	4	6	6	6	6	6
390	2	-	2	-	1	-	1	-	1	-	1	-	1	-	1	-	1	-	1	-	5	-	2	-	1	-	1	-	4	-	2	-	4	-	4	-	1	-	1	-	2	-	2	-	2	-	2	2	2	2	1	1	1	3	5	5	4	6	4	4	1	1	3	3	5	7	5	5	4	5	1	1	1	1	1	1	1	1	1	1	1	1	2	2	1	3	1	1	5	5
400	2	-	2	-	1	-	2	-	2	-	1	-	2	-	2	-	2	-	2	-	1	-	2	-	2	-	2	-	2	-	2	-	2	-	1	-	2	-	2	-	3	-	2	-	1	-	3	3	1	3	2	2	1	3	1	1	2	2	2	2	2	2	2	2	1	2	1	1	1	1	2	2	2	2	2	2	1	3	2	2	1	3	2	2	2	3	1	3	1	1
410	2	-	2	-	2	-	2	-	2	-	2	-	3	-	1	-	2	-	2	-	7	-	2	-	2	-	2	-	3	-	2	-	1	-	4	-	3	-	3	-	6	-	1	-	2	-	1	3	7	7	1	3	4	7	4	4	1	3	1	3	2	2	2	2	7	3	7	7	5	7	2	2	1	3	2	3	4	2	2	2	2	2	1	2	1	3	5	5	5	5
-	5	-	7	-	2	-	4	-	2	-	2	-	2	-	2	-	2	-	2	-	2	-	2	-	2	-	2	2	2	2	2	2	2	2	2	2	2	2	2	2	7	6	5	7	5	7	5	7	5	5	4	4	4	4	4	6	4	4	2	2	2	2	1	1	3	3	5	7	5	5
43	2	-	2	-	2	-	3	-	3	-	2	-	2	-	2	-	2	-	2	-	4	-	4	-	6	-	6	-	6	-	6	-	6	-	4	-	4	-	4	-	4	-	4	-	4	-	4	4	4	4	4	4	4	4	4	4	6	6	4	6	4	6	4	4	4	4	4	4	4	4	2	2	2	2	2	2	2	2	2	3	2	2	2	2	2	2	2	2	6	6
44	1	-	1	-	2	-	2	-	2	-	2	-	2	-	2	-	2	-	2	-	1	-	1	-	2	-	2	-	1	-	2	-	1	-	1	-	3	-	3	-	3	-	1	-	1	-	3	1	3	3	3	3	1	3	1	1	1	3	1	1	2	2	1	3	1	1	1	1	1	1	2	2	2	2	2	2	2	2	2	2	1	2	1	1	1	1	1	3	1	1
45	2	-	1	-	2	-	3	-	3	-	2	-	1	-	2	-	2	-	2	-	1	-	2	-	2	-	2	-	2	-	2	-	2	-	2	-	2	-	2	-	2	-	2	-	2	-	2	2	2	2	2	2	2	2	2	2	2	2	2	2	2	2	2	2	2	2	2	2	1	3	2	2	2	2	1	3	1	3	2	3	2	2	1	3	1	3	1	1	1	1
46	2	-	2	-	1	-	1	-	2	-	2	-	2	-	2	-	2	-	2	-	2	-	2	-	2	-	2	-	3	-	1	-	2	-	3	-	2	-	2	-	2	-	1	-	2	-	2	3	2	2	2	2	3	2	3	3	3	3	3	3	2	2	3	2	3	3	2	3	2	2	2	2	2	2	2	2	2	2	1	3	2	1	2	2	2	2	2	2	2	2
47	2	-	2	-	2	-	2	-	2	-	3	-	2	-	2	-	2	-	2	-	3	-	3	-	2	-	2	-	2	-	2	-	2	-	2	-	2	-	2	-	1	-	2	-	2	-	2	2	3	3	3	2	1	3	3	3	2	2	2	2	3	2	2	3	3	2	3	3	3	3	2	2	2	2	3	2	3	3	2	2	3	2	3	2	3	3	3	3	3	3
48	3	-	3	-	1	-	3	-	3	-	3	-	2	-	2	-	2	-	1	-	6	-	4	-	4	-	2	-	7	-	6	-	1	-	4	-	1	-	2	-	2	-	3	-	3	-	2	3	2	2	2	3	2	2	6	6	7	7	4	7	4	6	4	4	6	4	6	6	6	6	2	3	2	2	3	2	4	3	1	3	3	1	3	3	2	3	6	6	6	6
49	2	-	2	-	2	-	2	-	2	-	1	-	1	-	1	-	3	-	3	-	2	-	3	-	3	-	3	-	3	-	2	-	2	-	1	-	2	-	2	-	2	-	2	-	2	-	2	2	2	2	2	2	1	2	1	1	3	2	3	3	3	3	1	3	1	3	1	1	1	3	1	3	1	1	1	1	2	1	1	2	1	3	3	2	2	3	2	2	3	3
50	3	-	3	-	4	-	4	-	4	-	6	-	6	-	4	-	2	-	2	-	4	-	2	-	3	-	3	-	2	-	2	-	2	-	2	-	2	-	2	-	2	-	2	-	2	-	2	2	2	2	2	2	2	2	2	2	2	2	2	2	2	3	2	2	2	2	2	2	4	6	2	2	4	6	6	6	6	6	4	4	5	4	2	3	6	7	6	6	6	6
51	4	-	4	-	4	-	6	-	4	-	7	-	4	-	4	-	4	-	2	-	7	-	2	-	2	-	2	-	2	-	2	-	2	-	4	-	3	-	3	-	2	-	2	-	1	-	2	3	2	2	2	3	4	2	4	4	2	2	2	2	2	2	2	2	2	2	7	6	4	7	4	6	4	4	4	4	6	7	4	6	4	4	4	4	6	4	4	6	4	4
52	2	-	4	-	2	-	2	-	2	-	4	-	2	-	3	-	1	-	1	-	5	-	2	-	2	-	2	-	2	-	1	-	2	-	2	-	2	-	2	-	2	-	2	-	2	-	2	2	2	2	2	2	2	2	2	2	2	3	2	2	2	2	2	2	2	2	2	2	4	7	1	1	2	3	2	2	4	6	2	2	2	2	4	6	4	6	4	4	4	4
53	2	-	2	-	2	-	2	-	2	-	4	-	4	-	4	-	4	-	4	-	4	-	4	-	5	-	2	-	2	-	2	-	2	-	4	-	4	-	4	-	4	-	4	-	4	-	4	4	4	4	4	4	4	4	4	4	2	2	2	2	5	7	5	5	6	7	6	6	6	6	4	4	4	4	4	4	5	4	2	2	2	2	2	2	2	2	6	7	6	6
54	2	-	2	-	2	-	3	-	3	-	1	-	2	-	2	-	2	-	2	-	2	-	3	-	3	-	1	-	2	-	1	-	2	-	2	-	2	-	2	-	2	-	2	-	2	-	2	2	2	2	1	2	1	3	3	3	2	3	2	2	1	3	1	3	3	3	2	3	2	2	2	2	2	2	2	2	2	3	1	3	2	3	2	2	2	2	2	2	2	2
55	2	-	2	-	2	-	2	-	2	-	2	-	4	-	4	-	6	-	6	-	2	-	2	-	2	-	2	-	2	-	2	-	2	-	2	-	2	-	2	-	2	-	2	-	2	-	2	2	2	2	2	2	2	2	2	2	2	2	2	2	2	2	2	2	2	2	2	2	1	2	4	6	4	4	4	4	6	6	2	2	2	2	2	2	4	2	4	6	5	5
56	4	-	4	-	4	-	6	-	2	-	2	-	2	-	2	-	2	-	2	-	6	-	4	-	2	-	4	-	2	-	2	-	4	-	4	-	2	-	4	-	4	-	4	-	4	-	4	4	4	4	6	6	6	6	4	6	6	6	6	6	4	6	4	4	4	6	4	4	4	6	2	2	2	2	2	2	2	2	6	6	4	6	4	4	6	4	4	6	4	4
57	2	-	2	-	2	-	2	-	2	-	5	-	4	-	4	-	4	-	6	-	4	-	4	-	4	-	4	-	4	-	6	-	4	-	2	-	2	-	2	-	2	-	2	-	2	-	2	2	2	2	2	2	2	2	2	2	4	6	4	4	4	4	4	4	6	4	6	6	6	6	4	6	4	4	4	4	6	5	2	2	2	2	2	2	2	2	6	6	6	6
58	2	-	2	-	2	-	2	-	2	-	3	-	3	-	2	-	2	-	2	-	3	-	2	-	2	-	2	-	2	-	3	-	2	-	3	-	2	-	2	-	3	-	2	-	2	-	2	2	2	3	2	2	2	2	3	3	2	3	2	2	2	2	2	2	2	2	2	3	5	3	2	2	2	2	1	3	2	3	2	2	2	2	2	2	2	2	1	2	5	5
59	2	-	2	-	4	-	2	-	6	-	2	-	2	-	2	-	2	-	2	-	4	-	2	-	2	-	2	-	2	-	3	-	2	-	6	-	1	-	3	-	2	-	2	-	2	-	2	2	2	2	3	3	4	3	6	6	3	3	2	3	2	2	2	2	4	2	6	6	4	6	2	2	2	2	2	2	2	2	4	6	5	4	2	2	6	7	4	6	4	4
60	2	-	2	-	2	-	2	-	2	-	1	-	1	-	3	-	1	-	2	-	6	-	2	-	2	-	2	-	2	-	2	-	2	-	6	-	4	-	4	-	2	-	2	-	2	-	2	2	6	2	4	4	6	6	6	6	2	2	2	2	2	2	2	2	6	2	4	6	4	6	1	3	3	3	3	3	3	3	2	2	2	2	2	2	2	2	1	3	5	5
61	2	-	3	-	2	-	3	-	2	-	3	-	2	-	2	-	2	-	2	-	2	-	2	-	3	-	3	-	2	-	2	-	2	-	2	-	1	-	2	-	1	-	2	-	3	-	1	3	3	1	3	3	3	3	3	3	2	2	2	2	1	3	3	3	3	3	3	3	3	3	2	2	2	2	2	2	1	3	3	3	1	3	3	3	1	3	1	1	3	3
62	4	-	4	-	4	-	4	-	4	-	4	-	4	-	4	-	4	-	4	-	4	-	4	-	4	-	4	-	4	-	4	-	4	-	4	-	4	-	4	-	4	-	4	-	4	-	4	4	4	4	4	4	4	4	4	4	4	4	4	4	4	4	4	4	4	4	4	4	4	4	4	4	4	4	4	4	4	4	4	4	4	4	4	4	4	4	4	4	4	4
63	2	-	4	-	6	-	2	-	4	-	4	-	4	-	4	-	4	-	4	-	4	-	4	-	4	-	4	-	4	-	4	-	4	-	4	-	4	-	4	-	6	-	1	-	3	-	2	3	4	6	4	4	4	4	4	4	4	4	4	4	4	4	4	4	4	4	4	4	4	4	4	4	4	4	4	4	4	4	6	6	6	6	6	6	4	6	4	4	4	4
64	2	-	2	-	2	-	2	-	1	-	2	-	1	-	1	-	2	-	1	-	2	-	2	-	2	-	2	-	3	-	2	-	2	-	2	-	2	-	2	-	2	-	2	-	2	-	2	2	2	2	2	2	2	2	2	2	2	2	1	3	2	2	2	2	2	3	2	2	1	2	1	3	1	1	1	1	2	3	2	3	2	2	2	2	2	2	2	2	3	3
65	2	-	2	-	2	-	2	-	2	-	2	-	2	-	1	-	2	-	2	-	2	-	3	-	2	-	1	-	1	-	2	-	2	-	2	-	2	-	1	-	1	-	2	-	2	-	2	2	3	3	3	3	1	3	3	3	2	2	3	3	1	3	3	3	1	3	2	3	2	2	2	2	1	3	1	3	2	3	2	2	2	2	2	2	2	2	2	2	2	2
66	2	-	2	-	2	-	1	-	2	-	2	-	2	-	1	-	2	-	2	-	2	-	1	-	2	-	2	-	2	-	1	-	2	-	1	-	2	-	2	-	2	-	2	-	2	-	2	2	2	2	2	2	2	2	3	3	3	3	3	3	2	2	1	3	3	3	1	3	2	3	2	2	2	3	2	2	2	2	2	3	2	2	2	2	2	2	2	2	2	2
67	3	-	1	-	7	-	4	-	3	-	6	-	2	-	4	-	2	-	2	-	4	-	7	-	1	-	3	-	4	-	2	-	6	-	4	-	4	-	4	-	4	-	4	-	4	-	4	4	4	4	4	4	4	4	4	4	4	6	4	4	1	3	4	7	4	4	4	4	4	4	2	2	6	6	6	6	4	6	4	7	7	7	1	3	7	7	5	7	5	5
68	2	-	2	-	2	-	3	-	2	-	1	-	2	-	3	-	2	-	2	-	6	-	4	-	2	-	5	-	4	-	4	-	4	-	4	-	4	-	4	-	4	-	4	-	4	-	4	4	4	4	4	4	4	4	4	4	4	4	4	4	4	7	4	4	4	4	4	4	5	6	1	2	2	3	2	2	1	3	3	3	3	3	2	2	1	3	1	1	5	5
69	2	-	2	-	2	-	2	-	2	-	2	-	2	-	2	-	3	-	3	-	2	-	1	-	2	-	2	-	2	-	2	-	2	-	2	-	2	-	2	-	2	-	2	-	2	-	2	2	2	2	2	2	2	2	2	2	2	2	2	2	2	2	1	3	2	3	2	2	1	2	2	3	2	2	2	2	1	2	2	2	2	2	2	2	2	2	1	3	1	1
70	2	-	2	-	3	-	2	-	2	-	2	-	2	-	2	-	2	-	2	-	2	-	1	-	2	-	2	-	1	-	3	-	3	-	2	-	3	-	3	-	2	-	2	-	2	-	2	2	2	2	2	3	2	2	2	2	2	3	3	3	2	2	3	3	2	3	2	2	1	2	2	2	2	2	2	2	3	2	3	2	2	3	2	2	3	2	1	3	1	1
71	2	-	2	-	4	-	7	-	1	-	2	-	2	-	2	-	2	-	2	-	2	-	2	-	2	-	2	-	2	-	2	-	2	-	2	-	2	-	2	-	2	-	1	-	3	-	2	3	2	2	2	2	2	2	2	2	2	2	2	2	3	2	3	3	2	3	2	2	1	2	2	2	2	2	2	2	2	2	7	7	6	7	2	2	7	6	5	7	5	5
72	2	-	2	-	3	-	2	-	2	-	2	-	2	-	3	-	2	-	2	-	2	-	2	-	2	-	2	-	2	-	2	-	2	-	2	-	2	-	2	-	2	-	2	-	2	-	2	2	2	2	2	2	2	2	2	2	2	2	2	2	3	2	1	3	2	3	2	2	4	2	1	2	3	3	2	3	2	2	3	2	2	3	2	2	6	2	6	6	6	6
73	2	-	2	-	2	-	2	-	2	-	2	-	2	-	2	-	2	-	2	-	4	-	2	-	2	-	2	-	2	-	2	-	2	-	4	-	4	-	4	-	2	-	2	-	2	-	2	2	2	2	4	4	4	6	4	4	2	2	2	2	2	2	2	2	6	2	4	6	4	4	2	2	2	2	2	2	6	2	2	2	2	2	2	2	2	2	4	6	4	4
74	2	-	2	-	2	-	2	-	2	-	3	-	1	-	2	-	2	-	2	-	1	-	2	-	2	-	2	-	2	-	2	-	2	-	1	-	2	-	2	-	2	-	2	-	2	-	2	2	2	2	2	2	1	2	1	1	2	2	2	2	2	2	2	2	2	2	1	3	1	1	2	2	2	2	3	3	1	3	2	2	2	2	1	2	1	3	1	1	1	1
75	2	-	2	-	2	-	2	-	2	-	3	-	3	-	2	-	2	-	2	-	3	-	2	-	2	-	2	-	1	-	3	-	3	-	3	-	3	-	3	-	3	-	2	-	3	-	3	3	3	3	3	3	3	3	3	3	3	3	3	3	2	2	2	2	3	3	3	3	2	3	2	2	2	2	3	3	2	3	2	2	2	2	2	2	2	2	2	2	2	2
76	4	-	4	-	4	-	4	-	4	-	4	-	7	-	7	-	4	-	4	-	2	-	2	-	2	-	2	-	6	-	2	-	2	-	6	-	2	-	4	-	6	-	6	-	2	-	6	6	6	6	6	6	6	6	6	6	2	2	6	6	2	2	2	2	6	6	6	6	6	6	4	4	7	7	7	7	6	7	4	4	4	4	4	4	4	4	6	6	6	6
77	6	-	2	-	4	-	2	-	6	-	1	-	4	-	2	-	2	-	7	-	7	-	1	-	2	-	2	-	1	-	1	-	1	-	2	-	2	-	2	-	2	-	3	-	1	-	2	3	2	2	2	2	2	2	2	2	1	1	1	1	3	2	3	3	2	3	2	2	5	7	7	7	7	7	5	7	4	5	4	6	4	4	4	6	4	4	4	4	5	5
78	1	-	1	-	2	-	2	-	2	-	1	-	2	-	1	-	1	-	2	-	1	-	1	-	2	-	2	-	1	-	1	-	1	-	1	-	1	-	1	-	1	-	1	-	1	-	1	1	1	1	1	1	1	1	1	1	1	1	1	1	2	2	1	3	1	1	1	1	1	1	1	3	1	1	1	3	1	1	2	2	2	2	1	1	1	3	1	1	1	1
79	2	-	2	-	2	-	2	-	2	-	1	-	1	-	1	-	1	-	1	-	2	-	2	-	2	-	2	-	2	-	2	-	2	-	2	-	1	-	1	-	2	-	2	-	2	-	2	2	2	2	1	1	2	3	2	2	2	2	2	2	2	2	2	2	2	2	2	2	2	2	1	1	1	1	1	1	1	1	2	2	2	2	2	2	2	2	2	3	2	2
80	4	-	4	-	4	-	1	-	4	-	4	-	2	-	2	-	2	-	2	-	2	-	2	-	2	-	2	-	2	-	2	-	2	-	2	-	2	-	2	-	2	-	2	-	2	-	2	2	2	2	2	2	2	2	2	2	2	2	2	2	2	2	2	2	2	2	2	2	2	2	2	2	2	2	2	2	4	6	4	5	4	4	4	4	4	4	4	4	6	6
81	2	-	2	-	4	-	6	-	2	-	6	-	6	-	6	-	2	-	2	-	2	-	3	-	2	-	2	-	2	-	2	-	2	-	2	-	2	-	2	-	2	-	2	-	2	-	2	2	2	2	2	2	2	2	2	2	2	2	2	2	3	2	2	3	2	2	2	2	2	2	2	2	4	6	4	6	4	6	6	6	6	6	2	2	4	6	4	4	6	6
82	4	-	6	-	2	-	2	-	2	-	6	-	4	-	4	-	6	-	4	-	1	-	1	-	3	-	1	-	2	-	2	-	2	-	1	-	2	-	3	-	2	-	2	-	2	-	2	2	2	2	3	3	1	3	1	1	2	2	2	2	2	3	3	3	3	3	3	3	1	3	4	6	4	4	4	4	4	6	2	2	4	2	4	6	4	4	4	4	5	5
83	2	-	2	-	2	-	2	-	2	-	2	-	2	-	2	-	2	-	2	-	6	-	2	-	1	-	3	-	2	-	2	-	2	-	4	-	4	-	2	-	4	-	2	-	4	-	6	6	4	6	6	6	4	6	4	4	2	2	2	2	2	3	2	2	4	2	4	4	6	6	2	2	2	2	2	2	2	2	2	2	2	2	2	2	2	2	2	2	6	6
84	2	-	2	-	2	-	2	-	2	-	3	-	2	-	2	-	2	-	2	-	2	-	1	-	2	-	2	-	2	-	3	-	3	-	1	-	1	-	1	-	3	-	3	-	3	-	3	3	1	3	1	1	1	1	1	1	2	3	2	2	2	2	3	3	1	3	1	1	2	3	2	2	2	2	3	2	2	3	2	2	2	2	2	2	2	2	2	2	2	2
85	2	-	2	-	2	-	2	-	2	-	3	-	3	-	1	-	1	-	2	-	3	-	2	-	1	-	1	-	3	-	2	-	2	-	3	-	2	-	2	-	2	-	2	-	2	-	2	2	2	2	3	2	3	3	3	3	3	2	3	3	1	1	3	3	3	3	3	3	2	3	1	3	1	1	3	3	2	3	2	2	2	2	2	2	2	2	2	2	2	2
86	2	-	3	-	2	-	2	-	2	-	3	-	1	-	1	-	2	-	3	-	2	-	2	-	2	-	2	-	2	-	2	-	2	-	2	-	2	-	2	-	2	-	2	-	1	-	2	3	2	2	2	2	2	2	2	2	2	2	2	2	2	2	2	2	2	2	2	2	2	2	1	3	1	1	1	1	3	3	2	2	3	2	1	3	2	3	2	3	2	2
87	2	-	2	-	1	-	1	-	2	-	2	-	2	-	2	-	2	-	2	-	3	-	2	-	2	-	2	-	2	-	2	-	2	-	1	-	3	-	3	-	1	-	2	-	2	-	2	2	3	3	3	3	3	3	3	3	2	2	2	2	2	2	2	2	2	2	1	3	2	3	2	2	2	2	2	2	1	2	2	3	1	3	2	2	2	3	2	3	2	2
88	2	-	2	-	2	-	2	-	2	-	2	-	2	-	2	-	3	-	3	-	4	-	6	-	6	-	6	-	4	-	4	-	2	-	4	-	3	-	4	-	4	-	6	-	6	-	4	6	4	4	4	7	4	4	4	4	4	6	4	4	6	6	4	6	4	4	4	4	4	4	2	3	2	2	2	2	1	2	2	2	2	2	2	2	1	2	1	1	5	5
89	2	-	2	-	1	-	2	-	2	-	2	-	2	-	2	-	2	-	2	-	4	-	2	-	2	-	1	-	4	-	4	-	4	-	4	-	4	-	2	-	4	-	6	-	6	-	4	6	4	4	4	6	4	4	4	4	4	4	4	4	2	3	2	2	4	6	4	4	4	4	2	2	2	2	2	2	2	2	2	2	3	3	3	2	1	3	1	3	5	5
90	2	-	2	-	2	-	2	-	2	-	2	-	1	-	1	-	1	-	1	-	1	-	3	-	2	-	1	-	2	-	2	-	2	-	1	-	2	-	2	-	1	-	1	-	3	-	1	3	1	1	2	2	1	3	1	1	2	2	2	2	3	3	3	3	1	3	1	1	1	1	1	1	1	1	1	1	2	3	2	2	2	2	2	2	2	2	2	2	3	3
91	2	-	2	-	3	-	2	-	2	-	2	-	2	-	2	-	2	-	2	-	1	-	3	-	2	-	2	-	1	-	1	-	3	-	1	-	1	-	1	-	1	-	3	-	2	-	3	3	1	3	1	1	1	1	1	1	3	3	1	3	2	2	3	3	1	3	1	1	2	1	2	2	2	2	2	2	2	2	2	2	3	3	2	2	2	3	2	2	2	2
92	2	-	2	-	4	-	2	-	2	-	4	-	4	-	4	-	4	-	4	-	4	-	4	-	4	-	4	-	2	-	2	-	2	-	4	-	2	-	2	-	2	-	1	-	1	-	1	1	2	3	2	2	2	2	4	6	2	2	2	2	4	4	4	4	4	6	4	4	4	4	4	4	4	4	4	4	4	4	2	2	6	6	1	2	4	7	4	4	4	4
93	2	-	2	-	7	-	1	-	1	-	3	-	2	-	2	-	2	-	2	-	5	-	2	-	2	-	1	-	1	-	1	-	1	-	1	-	2	-	2	-	1	-	2	-	2	-	2	2	1	3	1	2	1	1	1	1	1	1	1	1	1	3	1	3	1	1	1	1	6	5	2	2	2	2	2	2	4	3	1	1	4	7	6	2	4	6	4	4	6	6
94	3	-	3	-	2	-	1	-	2	-	3	-	1	-	2	-	2	-	3	-	1	-	2	-	2	-	2	-	1	-	2	-	1	-	1	-	1	-	1	-	2	-	3	-	1	-	1	3	3	3	3	1	1	3	1	1	1	3	1	1	2	2	2	2	1	3	1	1	3	1	2	3	2	2	3	3	1	3	1	3	2	3	2	3	1	2	1	1	3	3
95	2	-	2	-	2	-	2	-	2	-	2	-	1	-	2	-	2	-	1	-	2	-	3	-	2	-	1	-	2	-	1	-	1	-	2	-	2	-	1	-	2	-	1	-	2	-	3	3	2	3	2	3	2	2	2	2	1	1	3	3	1	3	3	3	1	3	2	3	2	2	2	3	3	2	3	3	2	3	2	2	2	2	2	2	2	2	2	2	2	2
96	2	-	2	-	3	-	3	-	3	-	2	-	2	-	1	-	1	-	1	-	1	-	2	-	1	-	2	-	2	-	2	-	1	-	2	-	3	-	3	-	3	-	2	-	2	-	3	2	2	3	2	3	2	2	2	2	1	3	3	3	1	3	3	3	2	3	2	2	1	3	1	1	2	1	2	2	4	2	4	3	4	7	4	2	4	4	4	4	5	5
97	2	-	1	-	2	-	2	-	2	-	4	-	1	-	1	-	2	-	2	-	2	-	2	-	2	-	1	-	2	-	3	-	3	-	1	-	2	-	2	-	1	-	2	-	2	-	1	2	1	1	2	2	6	3	4	7	2	3	2	2	2	3	2	2	3	2	5	7	4	7	1	2	1	1	1	1	5	5	1	2	2	3	5	3	5	7	4	5	4	4
98	2	-	2	-	2	-	3	-	3	-	3	-	1	-	2	-	2	-	1	-	5	-	2	-	2	-	1	-	2	-	2	-	2	-	2	-	2	-	1	-	3	-	1	-	1	-	1	1	3	3	3	3	2	3	2	2	2	2	2	2	2	3	2	2	2	2	2	2	5	7	2	3	2	2	3	3	6	3	2	3	2	2	2	2	6	2	5	6	5	5
99	3	-	3	-	3	-	3	-	3	-	3	-	2	-	1	-	1	-	1	-	2	-	2	-	2	-	2	-	2	-	2	-	2	-	2	-	1	-	2	-	3	-	2	-	1	-	3	3	3	3	3	3	2	3	2	2	2	2	2	2	2	2	2	2	2	2	2	2	1	2	1	1	1	1	3	3	3	3	3	3	2	3	2	3	3	2	1	3	1	1
100	6	-	6	-	1	-	1	-	1	-	6	-	6	-	6	-	6	-	6	-	7	-	2	-	2	-	2	-	1	-	1	-	1	-	7	-	6	-	6	-	7	-	7	-	7	-	7	7	6	7	6	6	7	6	7	7	1	1	1	1	2	2	2	2	7	3	7	7	4	7	6	6	6	6	6	6	6	6	1	1	1	1	6	6	6	7	4	6	4	4
101	4	-	4	-	1	-	2	-	2	-	2	-	5	-	5	-	5	-	5	-	5	-	2	-	2	-	2	-	2	-	2	-	2	-	2	-	2	-	2	-	2	-	2	-	2	-	2	2	2	2	2	2	2	2	2	2	2	2	2	2	2	2	2	2	2	2	2	2	6	7	5	5	5	5	5	5	6	7	2	2	2	3	4	4	6	6	6	6	6	6
102	5	-	5	-	7	-	7	-	7	-	6	-	6	-	6	-	7	-	7	-	7	-	6	-	4	-	4	-	6	-	6	-	4	-	4	-	4	-	4	-	4	-	4	-	4	-	4	4	4	4	4	4	4	4	6	4	6	6	6	6	6	4	6	6	6	6	7	6	5	7	6	7	6	6	6	6	6	6	7	7	7	7	7	5	6	7	5	6	5	5
103	6	-	6	-	6	-	6	-	6	-	4	-	4	-	4	-	6	-	6	-	6	-	6	-	6	-	6	-	6	-	6	-	6	-	6	-	6	-	6	-	6	-	6	-	6	-	6	6	6	6	6	6	6	6	6	6	6	6	6	6	6	6	6	6	6	6	6	6	4	6	4	6	4	4	4	4	4	4	6	6	6	6	6	6	4	6	4	4	4	4
104	2	-	2	-	1	-	2	-	2	-	2	-	2	-	3	-	1	-	2	-	2	-	3	-	2	-	2	-	1	-	1	-	1	-	1	-	2	-	2	-	2	-	2	-	2	-	2	2	2	2	2	2	1	2	1	1	1	1	1	1	3	2	1	3	1	1	2	1	2	2	3	3	2	3	2	2	2	2	2	2	2	3	2	2	2	2	2	2	2	2
105	3	-	2	-	7	-	6	-	4	-	3	-	2	-	2	-	1	-	3	-	5	-	4	-	2	-	6	-	7	-	1	-	1	-	4	-	2	-	4	-	4	-	2	-	2	-	2	2	4	6	4	6	4	4	4	4	1	1	7	7	4	6	4	4	4	7	4	4	5	5	2	3	2	2	2	2	2	3	4	6	4	7	6	3	6	6	4	6	5	5
106	3	-	2	-	7	-	2	-	2	-	1	-	7	-	4	-	6	-	2	-	5	-	1	-	1	-	1	-	4	-	3	-	1	-	4	-	1	-	2	-	1	-	1	-	1	-	1	1	2	1	3	3	4	3	4	4	7	3	5	7	1	1	1	1	4	5	4	4	5	5	4	6	4	4	6	7	4	7	2	2	4	7	4	3	4	4	4	4	5	5
107	4	-	6	-	3	-	2	-	2	-	7	-	4	-	1	-	4	-	7	-	6	-	3	-	1	-	3	-	3	-	3	-	2	-	1	-	3	-	1	-	3	-	3	-	1	-	1	3	3	3	1	3	3	3	2	3	1	3	2	3	2	3	3	3	2	3	2	2	4	6	7	7	6	7	7	6	4	7	2	2	4	3	7	6	6	7	4	6	4	4
108	3	-	1	-	1	-	4	-	4	-	1	-	3	-	1	-	3	-	2	-	4	-	4	-	2	-	7	-	3	-	2	-	2	-	2	-	3	-	3	-	1	-	3	-	3	-	3	3	2	3	2	3	4	2	4	6	2	2	4	3	4	7	4	4	4	4	4	4	4	4	1	3	3	1	3	3	6	3	6	4	6	7	2	3	4	6	4	6	4	4
109	1	-	1	-	1	-	3	-	1	-	4	-	1	-	1	-	3	-	1	-	2	-	2	-	2	-	2	-	2	-	2	-	2	-	2	-	2	-	2	-	2	-	3	-	1	-	3	3	1	3	2	2	2	3	2	2	2	2	2	2	2	2	2	2	2	2	2	2	2	2	1	3	1	1	1	1	4	5	1	3	3	1	1	1	2	3	4	6	6	6
110	3	-	3	-	2	-	2	-	2	-	1	-	1	-	1	-	2	-	2	-	3	-	3	-	2	-	2	-	3	-	2	-	2	-	1	-	2	-	2	-	2	-	1	-	1	-	2	1	2	2	2	2	2	2	3	3	3	2	2	3	3	2	2	3	3	2	3	3	2	3	1	2	1	1	1	1	2	1	2	2	2	2	2	3	2	2	2	2	2	2
111	3	-	2	-	1	-	1	-	1	-	2	-	2	-	2	-	1	-	1	-	1	-	3	-	2	-	2	-	3	-	3	-	1	-	1	-	3	-	1	-	2	-	1	-	3	-	2	3	1	2	1	3	1	1	1	1	3	3	3	3	2	2	3	3	1	3	1	1	1	1	2	1	2	2	2	2	2	2	1	1	1	1	1	3	7	1	5	7	5	5
112	1	-	3	-	2	-	2	-	2	-	6	-	2	-	2	-	2	-	2	-	4	-	1	-	3	-	1	-	2	-	2	-	2	-	2	-	3	-	1	-	4	-	2	-	2	-	2	2	4	6	7	3	7	7	7	7	2	2	2	2	3	3	2	3	2	2	7	7	5	7	2	2	2	2	2	2	6	6	2	2	2	2	2	3	2	2	4	6	5	5
113	2	-	2	-	3	-	2	-	2	-	4	-	4	-	4	-	4	-	7	-	3	-	2	-	2	-	2	-	2	-	1	-	3	-	2	-	2	-	3	-	3	-	1	-	1	-	1	1	3	3	1	3	2	3	2	2	2	3	2	2	2	2	2	2	2	2	2	2	2	3	4	7	4	4	4	4	6	4	2	2	2	3	2	2	2	2	6	6	6	6
114	7	-	4	-	1	-	1	-	1	-	4	-	1	-	7	-	3	-	1	-	1	-	7	-	4	-	7	-	2	-	3	-	2	-	2	-	2	-	6	-	7	-	3	-	1	-	1	3	5	7	4	6	7	5	7	7	2	3	2	2	7	7	7	7	4	7	7	7	6	7	1	3	7	7	7	7	6	7	1	1	1	1	7	7	4	7	4	6	6	6
115	2	-	2	-	2	-	2	-	2	-	2	-	2	-	2	-	1	-	3	-	2	-	2	-	2	-	2	-	1	-	3	-	2	-	2	-	2	-	2	-	2	-	3	-	2	-	2	3	2	2	2	2	2	2	2	2	3	3	3	3	2	2	2	2	2	3	2	2	2	2	2	3	2	2	2	2	2	2	2	2	2	2	2	2	2	2	2	2	2	2
116	3	-	1	-	2	-	1	-	1	-	1	-	1	-	1	-	3	-	1	-	1	-	1	-	3	-	1	-	2	-	1	-	3	-	1	-	3	-	2	-	1	-	1	-	1	-	3	1	3	3	1	3	1	3	1	1	2	3	2	2	3	3	3	3	1	3	1	1	1	1	1	3	1	1	1	1	1	1	3	1	1	3	1	3	1	1	1	1	1	1
117	3	-	1	-	1	-	1	-	1	-	3	-	2	-	1	-	3	-	3	-	1	-	2	-	1	-	3	-	2	-	3	-	2	-	3	-	3	-	2	-	3	-	3	-	3	-	1	3	3	3	1	3	1	3	3	3	2	3	2	2	3	3	3	3	1	3	3	3	1	3	3	3	3	3	1	3	2	3	1	1	2	1	3	3	3	3	1	3	1	1
118	1	-	1	-	1	-	1	-	1	-	2	-	3	-	1	-	2	-	1	-	1	-	2	-	1	-	1	-	1	-	2	-	3	-	1	-	1	-	3	-	1	-	3	-	1	-	3	3	1	3	1	3	1	1	1	1	1	3	1	1	2	1	2	2	1	3	1	1	2	1	1	3	1	1	1	3	3	3	3	1	2	3	2	1	3	2	2	3	2	2
119	1	-	1	-	1	-	1	-	2	-	3	-	1	-	1	-	1	-	1	-	1	-	1	-	1	-	1	-	1	-	1	-	1	-	2	-	2	-	2	-	2	-	2	-	2	-	2	2	2	2	2	2	2	2	2	2	1	1	1	1	1	1	1	1	3	1	3	3	1	3	1	1	1	1	1	1	3	3	1	3	1	1	1	1	1	1	1	3	1	1
120	1	-	2	-	3	-	2	-	1	-	1	-	1	-	3	-	1	-	1	-	2	-	1	-	1	-	3	-	2	-	2	-	2	-	2	-	2	-	1	-	2	-	3	-	2	-	2	3	2	2	3	3	2	3	2	2	2	2	2	2	1	3	1	1	2	3	2	2	2	2	2	1	1	3	3	1	2	3	1	3	2	3	2	3	2	2	2	2	2	2
121	1	-	2	-	2	-	2	-	2	-	1	-	2	-	2	-	4	-	4	-	4	-	2	-	2	-	2	-	2	-	1	-	4	-	4	-	2	-	4	-	3	-	2	-	1	-	1	3	3	3	4	6	4	7	4	4	6	5	4	6	2	2	2	2	4	6	4	4	5	4	4	4	6	6	4	6	4	5	2	2	2	2	1	3	2	3	4	6	5	5
122	3	-	2	-	1	-	1	-	1	-	2	-	2	-	2	-	1	-	1	-	5	-	2	-	2	-	2	-	2	-	2	-	2	-	2	-	2	-	2	-	1	-	1	-	1	-	1	1	1	1	2	2	2	3	2	2	2	2	2	2	2	2	2	2	2	2	2	2	4	7	2	1	2	2	2	2	2	2	1	1	1	1	6	3	4	7	4	6	4	4
123	2	-	2	-	1	-	1	-	1	-	1	-	1	-	3	-	1	-	1	-	7	-	1	-	1	-	1	-	2	-	2	-	2	-	1	-	1	-	1	-	1	-	1	-	1	-	1	1	1	1	1	1	1	1	1	1	2	2	2	2	1	1	1	1	3	3	1	3	4	7	1	1	2	3	3	3	6	3	1	1	2	1	2	2	2	2	4	6	4	4
124	3	-	2	-	1	-	1	-	1	-	3	-	2	-	2	-	3	-	2	-	2	-	2	-	1	-	1	-	3	-	2	-	2	-	2	-	1	-	3	-	1	-	1	-	1	-	1	1	3	1	2	3	2	3	2	2	2	2	2	3	2	1	2	2	2	2	2	2	2	2	2	3	2	2	2	2	2	3	1	1	1	1	3	3	2	3	2	2	2	2
125	3	-	2	-	1	-	1	-	1	-	1	-	1	-	1	-	1	-	1	-	4	-	1	-	1	-	1	-	2	-	3	-	2	-	6	-	2	-	2	-	1	-	1	-	1	-	1	1	3	1	2	2	2	3	6	6	3	3	1	3	1	1	1	1	2	1	6	6	5	6	3	1	1	3	1	1	2	1	1	1	1	1	1	3	3	1	1	3	5	5
126	3	-	3	-	1	-	1	-	2	-	4	-	1	-	2	-	1	-	1	-	2	-	3	-	3	-	2	-	1	-	3	-	2	-	2	-	3	-	1	-	1	-	1	-	1	-	1	1	1	1	2	3	2	3	2	2	1	3	1	1	3	3	1	3	2	1	2	2	2	2	1	1	2	3	1	3	4	5	1	3	1	1	1	3	2	1	4	6	6	6
127	3	-	1	-	4	-	4	-	3	-	1	-	1	-	2	-	2	-	2	-	2	-	6	-	1	-	1	-	2	-	3	-	3	-	6	-	4	-	2	-	2	-	1	-	3	-	2	3	2	2	6	6	6	6	4	6	2	3	2	2	1	1	5	7	4	7	4	4	4	6	2	2	2	2	1	3	1	1	4	7	6	4	1	3	7	7	4	7	4	4
128	7	-	7	-	1	-	2	-	2	-	4	-	4	-	4	-	2	-	7	-	6	-	4	-	2	-	6	-	6	-	2	-	2	-	6	-	2	-	2	-	2	-	2	-	2	-	2	2	2	2	2	2	2	2	6	6	2	2	6	6	4	6	4	4	4	6	6	6	4	6	4	7	4	4	4	4	6	4	3	2	2	3	6	7	4	6	4	6	4	4
129	6	-	4	-	6	-	4	-	6	-	6	-	6	-	2	-	2	-	2	-	6	-	1	-	1	-	1	-	3	-	1	-	3	-	2	-	2	-	2	-	2	-	2	-	2	-	2	2	2	2	2	2	2	2	2	2	2	3	3	3	1	1	1	1	2	3	2	2	4	6	2	2	2	2	4	6	4	6	4	6	4	6	4	6	4	4	4	4	4	4
130	6	-	2	-	6	-	4	-	7	-	5	-	5	-	1	-	4	-	7	-	4	-	4	-	4	-	6	-	6	-	2	-	2	-	2	-	4	-	6	-	6	-	2	-	6	-	4	6	4	6	6	6	6	6	4	6	2	2	4	6	4	6	4	4	4	4	4	4	4	4	5	7	5	5	5	5	4	5	6	7	4	6	4	6	4	4	4	4	4	4
131	2	-	2	-	2	-	2	-	2	-	2	-	2	-	2	-	2	-	2	-	2	-	2	-	2	-	2	-	2	-	2	-	2	-	2	-	2	-	2	-	2	-	2	-	2	-	2	2	2	2	2	2	2	2	2	2	2	2	2	2	2	2	2	2	2	2	2	2	2	2	2	2	2	2	2	2	2	2	2	2	2	2	2	2	2	2	2	2	2	2
132	4	-	4	-	6	-	6	-	6	-	6	-	4	-	4	-	4	-	4	-	4	-	4	-	4	-	4	-	4	-	4	-	6	-	4	-	4	-	4	-	4	-	4	-	4	-	4	4	4	4	4	4	4	4	4	4	6	6	4	6	4	4	4	4	4	4	4	4	4	4	4	4	4	4	4	4	4	6	4	6	4	6	4	4	4	4	4	4	4	4
133	4	-	4	-	4	-	4	-	4	-	6	-	4	-	4	-	4	-	4	-	4	-	4	-	4	-	4	-	6	-	2	-	2	-	4	-	4	-	4	-	4	-	4	-	4	-	4	4	4	4	4	4	4	4	4	4	2	2	6	6	4	4	4	4	4	6	4	4	4	4	4	4	4	4	4	4	4	6	4	4	4	4	4	4	4	4	4	4	4	4
134	4	-	4	-	4	-	4	-	4	-	4	-	6	-	2	-	2	-	2	-	2	-	4	-	4	-	4	-	4	-	4	-	4	-	7	-	1	-	1	-	1	-	1	-	3	-	1	3	1	1	1	1	1	1	7	7	4	4	4	4	4	4	4	4	4	4	7	7	5	7	2	2	2	2	6	6	6	6	4	4	4	4	4	4	4	4	4	6	5	5
135	6	-	4	-	6	-	2	-	6	-	7	-	4	-	4	-	4	-	4	-	6	-	2	-	6	-	6	-	6	-	2	-	7	-	4	-	6	-	6	-	4	-	6	-	6	-	6	6	6	6	6	6	6	6	6	6	6	7	6	6	6	6	6	6	6	6	6	6	6	6	4	4	4	4	4	4	7	7	6	6	6	6	6	6	4	6	6	7	6	6
136	2	-	2	-	2	-	2	-	2	-	2	-	2	-	2	-	2	-	2	-	1	-	2	-	2	-	2	-	2	-	2	-	2	-	2	-	2	-	2	-	2	-	3	-	3	-	2	3	2	2	2	2	2	2	2	2	2	2	2	2	2	2	2	2	2	2	2	2	3	3	2	2	2	2	2	2	2	2	2	2	2	2	2	2	2	2	2	2	3	3
137	4	-	3	-	6	-	7	-	4	-	7	-	1	-	1	-	3	-	1	-	6	-	7	-	7	-	2	-	7	-	7	-	7	-	6	-	6	-	6	-	6	-	3	-	3	-	2	3	6	6	6	6	6	6	6	6	7	7	7	7	7	7	7	7	6	7	6	6	6	6	1	3	1	1	1	1	6	7	6	7	6	6	6	7	6	6	6	6	6	6
138	2	-	1	-	1	-	2	-	2	-	3	-	1	-	2	-	2	-	1	-	4	-	4	-	4	-	4	-	4	-	4	-	4	-	6	-	2	-	2	-	1	-	4	-	4	-	4	4	5	5	2	2	6	7	4	6	4	4	4	4	4	4	4	4	4	4	4	4	4	4	2	3	2	2	3	3	1	3	2	2	1	3	3	3	1	3	1	1	5	5
139	4	-	4	-	2	-	2	-	2	-	6	-	2	-	4	-	2	-	4	-	2	-	2	-	2	-	2	-	2	-	2	-	2	-	2	-	2	-	2	-	2	-	2	-	2	-	2	2	2	2	2	2	2	2	2	2	2	2	2	2	2	2	2	2	2	2	2	2	2	2	4	6	4	4	6	6	6	6	2	2	2	2	4	4	6	6	6	6	6	6
140	6	-	4	-	2	-	1	-	1	-	3	-	3	-	3	-	2	-	1	-	3	-	4	-	3	-	3	-	6	-	6	-	6	-	4	-	4	-	6	-	4	-	4	-	4	-	4	4	4	4	4	6	4	4	4	4	6	6	6	6	3	3	6	7	4	6	4	4	5	7	3	3	3	3	3	3	7	3	1	1	1	3	6	6	7	7	5	7	5	5
141	2	-	4	-	2	-	3	-	1	-	4	-	2	-	2	-	7	-	7	-	6	-	7	-	7	-	1	-	7	-	7	-	7	-	2	-	2	-	2	-	2	-	2	-	2	-	2	2	2	2	2	2	2	2	2	2	7	7	7	7	7	7	7	7	4	7	6	6	4	6	7	7	7	7	7	7	4	7	2	3	6	2	6	6	4	6	4	4	4	4
142	2	-	2	-	4	-	4	-	4	-	2	-	2	-	2	-	2	-	2	-	6	-	1	-	7	-	4	-	3	-	3	-	3	-	2	-	2	-	6	-	6	-	6	-	6	-	6	6	6	6	6	6	6	6	6	6	3	3	2	3	7	7	7	7	6	7	6	6	4	6	2	2	2	2	2	2	2	2	4	4	4	4	2	2	7	6	4	7	4	4
143	1	-	2	-	2	-	2	-	2	-	2	-	2	-	2	-	2	-	2	-	3	-	2	-	2	-	2	-	2	-	2	-	2	-	1	-	3	-	1	-	1	-	2	-	2	-	2	2	3	3	3	3	1	3	1	1	2	2	2	2	2	2	2	2	2	2	3	3	3	3	2	2	2	2	2	2	1	2	2	2	2	2	1	3	1	3	1	1	3	3
144	2	-	2	-	2	-	2	-	2	-	2	-	2	-	2	-	2	-	2	-	1	-	2	-	2	-	2	-	2	-	2	-	2	-	2	-	2	-	2	-	1	-	3	-	1	-	3	3	1	3	2	2	2	3	2	2	2	2	2	2	2	2	2	2	2	2	2	2	3	3	2	2	2	2	2	2	2	2	2	2	2	2	2	2	2	2	2	2	3	3
145	2	-	2	-	2	-	2	-	2	-	1	-	3	-	2	-	2	-	2	-	1	-	1	-	3	-	1	-	1	-	3	-	2	-	1	-	1	-	1	-	1	-	3	-	1	-	1	3	1	1	1	1	1	1	1	1	1	3	1	1	3	3	3	3	1	3	1	1	1	1	2	2	2	2	3	3	1	3	2	2	2	2	2	2	1	2	1	1	1	1
146	4	-	4	-	2	-	2	-	2	-	6	-	4	-	4	-	4	-	4	-	7	-	2	-	3	-	1	-	1	-	1	-	3	-	1	-	2	-	3	-	1	-	3	-	2	-	1	3	1	1	3	3	1	3	1	1	1	3	1	1	3	3	1	3	1	1	1	1	5	7	4	4	4	4	4	4	6	6	2	2	2	2	6	4	4	6	4	6	5	5
147	1	-	3	-	7	-	7	-	2	-	2	-	3	-	2	-	2	-	2	-	1	-	1	-	1	-	1	-	1	-	3	-	1	-	1	-	1	-	1	-	2	-	3	-	1	-	3	3	3	3	1	1	1	3	1	1	3	3	3	3	1	1	1	1	1	3	1	1	1	1	2	2	2	2	3	3	2	3	7	7	7	7	1	3	7	7	5	7	5	5
148	2	-	2	-	2	-	2	-	2	-	2	-	2	-	2	-	1	-	3	-	1	-	1	-	1	-	1	-	1	-	1	-	1	-	3	-	2	-	2	-	3	-	2	-	2	-	2	2	3	3	2	2	1	3	3	3	1	1	1	1	1	1	1	1	1	1	1	3	1	1	2	3	2	2	2	2	2	2	2	2	2	2	2	2	6	2	4	6	5	5
149	2	-	6	-	2	-	2	-	2	-	2	-	2	-	2	-	2	-	2	-	1	-	2	-	2	-	2	-	2	-	2	-	2	-	2	-	2	-	3	-	2	-	3	-	3	-	3	3	3	3	1	3	3	3	1	3	2	2	3	2	2	2	2	2	1	3	1	1	1	1	2	2	2	2	2	2	7	2	2	2	2	2	6	6	7	6	5	7	5	5
150	2	-	2	-	7	-	2	-	2	-	1	-	7	-	2	-	3	-	1	-	7	-	6	-	6	-	6	-	1	-	2	-	1	-	2	-	7	-	1	-	7	-	3	-	1	-	1	3	4	7	6	7	6	6	4	6	1	3	1	1	4	6	6	6	4	7	4	4	6	7	2	3	2	2	7	7	6	7	2	2	6	7	2	2	6	6	4	6	6	6
151	2	-	3	-	1	-	3	-	2	-	3	-	6	-	6	-	2	-	2	-	7	-	2	-	2	-	2	-	2	-	2	-	2	-	2	-	1	-	1	-	2	-	2	-	3	-	1	3	2	3	1	1	2	3	2	2	2	2	2	2	2	2	2	2	2	2	2	2	5	7	1	2	6	7	4	6	4	7	1	3	3	1	3	3	2	3	4	6	5	5
152	2	-	2	-	1	-	2	-	3	-	1	-	3	-	2	-	3	-	1	-	6	-	3	-	1	-	3	-	2	-	2	-	2	-	2	-	2	-	2	-	3	-	3	-	2	-	1	3	2	3	2	2	2	2	2	2	2	2	2	2	3	3	3	3	4	3	6	6	4	6	2	3	3	2	3	3	2	3	3	3	2	3	2	2	2	2	6	2	6	6
153	2	-	2	-	3	-	3	-	3	-	2	-	2	-	2	-	3	-	1	-	2	-	2	-	3	-	3	-	2	-	3	-	3	-	2	-	2	-	2	-	2	-	3	-	3	-	2	3	2	2	2	2	2	2	2	2	2	3	2	2	2	3	2	2	2	2	2	2	3	2	2	3	2	2	2	2	2	2	1	3	3	3	3	2	2	3	3	2	3	3
154	3	-	3	-	1	-	3	-	3	-	3	-	1	-	1	-	1	-	1	-	1	-	1	-	2	-	3	-	3	-	1	-	3	-	1	-	1	-	3	-	3	-	1	-	1	-	3	1	3	3	3	3	1	3	1	1	3	3	3	3	1	3	1	1	1	3	1	1	5	1	1	1	1	1	1	1	1	3	3	3	1	3	1	3	1	1	1	1	5	5
155	1	-	3	-	3	-	3	-	1	-	3	-	3	-	3	-	3	-	2	-	7	-	2	-	2	-	2	-	2	-	1	-	3	-	2	-	3	-	2	-	3	-	3	-	3	-	2	3	3	3	3	3	2	3	2	2	2	3	2	2	3	2	3	3	2	3	2	2	4	7	2	3	1	3	3	3	6	3	2	3	2	3	2	3	4	2	4	6	4	4
156	2	-	2	-	3	-	3	-	3	-	3	-	3	-	3	-	3	-	3	-	2	-	2	-	3	-	3	-	2	-	3	-	3	-	2	-	3	-	3	-	3	-	3	-	3	-	1	3	3	3	3	3	2	3	2	2	2	3	2	2	2	3	2	2	2	2	2	2	4	2	3	3	3	3	3	3	5	3	3	3	2	3	2	2	5	2	4	5	4	4
157	3	-	2	-	1	-	3	-	2	-	3	-	2	-	2	-	1	-	3	-	2	-	3	-	3	-	1	-	3	-	3	-	2	-	2	-	3	-	1	-	3	-	1	-	1	-	1	1	2	3	3	3	2	3	2	2	2	3	3	3	2	3	1	3	2	3	2	2	2	2	3	3	3	3	2	3	2	3	1	3	3	1	1	3	2	3	2	2	2	2
158	1	-	3	-	2	-	2	-	3	-	1	-	3	-	1	-	1	-	3	-	3	-	3	-	3	-	2	-	2	-	2	-	2	-	2	-	2	-	2	-	3	-	2	-	3	-	3	3	3	3	2	2	2	3	3	2	2	2	2	2	1	3	3	3	1	3	3	3	4	3	3	3	1	3	3	3	2	3	2	3	2	2	2	3	3	2	5	3	5	5
159	3	-	1	-	2	-	2	-	2	-	3	-	1	-	2	-	3	-	2	-	3	-	3	-	2	-	3	-	2	-	2	-	2	-	2	-	2	-	3	-	2	-	2	-	2	-	2	2	2	2	2	3	2	2	2	2	2	2	2	2	1	3	3	3	2	3	2	2	1	3	3	3	1	3	1	1	1	3	2	2	2	2	3	3	1	3	1	1	1	1
160	2	-	2	-	2	-	2	-	2	-	2	-	2	-	2	-	2	-	2	-	1	-	2	-	1	-	3	-	3	-	2	-	2	-	1	-	1	-	3	-	3	-	2	-	3	-	1	3	3	3	1	3	1	3	1	1	2	2	3	3	3	3	1	3	1	3	1	1	1	1	2	2	2	2	2	2	2	2	2	2	1	2	3	2	3	3	3	3	3	3
161	3	-	2	-	2	-	2	-	2	-	2	-	2	-	2	-	2	-	2	-	2	-	1	-	1	-	3	-	2	-	3	-	2	-	1	-	3	-	2	-	1	-	3	-	1	-	3	3	1	3	3	3	1	3	1	1	2	3	2	2	3	3	3	3	3	3	3	3	3	3	2	2	2	2	2	2	3	2	2	2	1	2	3	3	2	3	2	3	3	3
162	6	-	4	-	2	-	2	-	2	-	2	-	2	-	2	-	2	-	2	-	4	-	7	-	6	-	2	-	2	-	2	-	2	-	4	-	4	-	4	-	4	-	6	-	4	-	4	6	4	4	4	4	4	4	4	4	2	2	2	2	4	6	7	7	4	7	4	4	4	4	2	2	2	2	2	2	6	2	2	2	2	2	6	6	4	6	4	6	4	4
163	2	-	3	-	3	-	1	-	1	-	1	-	1	-	2	-	1	-	3	-	1	-	3	-	2	-	2	-	3	-	2	-	2	-	1	-	2	-	3	-	2	-	2	-	3	-	3	3	3	3	2	3	1	3	1	1	2	2	1	3	2	2	3	3	1	3	1	1	1	1	3	3	3	3	3	3	1	3	1	1	1	3	3	3	1	3	1	1	1	1
164	2	-	2	-	3	-	3	-	1	-	7	-	6	-	2	-	6	-	4	-	6	-	3	-	2	-	2	-	2	-	2	-	2	-	3	-	2	-	2	-	1	-	2	-	3	-	3	3	2	3	2	2	2	2	2	3	2	2	2	2	2	2	2	3	2	2	2	2	4	6	6	6	4	6	4	6	5	7	2	3	3	3	2	2	1	3	5	5	5	5
165	2	-	3	-	1	-	3	-	1	-	3	-	2	-	2	-	2	-	3	-	2	-	3	-	3	-	3	-	2	-	2	-	2	-	2	-	2	-	2	-	1	-	2	-	3	-	3	3	2	3	2	2	2	2	2	2	2	2	2	2	1	3	3	3	2	3	2	2	2	2	2	3	2	2	2	2	2	3	2	3	2	3	2	3	2	2	2	2	2	2
166	2	-	2	-	3	-	2	-	2	-	1	-	2	-	2	-	3	-	3	-	7	-	3	-	3	-	3	-	1	-	3	-	2	-	2	-	3	-	3	-	1	-	2	-	2	-	3	2	1	3	7	3	7	7	7	7	3	3	3	3	3	3	2	3	2	3	7	7	4	7	2	3	2	2	3	2	2	3	3	2	7	3	7	2	6	7	4	6	4	4
167	2	-	2	-	3	-	2	-	2	-	5	-	2	-	2	-	2	-	2	-	6	-	1	-	3	-	3	-	1	-	1	-	3	-	2	-	2	-	2	-	2	-	2	-	2	-	2	2	3	2	2	2	2	3	2	2	1	3	1	1	3	3	1	3	2	1	2	2	5	6	2	2	2	2	2	2	4	7	2	2	2	3	2	2	4	2	4	4	5	5
168	3	-	3	-	3	-	3	-	2	-	6	-	1	-	3	-	1	-	2	-	4	-	6	-	2	-	2	-	3	-	3	-	1	-	2	-	3	-	1	-	1	-	3	-	3	-	2	3	3	3	3	3	2	3	2	2	3	3	6	3	6	2	6	6	4	6	4	6	4	4	1	3	2	3	1	3	4	7	3	3	4	3	3	3	4	7	4	4	4	4
169	2	-	2	-	3	-	1	-	2	-	2	-	2	-	2	-	2	-	1	-	2	-	2	-	2	-	2	-	2	-	2	-	2	-	2	-	2	-	2	-	3	-	2	-	1	-	3	3	2	3	2	2	2	2	2	2	2	2	2	2	2	2	2	2	2	2	2	2	2	2	2	3	2	2	2	2	2	2	3	3	3	3	2	2	1	3	2	3	2	2
170	3	-	3	-	3	-	2	-	2	-	1	-	1	-	1	-	2	-	2	-	1	-	1	-	1	-	3	-	2	-	2	-	2	-	2	-	2	-	2	-	2	-	2	-	2	-	2	2	2	2	2	2	2	2	2	2	2	2	2	2	3	3	2	3	2	2	2	2	3	3	2	2	1	3	1	1	1	1	2	2	1	3	1	3	1	1	1	1	3	3
171	3	-	3	-	1	-	3	-	3	-	2	-	2	-	2	-	2	-	2	-	2	-	1	-	2	-	3	-	2	-	1	-	2	-	1	-	2	-	2	-	2	-	2	-	2	-	2	2	2	2	2	2	1	2	1	1	1	3	3	3	3	3	3	3	3	3	2	3	2	2	2	2	2	2	2	2	2	2	3	3	3	3	2	3	2	3	2	2	2	2
172	2	-	2	-	2	-	3	-	1	-	2	-	2	-	2	-	2	-	2	-	2	-	2	-	2	-	2	-	2	-	2	-	2	-	2	-	2	-	2	-	2	-	2	-	2	-	2	2	2	2	2	2	2	2	2	2	2	2	2	2	2	2	2	2	2	2	2	2	2	2	2	2	2	2	2	2	4	2	3	3	2	3	2	2	2	2	6	6	6	6
173	2	-	2	-	2	-	1	-	3	-	2	-	2	-	2	-	2	-	2	-	3	-	2	-	6	-	2	-	4	-	4	-	4	-	2	-	2	-	2	-	2	-	2	-	2	-	2	2	2	2	2	2	2	2	2	2	4	4	4	4	6	6	4	6	4	4	4	6	4	7	2	2	2	2	2	2	4	2	2	3	2	2	6	2	6	6	4	6	4	4
174	2	-	2	-	2	-	2	-	1	-	2	-	3	-	2	-	1	-	2	-	2	-	2	-	2	-	2	-	2	-	2	-	2	-	2	-	2	-	2	-	2	-	1	-	3	-	1	3	2	3	2	2	2	2	2	2	2	2	2	2	2	2	2	2	2	2	2	2	2	2	2	3	2	2	1	3	4	3	1	3	2	3	2	2	2	2	4	6	6	6
175	2	-	2	-	3	-	1	-	2	-	2	-	2	-	1	-	3	-	1	-	3	-	3	-	1	-	2	-	2	-	2	-	2	-	1	-	2	-	2	-	1	-	1	-	3	-	3	3	1	3	2	2	1	3	1	1	2	2	2	2	1	3	1	3	1	3	1	1	1	3	1	3	1	1	2	3	2	2	2	3	2	3	2	2	2	2	2	2	3	3
176	2	-	2	-	2	-	2	-	2	-	2	-	1	-	2	-	2	-	1	-	2	-	2	-	2	-	2	-	2	-	3	-	2	-	2	-	2	-	3	-	2	-	2	-	2	-	2	2	2	2	2	3	2	2	2	2	2	3	2	2	2	2	2	2	2	2	2	2	2	2	2	3	2	2	3	3	1	3	2	2	3	2	1	2	1	3	1	1	3	3
177	2	-	2	-	2	-	2	-	2	-	2	-	2	-	2	-	2	-	2	-	1	-	2	-	2	-	2	-	2	-	2	-	2	-	2	-	2	-	2	-	2	-	2	-	2	-	2	2	2	2	2	2	2	2	2	2	2	2	1	2	2	2	2	2	2	3	2	2	1	3	2	2	2	2	2	2	2	2	2	2	2	2	2	2	2	2	2	2	3	3
178	2	-	1	-	2	-	2	-	2	-	2	-	2	-	2	-	2	-	2	-	1	-	2	-	2	-	2	-	2	-	2	-	2	-	2	-	2	-	2	-	2	-	2	-	2	-	2	2	2	2	2	2	2	2	2	2	2	2	2	2	2	2	2	2	2	2	2	2	4	3	2	2	2	2	2	2	2	2	2	2	1	2	2	3	2	3	4	2	4	4
179	1	-	3	-	2	-	2	-	2	-	2	-	2	-	2	-	2	-	2	-	2	-	2	-	2	-	2	-	4	-	2	-	2	-	1	-	2	-	2	-	4	-	2	-	2	-	2	2	4	6	2	2	7	6	7	7	2	2	6	6	2	2	1	2	7	7	5	7	4	7	2	2	2	2	2	2	4	2	2	2	1	2	2	3	2	3	4	6	4	4
180	2	-	3	-	2	-	2	-	2	-	2	-	2	-	2	-	2	-	2	-	2	-	1	-	2	-	2	-	2	-	2	-	2	-	1	-	1	-	2	-	2	-	2	-	2	-	2	2	2	2	1	3	1	3	1	1	2	2	2	2	2	2	1	3	1	3	1	1	2	3	2	2	2	2	2	2	1	2	2	2	2	2	1	3	2	3	2	3	2	2
181	2	-	2	-	2	-	2	-	2	-	3	-	2	-	2	-	2	-	2	-	2	-	2	-	2	-	1	-	1	-	3	-	3	-	2	-	2	-	2	-	2	-	2	-	2	-	2	2	2	2	2	2	2	2	2	2	2	3	3	3	1	3	3	3	2	3	2	2	2	2	2	2	1	2	1	3	2	3	2	2	1	2	2	2	2	3	2	2	2	2
182	2	-	2	-	2	-	2	-	2	-	2	-	2	-	2	-	2	-	2	-	1	-	2	-	2	-	2	-	2	-	2	-	2	-	2	-	2	-	2	-	2	-	2	-	2	-	2	2	1	2	2	2	2	3	2	2	2	2	2	2	2	2	2	2	2	2	2	2	1	3	2	2	2	2	2	2	1	2	2	2	2	2	2	2	2	2	1	3	1	1
183	2	-	2	-	2	-	2	-	3	-	2	-	2	-	2	-	2	-	2	-	1	-	3	-	2	-	2	-	2	-	2	-	2	-	2	-	3	-	3	-	2	-	2	-	2	-	3	2	2	3	2	3	2	2	2	2	2	2	2	2	2	2	3	3	1	3	3	3	1	3	2	2	2	2	2	2	1	2	2	3	2	2	2	2	1	2	1	1	1	1
184	2	-	2	-	2	-	2	-	2	-	3	-	3	-	1	-	3	-	1	-	2	-	2	-	2	-	3	-	2	-	2	-	2	-	2	-	2	-	2	-	2	-	2	-	2	-	2	2	2	2	2	2	2	2	2	2	2	2	2	2	3	3	2	3	2	2	2	2	2	2	2	3	1	3	2	3	2	3	3	2	2	3	2	2	2	2	2	2	2	2
185	3	-	1	-	2	-	1	-	3	-	2	-	1	-	2	-	1	-	1	-	2	-	3	-	2	-	2	-	3	-	2	-	2	-	2	-	3	-	1	-	2	-	2	-	2	-	3	2	2	3	1	3	2	3	1	2	2	2	2	3	3	2	2	3	1	2	1	1	1	3	3	1	1	3	2	1	2	2	2	3	3	2	1	3	2	3	1	2	1	1
186	1	-	3	-	3	-	2	-	1	-	3	-	2	-	2	-	2	-	2	-	2	-	3	-	2	-	3	-	2	-	2	-	2	-	1	-	2	-	2	-	3	-	1	-	3	-	3	3	2	3	1	2	3	3	3	3	2	2	2	2	2	3	3	3	1	3	2	3	1	2	2	2	2	2	2	2	2	3	2	3	1	3	2	3	2	3	1	2	1	1
187	3	-	1	-	2	-	2	-	3	-	3	-	1	-	3	-	3	-	2	-	2	-	2	-	1	-	1	-	2	-	2	-	2	-	2	-	2	-	2	-	2	-	2	-	2	-	2	2	2	2	2	2	2	2	2	2	2	2	2	2	2	1	2	2	2	2	2	2	1	2	1	3	1	3	1	1	1	3	2	3	1	2	3	3	1	3	1	1	1	1
188	1	-	2	-	2	-	2	-	2	-	2	-	2	-	2	-	2	-	2	-	2	-	2	-	2	-	2	-	6	-	6	-	6	-	4	-	2	-	2	-	2	-	2	-	2	-	2	2	2	2	2	2	4	2	4	4	6	6	6	6	4	2	6	6	4	6	4	4	4	6	2	2	2	2	2	2	2	2	2	2	2	2	1	3	1	3	1	3	5	5
189	2	-	2	-	2	-	2	-	2	-	2	-	2	-	2	-	2	-	2	-	3	-	2	-	2	-	2	-	2	-	2	-	3	-	2	-	1	-	2	-	2	-	2	-	2	-	2	2	2	2	1	3	2	3	2	2	3	3	1	3	2	2	2	2	2	3	2	2	4	3	2	2	2	2	2	2	4	2	2	2	2	2	2	2	2	2	4	6	4	4
190	2	-	2	-	2	-	6	-	4	-	2	-	2	-	2	-	2	-	2	-	2	-	2	-	2	-	2	-	2	-	2	-	2	-	4	-	6	-	4	-	6	-	2	-	2	-	2	2	4	6	4	6	4	4	4	4	2	2	2	2	2	2	2	2	1	2	5	5	4	7	2	2	2	2	2	2	2	2	4	6	6	6	2	2	7	6	5	7	5	5
191	2	-	3	-	3	-	3	-	1	-	1	-	2	-	2	-	2	-	2	-	2	-	2	-	2	-	2	-	2	-	2	-	2	-	2	-	2	-	2	-	3	-	3	-	2	-	1	3	1	3	3	2	2	3	2	2	2	2	2	2	2	2	2	2	2	2	2	2	2	2	3	2	1	3	3	3	2	3	1	3	2	3	3	3	2	3	2	2	2	2
192	2	-	2	-	7	-	2	-	2	-	6	-	4	-	2	-	6	-	4	-	4	-	2	-	2	-	2	-	6	-	2	-	2	-	4	-	4	-	4	-	2	-	1	-	3	-	7	3	6	7	4	4	4	6	4	4	2	2	6	6	2	2	2	2	4	6	4	4	4	4	4	6	6	6	4	6	4	6	2	2	7	7	2	2	4	7	4	4	4	4
193	2	-	2	-	2	-	2	-	2	-	1	-	1	-	1	-	2	-	2	-	2	-	2	-	2	-	2	-	2	-	2	-	2	-	2	-	2	-	2	-	2	-	2	-	2	-	2	2	1	2	2	2	2	3	2	2	2	2	2	2	2	2	2	2	2	2	2	2	2	2	2	2	3	3	3	3	2	3	2	2	2	2	2	2	2	2	2	2	2	2
194	1	-	2	-	2	-	3	-	1	-	3	-	2	-	2	-	2	-	2	-	2	-	1	-	3	-	3	-	7	-	2	-	2	-	4	-	2	-	2	-	4	-	2	-	3	-	3	3	4	7	3	2	4	7	4	4	2	2	7	7	3	3	1	3	4	7	4	4	6	6	2	2	2	2	2	2	2	3	1	3	1	3	3	3	2	3	2	2	6	6
195	2	-	2	-	2	-	2	-	2	-	1	-	3	-	2	-	2	-	2	-	4	-	7	-	3	-	2	-	7	-	2	-	2	-	1	-	2	-	2	-	3	-	3	-	2	-	1	3	1	3	3	2	1	3	1	1	2	2	7	7	1	3	4	7	7	7	7	7	5	7	2	2	2	2	3	3	1	3	2	2	3	2	2	2	1	3	1	1	5	5
196	5	-	2	-	2	-	2	-	2	-	2	-	3	-	1	-	2	-	2	-	5	-	2	-	2	-	2	-	2	-	2	-	2	-	1	-	2	-	2	-	2	-	2	-	2	-	2	2	2	2	2	2	1	2	1	1	2	2	2	2	2	2	2	2	6	2	5	7	4	5	3	2	1	3	1	3	2	3	2	2	2	2	6	7	6	6	6	6	6	6
197	3	-	1	-	1	-	2	-	3	-	3	-	2	-	2	-	2	-	2	-	3	-	2	-	2	-	2	-	3	-	2	-	2	-	1	-	3	-	2	-	1	-	2	-	2	-	1	2	1	1	1	3	1	1	1	1	2	2	3	3	2	2	2	2	1	3	1	1	1	3	2	2	2	2	2	2	1	3	2	3	1	3	1	3	1	1	1	1	1	1
198	2	-	2	-	2	-	2	-	2	-	1	-	3	-	3	-	2	-	2	-	7	-	2	-	3	-	1	-	3	-	2	-	2	-	1	-	1	-	3	-	2	-	2	-	2	-	2	2	2	2	3	3	1	3	1	1	1	2	1	3	3	3	1	3	1	1	1	1	6	7	2	2	1	3	1	3	2	1	2	2	2	2	2	2	2	2	2	2	6	6
199	3	-	1	-	2	-	2	-	2	-	2	-	2	-	7	-	6	-	2	-	7	-	2	-	2	-	2	-	2	-	2	-	2	-	2	-	5	-	5	-	6	-	6	-	4	-	6	6	7	6	7	5	7	7	7	7	2	2	2	2	2	2	2	2	2	2	7	7	5	7	4	6	7	7	7	7	5	7	2	2	2	2	2	3	2	2	5	7	5	5
200	2	-	2	-	2	-	2	-	2	-	2	-	2	-	2	-	2	-	2	-	2	-	2	-	2	-	2	-	2	-	2	-	2	-	2	-	2	-	2	-	2	-	2	-	2	-	2	2	2	2	2	2	2	2	2	2	2	2	2	2	2	2	2	2	2	2	2	2	2	2	2	2	2	2	2	2	2	2	2	2	2	2	2	2	2	2	2	2	2	2
201	2	-	2	-	2	-	2	-	2	-	2	-	2	-	2	-	2	-	2	-	3	-	3	-	2	-	1	-	1	-	1	-	1	-	2	-	2	-	2	-	2	-	2	-	2	-	2	2	2	2	2	2	2	2	2	2	1	1	1	1	1	3	3	3	1	3	3	3	3	3	2	2	2	2	2	2	2	2	2	2	2	2	2	2	1	2	3	3	3	3
202	2	-	2	-	1	-	2	-	1	-	1	-	3	-	1	-	2	-	1	-	3	-	2	-	2	-	2	-	2	-	2	-	2	-	2	-	2	-	2	-	2	-	1	-	2	-	1	3	1	3	2	2	1	3	3	3	2	2	2	2	2	2	2	2	2	2	3	3	1	3	1	3	1	1	3	3	3	3	1	3	1	1	3	2	1	3	1	3	1	1
203	7	-	1	-	7	-	4	-	7	-	7	-	7	-	4	-	4	-	2	-	3	-	6	-	2	-	2	-	4	-	2	-	6	-	4	-	4	-	4	-	2	-	4	-	4	-	4	4	4	6	4	4	4	4	4	4	6	6	6	6	2	2	6	6	4	6	4	4	5	7	4	6	4	4	7	7	4	7	7	7	7	7	7	7	5	7	4	5	5	5
204	1	-	3	-	2	-	2	-	2	-	3	-	2	-	2	-	2	-	2	-	2	-	2	-	2	-	2	-	2	-	2	-	2	-	2	-	2	-	3	-	3	-	2	-	3	-	1	3	3	3	1	3	3	3	2	3	2	2	2	2	2	2	2	2	2	2	2	2	1	2	2	2	2	2	3	2	1	3	2	2	2	2	1	3	1	3	3	1	3	3
205	6	-	4	-	1	-	1	-	3	-	4	-	6	-	4	-	4	-	4	-	4	-	2	-	2	-	2	-	2	-	2	-	2	-	2	-	2	-	2	-	2	-	2	-	2	-	2	2	2	2	2	2	2	2	2	2	2	2	2	2	2	2	2	2	2	2	2	2	4	6	4	4	4	4	4	6	4	4	3	3	1	3	5	6	4	5	4	4	4	4
206	3	-	1	-	2	-	1	-	3	-	3	-	2	-	2	-	2	-	2	-	2	-	2	-	2	-	2	-	2	-	2	-	2	-	2	-	2	-	2	-	2	-	2	-	2	-	2	2	2	2	2	2	2	2	2	2	2	2	2	2	2	2	2	2	2	2	2	2	1	2	2	2	2	2	2	2	1	3	3	3	1	3	3	3	1	3	3	1	3	3
207	2	-	2	-	1	-	3	-	2	-	2	-	2	-	2	-	2	-	2	-	3	-	2	-	2	-	2	-	2	-	2	-	2	-	2	-	2	-	2	-	2	-	2	-	2	-	2	2	2	2	2	2	2	2	2	2	2	2	2	2	2	2	2	2	2	2	2	2	3	3	2	2	2	2	2	2	1	2	3	3	3	3	2	2	3	3	1	3	3	3
208	2	-	2	-	2	-	3	-	2	-	2	-	2	-	2	-	2	-	2	-	2	-	2	-	2	-	2	-	2	-	2	-	2	-	2	-	2	-	2	-	2	-	2	-	2	-	2	2	2	2	2	2	2	2	2	2	2	2	2	2	2	2	2	2	2	2	2	2	2	2	2	2	2	2	2	2	2	2	2	3	2	2	2	2	2	2	2	2	2	2
209	2	-	2	-	2	-	2	-	2	-	2	-	2	-	2	-	2	-	2	-	3	-	2	-	2	-	2	-	2	-	2	-	2	-	2	-	2	-	2	-	2	-	2	-	2	-	2	2	2	2	2	2	2	2	2	2	2	2	2	2	2	2	2	2	2	2	2	2	1	3	2	2	2	2	2	2	2	2	2	2	2	2	2	2	2	2	2	2	3	3
210	2	-	2	-	2	-	2	-	2	-	2	-	2	-	1	-	3	-	3	-	2	-	2	-	2	-	2	-	2	-	2	-	2	-	2	-	3	-	2	-	2	-	2	-	2	-	2	2	2	2	3	3	2	3	2	2	2	2	2	2	2	2	2	2	2	2	2	2	3	2	3	3	3	3	1	3	3	3	2	2	2	2	2	2	1	2	3	3	3	3
211	2	-	2	-	7	-	2	-	7	-	6	-	6	-	6	-	7	-	7	-	1	-	3	-	3	-	1	-	3	-	2	-	3	-	1	-	3	-	3	-	2	-	2	-	2	-	2	2	3	2	3	3	1	3	1	1	3	3	3	3	3	3	3	3	1	3	1	1	1	1	6	7	6	6	6	6	7	6	7	7	6	7	6	2	7	6	4	7	5	5
212	2	-	2	-	2	-	2	-	2	-	2	-	2	-	2	-	2	-	2	-	2	-	2	-	2	-	2	-	2	-	2	-	2	-	2	-	2	-	2	-	2	-	2	-	2	-	2	2	2	2	2	2	2	2	2	2	2	2	2	2	2	2	2	2	2	2	2	2	2	2	2	2	2	2	2	2	2	2	2	2	2	2	2	2	2	2	2	2	2	2
213	2	-	2	-	2	-	2	-	2	-	2	-	2	-	2	-	2	-	2	-	4	-	7	-	6	-	4	-	6	-	2	-	6	-	4	-	6	-	6	-	6	-	4	-	6	-	4	6	6	6	6	6	4	6	4	4	6	6	6	6	4	6	6	7	4	6	4	4	4	4	2	2	2	2	2	2	2	2	2	2	2	2	2	2	2	2	4	2	4	4
214	2	-	7	-	2	-	1	-	5	-	7	-	7	-	6	-	4	-	6	-	4	-	3	-	2	-	2	-	3	-	1	-	1	-	1	-	2	-	2	-	3	-	2	-	2	-	2	2	3	3	2	2	1	3	1	1	1	1	3	3	2	2	1	3	1	3	1	1	4	5	6	6	4	6	7	7	4	7	7	5	4	7	7	7	6	7	6	6	6	6
215	2	-	3	-	3	-	1	-	1	-	3	-	2	-	1	-	2	-	3	-	1	-	2	-	2	-	2	-	2	-	2	-	2	-	3	-	1	-	1	-	1	-	3	-	3	-	1	3	1	1	1	1	3	1	3	3	2	2	2	2	2	2	2	2	2	2	1	3	1	1	1	3	3	1	3	3	1	3	3	1	1	3	1	3	1	1	1	1	1	1
216	2	-	2	-	2	-	1	-	1	-	1	-	1	-	1	-	3	-	1	-	1	-	3	-	2	-	2	-	2	-	2	-	2	-	3	-	2	-	2	-	2	-	2	-	2	-	2	2	2	2	3	2	3	3	1	3	2	2	2	2	2	2	1	3	1	3	1	1	1	1	1	3	1	1	1	1	7	1	1	1	3	3	3	2	7	3	5	7	5	5
217	1	-	2	-	1	-	2	-	2	-	1	-	1	-	1	-	3	-	3	-	2	-	2	-	2	-	2	-	2	-	3	-	3	-	2	-	2	-	2	-	2	-	2	-	2	-	2	2	2	2	2	2	2	2	2	2	2	3	2	2	2	2	2	2	2	2	2	2	2	2	1	3	1	1	1	1	2	1	2	2	3	3	3	3	2	3	2	2	2	2
218	2	-	2	-	2	-	2	-	2	-	2	-	2	-	2	-	2	-	2	-	2	-	2	-	2	-	2	-	2	-	2	-	2	-	2	-	2	-	2	-	2	-	2	-	2	-	2	2	2	2	2	2	2	2	2	2	2	2	2	2	2	2	2	2	2	2	2	2	2	2	2	2	2	2	2	2	2	2	2	2	2	2	2	2	2	2	2	2	2	2
219	2	-	1	-	1	-	2	-	3	-	1	-	1	-	1	-	1	-	1	-	1	-	3	-	1	-	1	-	1	-	1	-	1	-	1	-	1	-	1	-	1	-	3	-	2	-	1	3	1	1	1	1	1	1	1	1	1	1	1	1	1	1	3	3	1	3	1	1	1	1	1	1	1	1	1	1	1	1	1	3	1	1	1	3	1	1	1	1	1	1
220	2	-	2	-	2	-	2	-	2	-	2	-	2	-	2	-	2	-	2	-	1	-	3	-	2	-	2	-	2	-	2	-	2	-	1	-	1	-	1	-	3	-	1	-	1	-	1	1	1	3	1	1	1	1	1	1	2	2	2	2	2	2	3	3	3	3	3	3	3	3	2	2	2	2	2	2	2	2	2	2	2	2	2	2	2	2	2	2	3	3
221	2	-	2	-	2	-	6	-	6	-	2	-	2	-	4	-	4	-	4	-	6	-	2	-	2	-	2	-	2	-	2	-	2	-	2	-	2	-	2	-	2	-	2	-	2	-	2	2	2	2	2	2	2	2	2	2	2	2	2	2	2	2	2	2	2	2	2	2	4	6	4	4	4	4	6	6	4	6	6	6	6	6	2	2	4	6	4	4	4	4
222	2	-	2	-	2	-	2	-	2	-	2	-	2	-	2	-	2	-	2	-	2	-	2	-	2	-	2	-	1	-	1	-	1	-	2	-	2	-	2	-	2	-	2	-	2	-	2	2	2	2	2	2	2	2	2	2	1	1	1	1	2	2	2	2	3	3	3	3	1	3	2	2	2	2	2	2	2	2	2	2	2	2	2	2	2	2	2	2	3	3
223	4	-	4	-	4	-	4	-	4	-	4	-	4	-	4	-	4	-	4	-	4	-	4	-	4	-	4	-	4	-	4	-	4	-	4	-	4	-	4	-	4	-	4	-	4	-	4	4	4	4	4	4	4	4	4	4	4	4	4	4	4	4	4	4	4	4	4	4	4	4	4	4	4	4	4	4	4	4	4	4	4	4	4	4	4	4	4	4	4	4
224	1	-	1	-	1	-	1	-	1	-	2	-	1	-	1	-	1	-	1	-	1	-	1	-	2	-	1	-	2	-	2	-	2	-	1	-	1	-	1	-	1	-	1	-	1	-	1	1	1	1	1	1	1	1	1	1	2	2	2	2	1	3	1	1	1	3	1	1	1	1	1	1	1	1	1	1	1	3	1	1	1	1	1	1	1	1	1	1	1	1
225	1	-	1	-	1	-	1	-	1	-	1	-	1	-	1	-	1	-	1	-	2	-	2	-	2	-	2	-	2	-	2	-	2	-	2	-	2	-	2	-	2	-	2	-	2	-	2	2	2	2	2	2	2	2	2	2	2	2	2	2	2	2	2	2	2	2	2	2	2	2	1	1	1	1	1	1	1	1	1	1	1	1	1	1	1	1	1	1	3	3
226	2	-	2	-	2	-	2	-	2	-	2	-	2	-	2	-	2	-	2	-	2	-	2	-	2	-	2	-	2	-	2	-	2	-	2	-	2	-	2	-	2	-	2	-	2	-	2	2	2	2	2	2	2	2	2	2	2	2	2	2	2	2	2	2	2	2	2	2	2	2	2	2	2	2	2	2	2	2	2	2	2	2	2	2	2	2	2	2	2	2
227	2	-	2	-	2	-	2	-	2	-	2	-	2	-	2	-	2	-	2	-	2	-	2	-	2	-	2	-	2	-	2	-	2	-	2	-	2	-	2	-	2	-	2	-	2	-	2	2	2	2	2	2	2	2	2	2	2	2	2	2	2	2	2	2	2	2	2	2	2	2	2	2	2	2	2	2	2	2	2	2	2	2	2	2	2	2	2	2	2	2
228	4	-	4	-	1	-	2	-	2	-	3	-	4	-	4	-	4	-	4	-	7	-	4	-	4	-	4	-	1	-	1	-	1	-	2	-	2	-	5	-	5	-	5	-	5	-	5	5	5	5	5	7	5	5	7	7	1	1	1	1	4	4	6	4	7	7	7	7	5	7	4	4	4	4	4	4	5	7	2	2	3	3	4	4	5	7	5	5	5	5
229	2	-	2	-	2	-	2	-	2	-	2	-	2	-	2	-	2	-	2	-	2	-	1	-	1	-	1	-	1	-	1	-	1	-	1	-	1	-	1	-	1	-	1	-	1	-	1	1	1	1	1	1	1	1	1	1	1	1	1	1	1	1	1	1	1	1	1	1	2	3	2	2	2	2	2	2	2	2	2	2	2	2	2	2	2	2	2	2	2	2
230	2	-	2	-	2	-	2	-	2	-	2	-	2	-	2	-	2	-	2	-	4	-	2	-	4	-	4	-	6	-	6	-	6	-	4	-	4	-	4	-	4	-	2	-	2	-	2	2	4	6	4	4	4	4	4	4	6	6	6	6	4	4	6	6	4	6	4	4	4	4	2	2	2	2	2	2	2	2	2	2	2	2	2	2	2	2	2	2	6	6
231	2	-	2	-	7	-	7	-	1	-	4	-	2	-	2	-	2	-	2	-	1	-	1	-	1	-	1	-	1	-	1	-	1	-	1	-	1	-	1	-	3	-	1	-	1	-	3	1	1	3	1	1	1	1	1	1	1	1	1	1	1	1	1	1	1	1	1	1	1	1	2	2	2	2	2	2	4	6	7	7	4	7	2	2	4	6	4	4	5	5
232	2	-	2	-	1	-	2	-	1	-	1	-	2	-	2	-	2	-	2	-	1	-	1	-	1	-	1	-	2	-	2	-	2	-	1	-	1	-	1	-	2	-	2	-	2	-	2	2	2	2	1	1	1	3	1	1	2	2	2	2	1	1	1	1	1	3	1	1	1	1	2	2	2	2	2	2	4	3	1	3	1	1	2	2	1	3	4	5	5	5
233	1	-	2	-	1	-	1	-	2	-	1	-	1	-	1	-	1	-	2	-	4	-	4	-	4	-	4	-	2	-	2	-	2	-	4	-	4	-	4	-	4	-	4	-	2	-	4	6	4	4	4	4	4	4	4	4	2	2	2	2	4	4	4	4	4	6	4	4	4	4	1	3	1	1	1	1	1	1	1	3	1	1	1	3	1	1	1	1	5	5
234	2	-	2	-	2	-	2	-	2	-	2	-	2	-	2	-	2	-	2	-	2	-	1	-	1	-	1	-	2	-	2	-	2	-	2	-	2	-	2	-	2	-	2	-	2	-	2	2	2	2	2	2	2	2	2	2	2	2	2	2	1	1	1	1	1	3	3	3	1	3	2	2	2	2	2	2	2	2	2	2	2	2	2	2	2	2	2	2	3	3
235	2	-	2	-	2	-	2	-	2	-	1	-	2	-	2	-	2	-	2	-	1	-	1	-	1	-	1	-	1	-	1	-	1	-	1	-	1	-	1	-	1	-	1	-	1	-	1	1	1	1	1	1	1	1	1	1	1	1	1	1	1	1	1	1	1	1	1	1	3	1	2	2	2	2	2	2	1	3	2	2	2	2	2	2	2	2	3	3	3	3
236	4	-	2	-	4	-	4	-	4	-	4	-	4	-	4	-	4	-	4	-	4	-	4	-	4	-	2	-	4	-	4	-	4	-	4	-	2	-	2	-	2	-	2	-	2	-	2	2	2	2	2	2	2	2	4	6	4	4	4	4	4	6	4	4	4	4	4	4	4	4	4	4	4	4	4	4	4	4	4	4	4	4	4	6	4	4	4	4	4	4
237	2	-	1	-	1	-	2	-	3	-	1	-	1	-	2	-	2	-	2	-	2	-	2	-	2	-	2	-	2	-	2	-	2	-	2	-	2	-	2	-	2	-	2	-	2	-	2	2	2	2	2	2	2	2	2	2	2	2	2	2	2	2	2	2	2	2	2	2	2	2	2	2	2	2	1	3	1	1	1	3	1	1	1	3	1	1	1	1	3	3
238	1	-	3	-	2	-	2	-	2	-	3	-	2	-	2	-	2	-	2	-	2	-	2	-	2	-	2	-	2	-	2	-	2	-	2	-	2	-	2	-	2	-	2	-	2	-	2	2	2	2	2	2	2	2	2	2	2	2	2	2	2	2	2	2	2	2	2	2	2	2	2	2	2	2	2	2	3	3	2	2	2	2	3	3	1	3	2	3	2	2
239	3	-	1	-	2	-	2	-	2	-	1	-	2	-	2	-	2	-	2	-	1	-	2	-	2	-	2	-	1	-	3	-	1	-	1	-	1	-	2	-	3	-	2	-	2	-	2	2	3	3	1	3	1	3	1	1	1	3	1	1	2	2	2	2	1	3	1	1	1	1	2	2	2	2	2	2	1	3	2	2	2	2	1	3	1	3	1	1	1	1
240	2	-	2	-	2	-	2	-	2	-	2	-	1	-	2	-	3	-	1	-	1	-	2	-	2	-	2	-	2	-	2	-	2	-	2	-	2	-	2	-	2	-	2	-	2	-	2	2	2	2	2	2	2	2	2	2	2	2	2	2	2	2	2	2	2	2	2	2	2	3	1	3	3	3	3	3	1	3	2	2	2	2	2	2	2	2	1	3	3	3
241	2	-	2	-	2	-	2	-	2	-	2	-	2	-	2	-	2	-	1	-	2	-	2	-	2	-	2	-	2	-	2	-	2	-	2	-	2	-	2	-	2	-	2	-	2	-	2	2	2	2	2	2	2	2	2	2	2	2	2	2	2	2	2	2	2	2	2	2	1	2	2	3	2	2	2	2	2	2	2	2	2	2	2	2	2	2	2	2	3	3
242	2	-	2	-	1	-	3	-	2	-	1	-	1	-	2	-	2	-	2	-	1	-	2	-	2	-	2	-	2	-	2	-	2	-	2	-	2	-	2	-	2	-	2	-	2	-	2	2	2	2	2	2	2	2	2	2	2	2	2	2	2	2	2	2	2	2	2	2	1	3	2	2	2	2	3	3	1	3	1	3	1	1	2	2	1	3	1	1	1	1
243	2	-	2	-	2	-	2	-	2	-	2	-	2	-	2	-	2	-	2	-	3	-	1	-	2	-	2	-	2	-	1	-	2	-	1	-	1	-	2	-	1	-	2	-	2	-	2	2	1	3	1	3	1	1	1	1	1	3	3	3	2	2	3	3	1	3	1	1	3	3	2	2	2	2	2	2	2	2	2	2	2	2	2	2	2	2	2	2	3	3
244	2	-	2	-	2	-	1	-	2	-	2	-	2	-	2	-	2	-	2	-	1	-	2	-	2	-	2	-	2	-	2	-	2	-	2	-	2	-	2	-	2	-	2	-	2	-	2	2	2	2	2	2	2	2	2	2	2	2	2	2	2	2	2	2	2	2	2	2	3	3	2	2	2	2	2	2	2	2	3	3	1	3	2	2	1	3	3	3	3	3
245	3	-	3	-	2	-	2	-	3	-	1	-	2	-	2	-	2	-	2	-	1	-	2	-	2	-	2	-	2	-	2	-	2	-	2	-	2	-	2	-	2	-	2	-	2	-	2	2	2	2	2	2	2	2	2	2	2	2	2	2	2	2	2	2	2	2	2	2	1	3	2	2	2	2	2	2	3	3	3	3	3	3	3	3	2	3	1	3	1	1
246	2	-	3	-	3	-	3	-	3	-	1	-	3	-	1	-	1	-	1	-	3	-	2	-	2	-	2	-	2	-	2	-	2	-	3	-	3	-	3	-	3	-	2	-	2	-	2	2	3	3	3	3	3	3	3	3	2	2	2	2	2	2	2	2	2	2	3	3	3	3	1	1	1	1	3	3	3	3	3	3	3	3	3	3	3	3	3	3	3	3
247	2	-	3	-	1	-	3	-	1	-	1	-	7	-	1	-	1	-	1	-	7	-	3	-	1	-	3	-	1	-	1	-	1	-	1	-	3	-	1	-	3	-	2	-	2	-	2	2	1	3	3	3	1	3	1	1	1	1	1	1	3	3	3	3	3	3	1	3	4	7	1	1	1	1	7	7	7	7	3	3	3	3	3	3	1	3	5	7	5	5
248	7	-	2	-	3	-	2	-	3	-	3	-	2	-	3	-	3	-	2	-	3	-	1	-	2	-	2	-	1	-	1	-	3	-	1	-	2	-	3	-	2	-	1	-	3	-	3	3	1	3	1	3	3	1	3	3	3	3	1	3	2	2	3	3	1	3	3	3	1	3	1	3	3	3	3	3	7	3	1	3	1	3	7	7	4	7	5	7	5	5
249	1	-	1	-	1	-	3	-	2	-	1	-	7	-	3	-	2	-	2	-	7	-	7	-	7	-	1	-	2	-	2	-	2	-	7	-	7	-	1	-	2	-	2	-	2	-	2	2	2	2	5	7	4	7	5	7	2	2	2	2	7	7	6	7	4	6	4	5	4	7	2	2	1	3	7	7	5	7	1	3	1	1	1	1	1	1	6	5	6	6
250	2	-	3	-	3	-	1	-	1	-	3	-	1	-	2	-	1	-	2	-	7	-	2	-	2	-	2	-	2	-	2	-	2	-	2	-	2	-	2	-	2	-	2	-	2	-	2	2	2	2	2	2	2	2	2	2	2	2	2	2	2	2	2	2	2	2	2	2	4	7	1	3	3	3	3	3	3	3	1	1	3	3	3	3	3	3	1	3	5	5
251	2	-	2	-	2	-	1	-	1	-	7	-	1	-	1	-	1	-	3	-	3	-	1	-	1	-	1	-	2	-	2	-	2	-	2	-	2	-	2	-	2	-	2	-	2	-	2	2	2	2	2	2	2	2	2	2	2	2	2	2	1	1	1	1	1	3	1	3	1	3	1	3	1	1	1	1	6	7	3	1	3	3	2	2	1	3	5	7	5	5
252	3	-	1	-	2	-	2	-	3	-	1	-	3	-	1	-	1	-	1	-	3	-	2	-	2	-	2	-	2	-	2	-	2	-	2	-	3	-	3	-	1	-	1	-	1	-	1	1	3	1	3	3	3	3	2	3	2	2	2	2	2	2	2	2	2	2	2	2	2	3	1	1	1	1	1	3	2	1	3	3	3	3	2	3	2	3	2	2	2	2
253	1	-	1	-	1	-	1	-	1	-	2	-	3	-	2	-	1	-	1	-	2	-	1	-	1	-	1	-	2	-	1	-	1	-	2	-	2	-	2	-	2	-	2	-	2	-	2	2	2	2	2	2	2	2	2	2	1	1	3	3	1	1	1	1	1	3	3	3	2	3	1	1	3	3	3	3	1	3	1	1	1	1	1	1	1	1	1	1	3	3
254	2	-	2	-	3	-	2	-	2	-	2	-	1	-	1	-	1	-	1	-	1	-	2	-	2	-	2	-	2	-	2	-	2	-	2	-	2	-	2	-	2	-	2	-	2	-	2	2	2	2	2	2	2	2	2	2	2	2	2	2	2	2	2	2	2	2	2	2	1	3	1	1	1	1	1	1	3	3	2	2	2	3	2	2	2	2	1	3	1	1
255	3	-	2	-	2	-	3	-	1	-	2	-	1	-	1	-	3	-	2	-	4	-	1	-	3	-	1	-	3	-	3	-	1	-	6	-	1	-	3	-	3	-	3	-	3	-	1	3	2	3	5	3	4	7	6	6	1	3	3	3	1	3	1	1	1	3	7	7	4	7	1	3	1	1	3	1	1	3	1	3	1	3	1	3	3	1	4	3	4	4
256	1	-	3	-	1	-	2	-	2	-	1	-	2	-	2	-	1	-	3	-	1	-	3	-	2	-	2	-	3	-	1	-	1	-	1	-	3	-	2	-	1	-	1	-	1	-	1	1	3	1	2	3	1	3	3	1	1	1	1	3	2	2	3	3	1	3	7	3	5	7	2	3	2	2	2	2	3	3	2	2	3	3	1	3	1	3	4	3	5	5
257	1	-	1	-	1	-	2	-	3	-	1	-	1	-	3	-	3	-	1	-	3	-	1	-	1	-	1	-	3	-	1	-	3	-	2	-	1	-	1	-	1	-	3	-	2	-	1	3	1	1	3	1	2	3	2	2	1	3	1	3	1	1	1	1	2	1	2	2	2	3	2	3	3	3	3	3	2	3	1	3	1	1	3	1	2	3	2	2	2	2
258	1	-	2	-	1	-	1	-	1	-	2	-	1	-	2	-	3	-	2	-	1	-	2	-	1	-	2	-	1	-	1	-	3	-	1	-	3	-	1	-	3	-	1	-	2	-	1	3	3	3	2	3	1	3	1	1	1	3	1	1	3	3	3	3	1	3	1	1	3	1	2	3	2	2	1	3	1	3	1	1	1	1	1	3	3	1	2	3	3	3
259	1	-	1	-	3	-	2	-	2	-	1	-	1	-	2	-	2	-	3	-	3	-	2	-	1	-	1	-	2	-	3	-	1	-	3	-	1	-	3	-	3	-	2	-	3	-	1	3	1	3	1	3	1	1	1	3	1	3	3	3	3	1	2	3	3	3	2	3	2	3	1	3	3	3	3	3	2	3	2	2	3	3	1	1	7	3	6	7	6	6
260	2	-	1	-	2	-	2	-	1	-	1	-	1	-	1	-	1	-	1	-	2	-	2	-	2	-	2	-	1	-	2	-	3	-	2	-	2	-	2	-	2	-	2	-	2	-	2	2	2	2	2	2	2	2	2	2	1	3	1	1	2	2	2	2	1	3	1	3	1	3	1	1	1	1	1	1	1	1	3	3	1	3	1	3	2	1	1	3	1	1
261	2	-	2	-	6	-	1	-	1	-	2	-	1	-	1	-	1	-	1	-	2	-	4	-	2	-	1	-	4	-	2	-	4	-	1	-	1	-	1	-	1	-	2	-	2	-	2	2	1	3	1	1	1	1	1	1	4	6	4	4	3	3	5	7	5	5	5	5	4	7	1	1	1	1	1	1	2	3	1	1	6	7	2	2	4	6	4	6	4	4
262	2	-	2	-	2	-	2	-	2	-	7	-	2	-	2	-	2	-	2	-	4	-	5	-	1	-	1	-	1	-	1	-	1	-	4	-	1	-	6	-	6	-	4	-	6	-	4	6	4	6	4	7	4	4	4	4	1	1	1	1	1	1	5	5	4	5	4	4	4	4	2	2	2	2	2	2	6	7	2	2	2	2	2	2	2	2	4	6	4	4
263	3	-	1	-	3	-	1	-	1	-	3	-	1	-	1	-	3	-	2	-	3	-	1	-	1	-	1	-	1	-	1	-	1	-	2	-	1	-	1	-	3	-	1	-	1	-	1	1	3	3	1	1	1	3	1	3	1	1	1	1	1	1	1	1	1	1	1	1	1	3	1	3	1	1	1	1	1	3	1	1	3	3	1	3	3	3	3	3	3	3
264	2	-	2	-	7	-	1	-	1	-	4	-	4	-	4	-	4	-	4	-	4	-	7	-	2	-	2	-	4	-	5	-	4	-	4	-	6	-	4	-	4	-	6	-	2	-	4	6	4	4	4	6	4	4	4	4	4	5	4	4	2	2	5	7	4	5	4	4	4	4	4	4	4	4	4	4	4	4	1	1	6	7	2	2	4	6	4	4	4	4
265	2	-	2	-	2	-	2	-	2	-	2	-	2	-	2	-	2	-	2	-	2	-	2	-	2	-	2	-	2	-	2	-	2	-	2	-	2	-	2	-	2	-	2	-	2	-	2	2	2	2	2	2	2	2	2	2	2	2	2	2	2	2	2	2	2	2	2	2	2	2	2	2	2	2	2	2	2	2	2	2	2	2	2	2	6	2	6	6	6	6
266	4	-	4	-	4	-	4	-	4	-	6	-	6	-	6	-	2	-	2	-	4	-	4	-	7	-	7	-	4	-	4	-	6	-	4	-	4	-	4	-	2	-	6	-	6	-	6	6	4	6	4	4	4	4	4	4	4	6	4	4	4	7	4	4	4	4	4	4	4	4	2	2	6	6	6	6	4	6	4	4	4	4	4	4	4	4	4	4	4	4
267	1	-	1	-	3	-	4	-	4	-	4	-	4	-	4	-	4	-	4	-	4	-	4	-	4	-	4	-	4	-	4	-	4	-	4	-	4	-	4	-	4	-	4	-	4	-	4	4	4	4	4	4	4	4	4	4	4	4	4	4	4	4	4	4	4	4	4	4	4	4	4	4	4	4	4	4	4	4	4	4	5	7	1	1	7	5	4	7	4	4
268	1	-	3	-	1	-	2	-	3	-	2	-	1	-	2	-	3	-	1	-	2	-	2	-	2	-	2	-	2	-	2	-	2	-	2	-	2	-	2	-	2	-	2	-	2	-	2	2	2	2	2	2	2	2	2	2	2	2	2	2	2	2	2	2	2	2	2	2	2	2	3	3	3	3	3	3	1	3	1	3	1	1	3	3	1	3	3	1	3	3
269	2	-	2	-	2	-	1	-	1	-	1	-	2	-	2	-	2	-	2	-	5	-	2	-	2	-	4	-	2	-	2	-	2	-	1	-	2	-	2	-	1	-	2	-	2	-	2	2	3	3	2	2	1	3	1	1	2	2	2	2	6	6	4	6	4	6	4	5	4	5	2	2	2	2	2	2	1	3	1	1	3	3	2	2	1	3	1	1	5	5
270	2	-	2	-	2	-	2	-	2	-	1	-	1	-	1	-	1	-	1	-	4	-	2	-	3	-	2	-	2	-	2	-	2	-	1	-	1	-	1	-	1	-	1	-	1	-	1	1	1	1	1	1	1	1	2	1	2	2	2	2	3	3	3	3	2	3	2	2	4	6	1	1	1	1	3	1	5	3	2	2	2	2	2	2	2	2	6	7	6	6
271	1	-	1	-	1	-	1	-	1	-	1	-	1	-	1	-	1	-	1	-	4	-	4	-	4	-	4	-	4	-	4	-	4	-	1	-	5	-	5	-	4	-	4	-	4	-	4	4	4	4	5	5	5	5	7	5	4	4	4	4	4	4	4	4	4	4	7	7	5	7	1	1	1	1	1	1	1	1	1	1	1	1	1	1	1	1	1	1	5	5
272	1	-	1	-	1	-	1	-	1	-	1	-	1	-	1	-	1	-	1	-	3	-	1	-	2	-	2	-	2	-	2	-	2	-	1	-	2	-	2	-	1	-	1	-	2	-	1	3	1	1	2	2	1	3	1	1	2	2	2	2	2	2	3	3	1	3	1	1	4	3	1	1	1	1	1	1	2	1	1	1	1	1	1	1	2	1	4	2	4	4
273	2	-	2	-	2	-	2	-	2	-	1	-	1	-	1	-	1	-	1	-	2	-	2	-	2	-	2	-	2	-	2	-	2	-	2	-	2	-	2	-	2	-	2	-	2	-	2	2	2	2	2	2	2	2	2	2	2	2	2	2	2	2	2	2	2	2	2	2	2	2	1	1	1	1	1	1	2	1	2	2	2	2	2	2	2	2	2	2	2	2
274	2	-	2	-	2	-	2	-	1	-	1	-	2	-	2	-	2	-	2	-	3	-	1	-	1	-	1	-	1	-	1	-	1	-	1	-	1	-	1	-	1	-	2	-	1	-	1	3	1	1	1	1	1	1	1	1	1	1	1	1	1	1	1	1	1	1	1	1	1	3	2	2	2	2	2	2	1	3	3	3	3	3	2	2	1	3	1	1	1	1
275	1	-	1	-	1	-	1	-	1	-	2	-	1	-	1	-	1	-	1	-	2	-	2	-	2	-	2	-	2	-	2	-	2	-	2	-	2	-	2	-	2	-	2	-	2	-	2	2	2	2	2	2	2	2	2	2	2	2	2	2	2	2	2	2	2	2	2	2	2	2	1	1	1	1	1	1	1	3	1	1	1	1	1	1	1	1	1	1	3	3
276	2	-	4	-	2	-	2	-	2	-	4	-	4	-	4	-	4	-	4	-	4	-	6	-	2	-	6	-	4	-	4	-	4	-	4	-	1	-	1	-	4	-	1	-	1	-	1	1	5	5	1	1	4	5	4	4	4	4	4	4	4	6	4	6	4	4	4	4	4	4	4	4	4	4	4	4	4	4	2	2	2	2	4	6	4	6	4	4	4	4
277	2	-	2	-	1	-	2	-	2	-	4	-	2	-	1	-	3	-	1	-	1	-	2	-	2	-	2	-	4	-	2	-	2	-	4	-	2	-	6	-	1	-	3	-	1	-	1	3	2	1	4	6	4	6	4	4	2	2	6	6	2	2	2	2	4	6	4	4	4	5	1	3	1	1	3	3	4	7	2	2	1	3	2	2	2	3	4	6	4	4
278	7	-	1	-	3	-	1	-	1	-	3	-	2	-	2	-	2	-	2	-	5	-	1	-	1	-	1	-	1	-	3	-	3	-	1	-	1	-	1	-	1	-	1	-	1	-	1	1	1	1	1	1	3	1	1	3	3	3	1	3	1	1	1	1	2	1	2	3	4	7	2	2	2	2	2	2	5	3	1	1	1	3	7	7	5	7	4	5	4	4
279	1	-	2	-	2	-	2	-	2	-	1	-	1	-	3	-	1	-	3	-	3	-	1	-	2	-	3	-	1	-	1	-	1	-	2	-	1	-	1	-	3	-	3	-	1	-	1	3	1	3	1	1	1	1	3	3	1	1	1	1	1	3	1	1	1	1	3	3	3	3	3	3	3	3	3	3	3	3	2	2	2	2	3	3	3	3	1	3	3	3
280	2	-	2	-	2	-	3	-	1	-	3	-	2	-	1	-	1	-	1	-	3	-	2	-	2	-	2	-	2	-	2	-	3	-	1	-	2	-	2	-	3	-	1	-	1	-	1	1	3	3	2	2	1	3	1	1	3	3	3	3	2	2	2	2	3	3	1	3	2	3	1	1	1	1	1	3	3	3	3	3	3	3	2	2	1	3	3	3	3	3
281	1	-	1	-	2	-	3	-	2	-	3	-	2	-	2	-	2	-	2	-	1	-	3	-	1	-	1	-	1	-	1	-	1	-	3	-	1	-	1	-	1	-	1	-	1	-	1	1	1	1	1	1	1	1	1	3	1	1	1	1	3	1	3	3	1	3	1	1	1	1	2	2	2	2	2	2	2	3	3	3	3	3	1	1	3	3	1	3	1	1
282	6	-	6	-	2	-	4	-	6	-	4	-	4	-	7	-	1	-	1	-	6	-	6	-	2	-	2	-	4	-	6	-	2	-	6	-	4	-	4	-	4	-	4	-	4	-	4	4	4	4	4	4	4	4	6	6	4	6	4	4	2	2	6	6	6	6	6	6	4	6	1	1	7	7	6	7	4	6	6	6	6	6	6	6	4	6	4	4	4	4
283	1	-	3	-	3	-	3	-	3	-	3	-	1	-	1	-	1	-	1	-	3	-	2	-	2	-	2	-	2	-	2	-	2	-	2	-	2	-	2	-	2	-	2	-	2	-	2	2	2	2	2	2	2	2	2	2	2	2	2	2	2	2	2	2	2	2	2	2	1	3	1	1	1	1	1	1	3	3	1	3	1	3	1	3	3	1	1	3	1	1
284	2	-	2	-	2	-	2	-	2	-	3	-	1	-	1	-	3	-	3	-	2	-	3	-	1	-	1	-	3	-	3	-	2	-	2	-	2	-	2	-	2	-	2	-	2	-	2	2	2	2	2	2	2	2	2	2	3	3	3	3	1	1	3	3	2	3	2	2	2	2	1	3	1	1	1	1	2	3	2	2	2	2	2	2	2	2	2	2	2	2
285	6	-	6	-	6	-	7	-	7	-	6	-	6	-	6	-	6	-	6	-	6	-	3	-	3	-	3	-	1	-	3	-	3	-	2	-	2	-	2	-	2	-	3	-	3	-	2	3	2	2	2	2	2	2	2	2	1	3	3	1	3	3	3	3	2	3	2	2	4	6	6	6	6	6	6	6	4	6	6	7	6	6	6	6	4	6	4	4	4	4
286	3	-	2	-	1	-	3	-	3	-	3	-	2	-	2	-	2	-	2	-	2	-	3	-	3	-	2	-	3	-	1	-	3	-	3	-	3	-	1	-	3	-	1	-	1	-	1	1	3	3	2	3	3	3	3	3	3	3	1	3	3	3	3	3	2	3	3	3	3	3	2	2	2	2	2	2	3	3	3	3	3	3	3	3	3	3	3	3	3	3
287	3	-	1	-	3	-	3	-	2	-	1	-	1	-	1	-	1	-	3	-	2	-	1	-	1	-	1	-	3	-	1	-	3	-	2	-	1	-	1	-	3	-	2	-	3	-	2	3	1	3	1	1	3	1	3	3	3	3	3	3	1	1	1	1	2	3	3	3	1	3	1	3	1	1	1	1	1	1	3	3	1	3	3	3	3	3	1	3	1	1
288	2	-	3	-	1	-	3	-	2	-	3	-	3	-	2	-	1	-	1	-	7	-	3	-	1	-	3	-	3	-	1	-	1	-	2	-	1	-	1	-	3	-	2	-	3	-	2	3	1	3	3	1	2	3	2	2	1	1	2	3	2	3	3	3	2	3	2	2	4	7	3	1	1	3	2	3	7	3	1	3	2	1	3	3	4	3	4	7	4	4
289	1	-	3	-	2	-	3	-	3	-	1	-	1	-	1	-	3	-	2	-	1	-	2	-	2	-	3	-	3	-	1	-	1	-	3	-	3	-	2	-	1	-	3	-	2	-	1	3	1	1	1	3	1	1	1	3	2	1	3	3	2	3	2	2	3	3	3	3	1	3	1	3	1	1	1	1	7	1	3	3	7	3	4	3	7	7	5	7	5	5
290	1	-	1	-	1	-	1	-	3	-	1	-	3	-	1	-	3	-	1	-	3	-	1	-	3	-	1	-	1	-	1	-	1	-	2	-	1	-	3	-	1	-	3	-	2	-	3	3	1	3	3	3	2	3	2	2	1	1	1	1	1	3	3	1	3	3	2	3	1	3	1	3	1	1	3	3	1	3	1	3	2	1	3	1	1	3	1	1	1	1
291	1	-	1	-	3	-	3	-	3	-	3	-	1	-	1	-	3	-	3	-	3	-	1	-	1	-	1	-	1	-	1	-	1	-	2	-	2	-	2	-	2	-	3	-	1	-	3	3	3	3	2	2	3	3	3	3	1	1	1	1	1	1	1	1	3	1	1	3	2	3	1	3	1	1	1	1	3	3	3	3	3	3	3	1	2	3	2	3	2	2
292	1	-	1	-	3	-	1	-	3	-	3	-	2	-	2	-	3	-	1	-	2	-	2	-	1	-	3	-	2	-	2	-	2	-	2	-	1	-	3	-	3	-	2	-	2	-	2	2	2	3	3	3	2	3	2	2	2	2	2	2	2	3	2	2	2	2	2	2	1	2	2	3	2	2	2	2	3	3	1	3	1	3	1	1	3	1	1	3	1	1
293	1	-	3	-	2	-	2	-	2	-	3	-	1	-	3	-	1	-	1	-	4	-	2	-	2	-	2	-	2	-	2	-	2	-	7	-	1	-	3	-	3	-	2	-	2	-	2	2	3	3	3	3	2	3	7	7	2	2	2	2	2	2	2	2	2	2	7	7	5	7	1	1	1	3	1	1	3	3	2	2	2	2	2	3	2	2	1	3	5	5
294	7	-	7	-	1	-	3	-	2	-	1	-	1	-	1	-	2	-	3	-	4	-	2	-	2	-	2	-	1	-	6	-	1	-	4	-	6	-	6	-	4	-	3	-	3	-	2	3	4	6	6	6	4	6	4	4	7	7	6	7	2	2	6	2	4	6	4	4	6	4	1	3	1	1	1	1	4	1	2	3	1	3	7	7	4	7	4	4	6	6
295	6	-	4	-	2	-	2	-	2	-	1	-	6	-	4	-	2	-	2	-	2	-	6	-	4	-	6	-	4	-	2	-	4	-	4	-	6	-	6	-	6	-	4	-	6	-	4	6	6	6	4	6	4	6	4	4	4	6	4	4	6	6	4	6	4	4	4	4	4	6	2	2	4	6	6	6	6	7	2	2	6	2	4	6	6	6	6	6	6	6
296	1	-	1	-	1	-	1	-	1	-	1	-	1	-	1	-	1	-	1	-	3	-	1	-	1	-	1	-	1	-	1	-	1	-	1	-	1	-	1	-	1	-	1	-	1	-	1	1	1	1	1	1	1	1	1	1	1	1	1	1	1	1	1	1	1	1	1	1	1	3	1	1	1	1	1	1	1	1	1	1	1	1	1	1	1	1	1	1	1	1
297	7	-	7	-	7	-	7	-	7	-	6	-	6	-	6	-	6	-	6	-	2	-	7	-	7	-	7	-	7	-	7	-	1	-	7	-	7	-	1	-	6	-	6	-	6	-	6	6	4	6	7	7	7	7	7	7	7	7	7	7	7	7	7	7	7	7	7	7	5	7	6	6	6	6	6	6	4	6	7	7	7	7	7	7	7	7	5	7	5	5
298	2	-	2	-	2	-	2	-	2	-	3	-	3	-	2	-	3	-	3	-	1	-	1	-	1	-	1	-	2	-	2	-	2	-	1	-	1	-	1	-	1	-	1	-	1	-	1	1	1	1	1	1	1	1	1	1	2	2	2	2	1	1	1	1	3	3	1	3	1	1	3	3	3	3	3	3	3	3	2	2	2	2	2	2	2	2	1	3	1	1
299	1	-	2	-	3	-	3	-	3	-	3	-	1	-	3	-	2	-	1	-	1	-	2	-	2	-	2	-	1	-	1	-	1	-	1	-	1	-	1	-	1	-	1	-	1	-	1	1	1	1	1	1	1	1	1	1	1	1	1	1	2	2	2	2	1	3	1	1	1	1	3	3	1	3	1	1	3	3	3	3	3	3	3	3	3	3	1	3	1	1
300	2	-	1	-	1	-	1	-	1	-	1	-	1	-	1	-	1	-	1	-	1	-	2	-	2	-	1	-	1	-	1	-	1	-	1	-	1	-	1	-	3	-	2	-	2	-	2	2	1	3	1	1	1	1	1	1	1	1	1	1	1	3	1	3	1	1	1	1	1	1	1	1	1	1	1	1	1	1	1	1	1	1	1	3	1	1	1	1	1	1
301	2	-	2	-	2	-	2	-	2	-	2	-	2	-	2	-	2	-	2	-	2	-	1	-	1	-	1	-	1	-	1	-	1	-	1	-	1	-	1	-	1	-	1	-	1	-	1	1	1	1	1	1	1	1	1	1	1	1	1	1	1	1	1	1	1	1	1	1	1	3	2	2	2	2	2	2	2	2	2	2	2	2	2	2	2	2	2	2	3	3
302	4	-	4	-	4	-	4	-	4	-	4	-	2	-	2	-	2	-	2	-	1	-	1	-	2	-	3	-	1	-	1	-	1	-	1	-	1	-	1	-	1	-	1	-	1	-	1	1	1	1	1	1	1	1	1	1	1	1	1	1	1	3	1	1	1	1	1	1	1	1	2	2	2	2	2	2	4	6	4	4	4	4	4	4	4	4	4	4	5	5
303	2	-	2	-	2	-	2	-	2	-	2	-	2	-	2	-	2	-	2	-	2	-	2	-	2	-	2	-	2	-	2	-	2	-	2	-	2	-	2	-	2	-	2	-	2	-	2	2	2	2	2	2	2	2	2	2	2	2	2	2	2	2	2	2	2	2	2	2	2	2	2	2	2	2	2	2	2	2	2	2	2	2	2	2	2	2	2	2	2	2
304	2	-	2	-	1	-	1	-	1	-	2	-	2	-	2	-	2	-	2	-	1	-	1	-	2	-	2	-	1	-	1	-	1	-	1	-	1	-	2	-	1	-	1	-	1	-	1	1	1	1	1	3	1	1	1	1	1	1	1	1	2	2	1	3	1	1	1	1	1	1	2	2	2	2	2	2	2	2	1	1	1	1	2	2	3	3	1	3	1	1
305	2	-	2	-	2	-	2	-	2	-	2	-	2	-	2	-	2	-	2	-	2	-	2	-	2	-	2	-	2	-	2	-	2	-	2	-	2	-	2	-	2	-	2	-	2	-	2	2	2	2	2	2	2	2	2	2	2	2	2	2	2	2	2	2	2	2	2	2	2	2	2	2	2	2	2	2	2	2	2	2	2	2	2	2	2	2	2	2	2	2
306	1	-	1	-	1	-	1	-	1	-	1	-	1	-	1	-	1	-	1	-	1	-	1	-	1	-	1	-	2	-	2	-	2	-	1	-	1	-	1	-	1	-	1	-	1	-	1	1	1	1	1	1	1	1	1	1	2	2	2	2	1	1	1	1	1	3	1	1	1	1	1	1	1	1	1	1	1	1	1	1	1	1	1	1	1	1	1	1	1	1
307	1	-	2	-	2	-	2	-	2	-	3	-	1	-	1	-	2	-	2	-	1	-	2	-	2	-	2	-	1	-	1	-	1	-	1	-	1	-	1	-	1	-	1	-	1	-	1	1	1	1	1	1	1	1	1	1	1	1	1	1	2	2	2	2	1	3	1	1	1	1	2	2	3	3	3	3	1	3	2	2	2	2	1	3	1	3	1	1	1	1
308	2	-	2	-	7	-	2	-	2	-	7	-	2	-	2	-	2	-	2	-	4	-	2	-	2	-	2	-	2	-	2	-	2	-	1	-	4	-	3	-	4	-	4	-	4	-	4	4	4	4	5	7	5	5	5	5	2	2	2	2	2	2	2	2	4	2	5	5	5	5	2	2	2	2	2	2	5	7	2	2	7	7	2	2	5	7	5	5	5	5
309	2	-	3	-	1	-	1	-	1	-	2	-	2	-	1	-	1	-	1	-	1	-	1	-	1	-	1	-	2	-	2	-	2	-	1	-	1	-	1	-	1	-	1	-	1	-	1	1	1	1	1	1	1	1	1	1	2	2	2	2	1	1	1	1	1	3	1	1	1	1	1	1	1	1	3	3	1	3	1	1	1	1	1	3	1	1	1	1	1	1
310	2	-	2	-	2	-	2	-	2	-	2	-	2	-	2	-	2	-	2	-	1	-	1	-	1	-	1	-	1	-	1	-	1	-	1	-	1	-	1	-	1	-	1	-	1	-	1	1	1	1	1	1	1	1	1	1	1	1	1	1	1	1	1	1	1	1	1	1	1	1	2	2	2	2	2	2	2	2	2	2	2	2	2	2	2	2	2	2	3	3
311	4	-	4	-	4	-	4	-	4	-	4	-	2	-	4	-	4	-	4	-	5	-	1	-	2	-	3	-	2	-	1	-	2	-	2	-	2	-	2	-	1	-	1	-	3	-	1	3	3	1	2	2	1	3	3	3	3	3	3	3	1	3	1	1	1	3	1	3	5	5	4	4	4	4	6	6	4	6	4	4	4	4	4	4	4	4	4	4	5	5
312	4	-	4	-	4	-	4	-	4	-	4	-	4	-	4	-	4	-	4	-	2	-	2	-	2	-	1	-	2	-	2	-	2	-	2	-	2	-	2	-	2	-	2	-	2	-	2	2	2	2	2	2	2	2	2	2	2	2	2	2	2	3	2	2	2	2	2	2	2	2	4	4	4	4	4	4	4	4	4	4	4	4	4	4	4	4	4	4	6	6
313	2	-	2	-	2	-	2	-	2	-	2	-	2	-	2	-	2	-	2	-	1	-	1	-	1	-	1	-	1	-	1	-	1	-	1	-	1	-	1	-	1	-	1	-	1	-	1	1	1	1	1	1	1	1	1	1	1	1	1	1	1	1	1	1	1	1	1	1	1	1	2	2	2	2	2	2	2	2	2	2	2	2	2	2	2	2	2	2	3	3
314	2	-	2	-	2	-	2	-	2	-	1	-	2	-	2	-	2	-	2	-	1	-	1	-	1	-	1	-	1	-	1	-	1	-	1	-	1	-	1	-	1	-	1	-	1	-	1	1	1	1	1	1	1	1	1	1	1	1	1	1	1	1	1	1	1	1	1	1	1	1	2	2	2	2	2	2	3	3	2	2	2	2	2	2	2	2	1	3	1	1
315	4	-	4	-	6	-	2	-	6	-	4	-	2	-	4	-	4	-	4	-	4	-	2	-	2	-	2	-	4	-	4	-	6	-	4	-	2	-	6	-	4	-	4	-	6	-	4	6	4	4	4	6	4	4	4	4	6	6	6	6	2	2	2	2	4	6	4	4	4	4	4	4	4	4	4	6	4	4	4	6	4	6	4	4	4	4	4	4	4	4
316	2	-	2	-	6	-	2	-	2	-	2	-	2	-	2	-	2	-	2	-	2	-	2	-	2	-	2	-	2	-	2	-	2	-	2	-	2	-	2	-	2	-	2	-	2	-	2	2	2	2	2	2	2	2	2	2	2	2	2	2	2	2	2	2	2	2	2	2	2	2	2	2	2	2	2	2	2	2	2	2	6	6	2	2	6	6	6	6	6	6
317	1	-	2	-	2	-	1	-	1	-	4	-	4	-	4	-	4	-	2	-	4	-	4	-	2	-	4	-	2	-	4	-	4	-	4	-	4	-	4	-	2	-	4	-	2	-	6	6	4	6	4	4	4	4	4	4	4	4	6	6	4	6	4	4	4	6	4	4	4	4	4	6	4	4	4	4	4	4	1	1	3	3	1	3	1	3	5	5	5	5
318	2	-	2	-	2	-	1	-	1	-	2	-	2	-	2	-	2	-	2	-	1	-	1	-	2	-	2	-	2	-	1	-	1	-	1	-	2	-	2	-	1	-	1	-	1	-	1	1	1	1	2	2	1	3	1	1	1	1	3	3	2	2	3	3	1	3	1	1	1	1	2	2	2	2	2	2	2	2	1	1	3	3	2	2	3	3	1	3	1	1
319	1	-	1	-	2	-	2	-	2	-	2	-	1	-	1	-	1	-	1	-	1	-	2	-	2	-	2	-	1	-	1	-	1	-	2	-	2	-	2	-	2	-	2	-	2	-	2	2	2	2	2	2	2	2	2	2	1	1	1	1	2	2	2	2	1	3	1	3	1	1	1	1	1	1	1	1	1	3	2	2	2	2	1	1	1	3	1	1	1	1
320	2	-	2	-	2	-	1	-	6	-	2	-	1	-	6	-	2	-	1	-	4	-	2	-	2	-	2	-	2	-	2	-	2	-	4	-	2	-	6	-	2	-	2	-	2	-	2	2	2	2	4	6	4	6	4	4	2	2	2	2	2	2	2	2	4	2	4	4	4	4	1	3	7	7	4	7	6	6	5	7	4	7	2	2	4	6	4	6	4	4
321	2	-	2	-	2	-	2	-	2	-	2	-	2	-	2	-	2	-	2	-	1	-	2	-	2	-	2	-	2	-	2	-	2	-	2	-	2	-	2	-	2	-	2	-	2	-	2	2	2	2	2	2	2	2	2	2	2	2	2	2	2	2	2	2	2	2	2	2	1	3	2	2	2	2	2	2	3	2	2	2	2	2	2	2	3	2	3	3	3	3
322	6	-	6	-	6	-	2	-	2	-	2	-	2	-	3	-	3	-	3	-	4	-	6	-	6	-	6	-	2	-	2	-	2	-	4	-	2	-	2	-	2	-	2	-	2	-	2	2	2	2	2	2	4	2	4	4	2	2	6	2	6	6	6	6	4	6	4	4	4	4	3	3	2	3	2	2	4	2	6	2	4	6	4	6	4	4	4	4	4	4
323	1	-	7	-	3	-	3	-	3	-	2	-	2	-	2	-	2	-	2	-	2	-	2	-	2	-	2	-	2	-	2	-	2	-	2	-	2	-	2	-	2	-	2	-	2	-	2	2	2	2	2	2	2	2	2	2	2	2	2	2	2	2	2	2	2	2	2	2	6	2	2	2	2	2	2	2	6	2	1	3	7	3	7	7	6	7	6	6	6	6
324	3	-	2	-	3	-	3	-	3	-	6	-	6	-	2	-	2	-	2	-	7	-	2	-	2	-	2	-	2	-	2	-	2	-	6	-	2	-	2	-	6	-	2	-	2	-	6	2	6	6	6	2	6	6	6	6	2	2	2	2	2	2	2	2	6	2	7	6	5	7	2	2	6	2	6	6	4	6	3	3	3	3	3	3	2	3	5	6	5	5
325	2	-	2	-	2	-	1	-	3	-	6	-	2	-	2	-	2	-	2	-	4	-	2	-	3	-	1	-	2	-	3	-	3	-	4	-	6	-	6	-	2	-	2	-	2	-	2	2	6	2	4	6	4	6	4	4	3	3	3	3	3	3	3	3	4	3	4	4	5	4	2	2	2	2	2	2	4	6	2	3	2	2	2	2	6	2	5	6	5	5
326	3	-	3	-	2	-	1	-	1	-	3	-	3	-	3	-	3	-	3	-	2	-	3	-	3	-	2	-	1	-	2	-	2	-	2	-	2	-	2	-	2	-	3	-	3	-	1	3	2	3	2	2	2	2	2	2	2	2	2	3	3	3	2	3	2	2	2	2	1	2	1	3	3	3	3	3	2	3	3	1	1	3	3	3	2	3	1	2	1	1
327	3	-	1	-	2	-	3	-	2	-	2	-	2	-	2	-	2	-	2	-	6	-	3	-	1	-	2	-	3	-	2	-	1	-	6	-	2	-	2	-	4	-	3	-	3	-	2	3	6	6	4	2	4	6	6	6	3	3	3	3	3	3	3	3	6	3	6	6	4	6	2	2	2	2	2	2	4	2	1	3	3	3	2	3	6	3	6	6	6	6
328	3	-	2	-	3	-	2	-	2	-	2	-	1	-	2	-	2	-	2	-	7	-	1	-	2	-	3	-	2	-	2	-	2	-	3	-	1	-	3	-	3	-	2	-	1	-	2	3	2	3	1	3	3	3	3	3	2	2	2	2	3	3	3	3	1	3	2	3	5	7	2	2	2	2	2	3	2	2	2	2	1	3	3	3	2	3	1	2	5	5
329	3	-	3	-	2	-	1	-	3	-	1	-	3	-	2	-	1	-	3	-	6	-	2	-	1	-	3	-	3	-	3	-	2	-	3	-	3	-	2	-	1	-	3	-	1	-	3	3	1	3	3	3	3	3	2	3	3	3	3	3	2	3	2	2	2	3	2	2	5	6	2	3	2	2	3	3	4	3	3	3	3	3	2	3	7	3	4	7	5	5
330	2	-	2	-	2	-	2	-	2	-	2	-	2	-	2	-	2	-	2	-	3	-	1	-	1	-	3	-	2	-	3	-	1	-	2	-	2	-	2	-	2	-	2	-	3	-	2	3	2	2	2	2	2	2	2	2	2	3	2	2	3	3	2	3	2	2	2	2	3	3	2	2	2	2	2	2	3	2	2	2	2	2	2	2	3	2	3	3	3	3
331	3	-	1	-	3	-	2	-	2	-	4	-	2	-	4	-	7	-	2	-	4	-	6	-	2	-	7	-	6	-	2	-	2	-	4	-	2	-	2	-	5	-	1	-	3	-	2	3	4	7	4	2	4	4	4	4	4	2	6	6	4	7	4	6	4	6	4	4	4	4	7	7	7	7	7	7	7	7	2	2	1	3	1	3	2	1	5	7	5	5
332	2	-	1	-	2	-	2	-	2	-	2	-	2	-	3	-	2	-	2	-	2	-	2	-	2	-	2	-	2	-	2	-	2	-	2	-	2	-	2	-	2	-	2	-	2	-	2	2	2	2	2	2	2	2	2	2	2	2	2	2	2	2	2	2	2	2	2	2	2	2	2	2	3	3	2	3	2	2	2	2	2	2	1	3	3	3	3	3	3	3
333	2	-	2	-	2	-	2	-	2	-	2	-	2	-	2	-	2	-	2	-	4	-	6	-	6	-	4	-	4	-	4	-	4	-	7	-	7	-	1	-	3	-	2	-	3	-	1	3	1	3	7	7	7	7	7	7	4	4	4	4	4	6	4	6	4	4	7	7	6	7	2	2	2	2	2	2	3	2	2	2	2	2	2	2	1	2	2	3	6	6
334	2	-	2	-	2	-	2	-	2	-	2	-	2	-	2	-	2	-	2	-	2	-	1	-	3	-	2	-	3	-	2	-	2	-	2	-	2	-	2	-	3	-	2	-	2	-	2	2	2	3	2	2	2	2	2	2	2	2	1	3	3	3	3	3	2	3	2	2	1	2	2	2	2	2	2	2	2	2	2	2	2	2	2	2	2	2	1	2	1	1
335	2	-	2	-	2	-	2	-	2	-	2	-	2	-	2	-	2	-	2	-	2	-	1	-	1	-	3	-	2	-	2	-	2	-	2	-	2	-	2	-	2	-	2	-	2	-	2	2	2	2	2	2	2	2	2	2	2	2	2	2	3	3	3	3	2	3	2	2	3	2	2	2	2	2	2	2	2	2	2	2	2	2	2	2	2	2	2	2	3	3
336	2	-	2	-	2	-	3	-	1	-	2	-	1	-	2	-	2	-	2	-	3	-	3	-	1	-	2	-	3	-	1	-	3	-	2	-	2	-	2	-	1	-	2	-	2	-	2	2	1	3	2	2	2	3	2	2	1	3	2	3	1	3	3	3	3	3	3	3	1	3	2	2	2	2	1	3	3	3	1	3	1	3	2	2	2	3	1	3	1	1
337	1	-	2	-	2	-	2	-	1	-	1	-	1	-	2	-	2	-	2	-	3	-	3	-	2	-	3	-	2	-	2	-	1	-	2	-	1	-	3	-	2	-	3	-	1	-	3	3	2	3	3	3	2	3	1	2	3	3	1	3	2	3	2	3	1	3	1	1	2	3	2	2	2	2	3	3	2	3	3	3	1	3	6	3	6	7	4	6	6	6
338	2	-	3	-	3	-	2	-	2	-	3	-	1	-	3	-	2	-	1	-	2	-	3	-	1	-	3	-	3	-	2	-	2	-	2	-	1	-	3	-	2	-	1	-	3	-	2	3	2	2	2	3	2	2	2	2	2	2	3	3	2	3	2	3	2	3	2	2	2	2	2	3	3	3	2	3	2	3	2	2	2	3	2	3	2	2	2	2	2	2
339	1	-	2	-	3	-	3	-	1	-	3	-	2	-	2	-	3	-	2	-	2	-	2	-	2	-	3	-	3	-	2	-	3	-	1	-	3	-	1	-	1	-	2	-	1	-	3	3	3	3	1	3	1	3	1	1	1	3	2	3	1	3	1	3	4	3	5	5	4	7	2	3	2	2	2	2	3	3	1	3	2	3	2	3	3	2	1	3	5	5
340	2	-	2	-	2	-	2	-	2	-	2	-	2	-	2	-	2	-	2	-	4	-	4	-	6	-	6	-	4	-	2	-	5	-	4	-	2	-	2	-	6	-	4	-	2	-	6	6	6	6	2	2	4	6	4	4	4	7	4	4	4	6	4	4	4	4	4	4	5	4	2	2	2	2	2	2	2	2	2	2	2	2	2	2	2	2	1	2	5	5
341	1	-	3	-	2	-	2	-	2	-	2	-	2	-	2	-	2	-	2	-	4	-	2	-	2	-	2	-	6	-	2	-	2	-	4	-	4	-	2	-	2	-	2	-	2	-	2	2	6	2	4	6	4	6	4	4	2	2	4	6	2	2	2	2	4	6	4	4	4	4	2	2	2	2	2	2	2	2	2	2	2	2	3	3	2	3	2	2	6	6
342	4	-	6	-	2	-	2	-	2	-	4	-	4	-	4	-	4	-	2	-	1	-	2	-	2	-	2	-	2	-	2	-	2	-	2	-	2	-	2	-	2	-	2	-	2	-	2	2	2	2	2	2	2	2	2	2	2	2	2	2	2	2	2	2	2	2	2	2	2	3	4	6	4	4	4	4	4	4	2	2	2	2	6	6	6	6	6	6	6	6
343	2	-	2	-	2	-	2	-	2	-	2	-	2	-	2	-	2	-	2	-	4	-	4	-	2	-	2	-	4	-	4	-	4	-	4	-	4	-	4	-	2	-	2	-	1	-	2	3	2	2	4	4	4	6	4	4	4	4	4	4	2	2	4	6	4	4	4	4	4	4	2	2	2	2	2	2	2	2	2	2	2	2	2	2	2	2	2	2	6	6
344	2	-	3	-	2	-	2	-	1	-	2	-	3	-	1	-	2	-	2	-	2	-	2	-	2	-	2	-	1	-	2	-	2	-	2	-	2	-	2	-	1	-	1	-	2	-	2	3	1	3	2	2	1	3	2	3	2	2	1	3	2	2	2	2	2	3	2	2	2	2	2	2	1	3	1	3	2	3	2	3	2	2	1	3	2	3	2	2	2	2
345	2	-	2	-	2	-	2	-	1	-	2	-	4	-	2	-	2	-	2	-	4	-	2	-	2	-	4	-	1	-	2	-	2	-	4	-	4	-	2	-	2	-	2	-	2	-	2	2	2	2	4	6	4	6	4	4	2	2	1	3	4	6	6	6	4	7	4	4	4	4	2	2	2	2	4	6	4	6	1	3	4	3	2	2	4	6	4	4	4	4
346	3	-	3	-	1	-	3	-	3	-	2	-	2	-	2	-	2	-	2	-	2	-	2	-	3	-	3	-	2	-	2	-	2	-	3	-	2	-	1	-	3	-	3	-	3	-	3	3	3	3	3	3	3	3	3	3	2	2	2	2	1	3	1	3	3	3	3	3	1	3	2	2	2	2	2	2	1	2	1	3	1	1	2	3	1	3	1	1	1	1
347	2	-	2	-	1	-	2	-	2	-	2	-	1	-	1	-	3	-	3	-	2	-	2	-	2	-	2	-	1	-	2	-	2	-	1	-	2	-	2	-	2	-	2	-	2	-	2	2	2	2	2	2	1	2	1	1	2	2	1	3	2	2	2	2	2	3	1	3	3	3	1	3	1	1	1	1	1	3	2	2	2	3	2	2	2	2	3	3	3	3
348	2	-	7	-	2	-	2	-	3	-	5	-	2	-	2	-	2	-	2	-	4	-	2	-	2	-	2	-	1	-	2	-	2	-	4	-	1	-	2	-	3	-	2	-	1	-	3	3	3	3	1	3	3	3	6	7	2	2	1	3	2	2	2	2	1	3	4	7	4	4	2	2	2	2	2	2	4	7	2	3	6	2	4	7	4	6	4	4	4	4
349	2	-	1	-	1	-	2	-	2	-	2	-	2	-	2	-	2	-	3	-	1	-	3	-	1	-	2	-	3	-	2	-	1	-	2	-	2	-	1	-	2	-	2	-	3	-	2	3	2	2	1	3	1	3	1	3	2	3	3	3	3	3	1	3	2	3	3	3	2	3	1	3	2	3	2	2	3	2	2	2	2	3	2	3	1	2	1	3	3	3
350	3	-	2	-	1	-	2	-	2	-	3	-	2	-	2	-	2	-	2	-	2	-	2	-	2	-	2	-	2	-	2	-	2	-	3	-	3	-	1	-	1	-	2	-	1	-	2	3	2	3	3	3	2	3	3	3	2	2	2	2	2	2	2	2	1	2	3	3	2	3	2	2	2	2	2	2	2	3	2	2	3	3	2	3	2	3	2	2	2	2
351	1	-	2	-	2	-	2	-	2	-	2	-	3	-	3	-	1	-	2	-	3	-	3	-	3	-	3	-	3	-	2	-	1	-	1	-	1	-	3	-	3	-	2	-	2	-	2	2	3	3	3	3	1	3	3	1	3	3	3	3	3	3	1	3	1	3	3	3	1	3	3	3	3	3	3	3	3	3	2	2	2	2	3	3	3	3	1	3	1	1
352	3	-	3	-	1	-	3	-	3	-	3	-	3	-	3	-	1	-	1	-	4	-	3	-	2	-	4	-	4	-	6	-	6	-	4	-	2	-	4	-	3	-	3	-	3	-	4	3	6	7	6	6	4	6	4	4	4	6	6	4	4	6	6	7	4	6	4	4	4	4	3	1	3	3	3	3	3	3	1	3	1	1	3	3	3	3	2	3	6	6
353	3	-	3	-	3	-	3	-	3	-	3	-	3	-	2	-	2	-	2	-	3	-	2	-	2	-	2	-	1	-	3	-	3	-	3	-	3	-	3	-	3	-	2	-	3	-	3	3	3	3	3	3	3	3	1	3	2	3	1	3	2	2	2	2	1	3	3	1	3	3	2	2	3	2	3	3	3	3	3	3	3	3	3	3	3	3	3	3	3	3
354	2	-	1	-	2	-	2	-	1	-	2	-	2	-	1	-	2	-	2	-	2	-	1	-	2	-	2	-	2	-	2	-	1	-	2	-	2	-	1	-	2	-	2	-	1	-	3	3	2	3	1	3	1	3	1	3	2	3	2	2	2	2	1	3	2	3	1	3	1	3	2	2	1	3	1	3	2	3	1	3	3	3	3	3	1	3	1	3	1	1
355	3	-	2	-	3	-	2	-	1	-	2	-	1	-	1	-	3	-	3	-	3	-	3	-	2	-	2	-	3	-	1	-	2	-	1	-	3	-	3	-	2	-	3	-	3	-	2	3	3	2	2	3	3	3	2	3	1	3	3	3	1	2	3	3	1	3	2	3	1	3	1	3	3	1	1	3	1	3	2	3	2	3	3	3	2	3	1	3	1	1
356	1	-	2	-	1	-	2	-	1	-	1	-	2	-	3	-	1	-	2	-	2	-	2	-	2	-	1	-	2	-	1	-	1	-	2	-	2	-	1	-	1	-	3	-	1	-	2	3	3	3	2	3	2	3	2	2	1	1	1	3	2	3	2	2	1	3	1	3	2	3	1	3	2	3	2	2	4	3	1	3	2	1	5	3	4	7	4	4	6	6
357	1	-	2	-	1	-	1	-	2	-	2	-	3	-	1	-	2	-	2	-	1	-	1	-	2	-	1	-	2	-	1	-	1	-	2	-	2	-	2	-	1	-	1	-	2	-	1	3	1	1	2	2	2	3	2	2	1	1	2	3	3	3	1	3	1	3	3	3	2	3	2	2	2	3	1	3	2	3	2	3	2	3	2	3	3	2	2	3	2	2
358	1	-	2	-	1	-	2	-	2	-	1	-	2	-	1	-	2	-	2	-	2	-	1	-	2	-	2	-	2	-	2	-	1	-	2	-	1	-	2	-	2	-	2	-	2	-	1	2	2	3	2	3	2	2	2	2	1	3	1	3	1	2	3	1	1	3	1	3	2	3	2	2	1	3	2	3	2	3	2	2	2	3	2	3	1	2	1	3	3	3
359	1	-	3	-	2	-	2	-	2	-	2	-	2	-	2	-	3	-	2	-	1	-	2	-	1	-	2	-	2	-	1	-	2	-	1	-	2	-	2	-	1	-	1	-	2	-	2	3	2	3	2	2	2	2	2	3	1	3	2	3	1	3	1	3	1	3	2	3	2	3	1	3	1	3	1	3	2	3	2	2	2	2	1	3	1	3	2	3	2	2
360	2	-	2	-	2	-	2	-	1	-	2	-	2	-	2	-	3	-	3	-	3	-	2	-	2	-	2	-	2	-	2	-	2	-	2	-	1	-	2	-	2	-	2	-	2	-	2	2	2	2	3	3	2	3	2	2	2	2	2	2	2	2	2	2	1	2	3	3	2	3	2	3	2	2	2	2	1	2	2	3	2	2	1	2	3	3	2	3	2	2
361	2	-	2	-	2	-	2	-	2	-	1	-	2	-	2	-	2	-	2	-	3	-	2	-	2	-	2	-	2	-	2	-	2	-	2	-	3	-	1	-	2	-	2	-	2	-	2	2	2	2	1	3	3	3	3	3	2	2	2	2	2	2	2	2	2	2	1	3	2	3	2	2	2	2	2	2	1	3	2	2	1	2	2	2	2	3	2	3	2	2
362	2	-	2	-	2	-	2	-	4	-	4	-	2	-	1	-	2	-	1	-	6	-	2	-	2	-	2	-	2	-	2	-	2	-	2	-	2	-	2	-	1	-	3	-	3	-	1	3	1	1	2	2	1	3	3	3	2	2	2	2	2	2	2	2	3	2	1	3	4	7	1	3	1	1	3	3	7	7	4	6	4	6	2	2	7	6	4	7	4	4
363	1	-	2	-	3	-	2	-	2	-	2	-	2	-	2	-	2	-	2	-	1	-	1	-	2	-	2	-	2	-	2	-	2	-	2	-	1	-	2	-	2	-	2	-	2	-	2	2	2	2	1	3	3	3	1	3	2	2	2	2	2	2	1	3	2	3	2	3	1	3	2	2	2	2	2	2	2	2	2	2	2	3	1	3	1	3	1	3	1	1
364	2	-	2	-	2	-	2	-	2	-	2	-	2	-	2	-	2	-	2	-	3	-	2	-	2	-	2	-	2	-	2	-	2	-	3	-	2	-	2	-	2	-	2	-	2	-	2	2	2	2	2	2	3	2	2	3	2	2	2	2	2	2	2	2	1	2	3	3	1	3	2	2	2	2	2	2	4	2	2	2	3	2	3	2	7	3	4	7	5	5
365	2	-	2	-	2	-	2	-	2	-	2	-	2	-	2	-	2	-	2	-	3	-	2	-	2	-	2	-	2	-	2	-	2	-	3	-	2	-	2	-	2	-	2	-	2	-	2	2	2	2	2	2	3	2	3	3	2	2	2	2	2	2	2	2	3	2	3	3	1	3	2	2	2	2	2	2	2	2	2	2	2	2	2	2	1	2	1	3	1	1
366	3	-	3	-	2	-	2	-	2	-	2	-	2	-	2	-	2	-	2	-	7	-	6	-	6	-	6	-	6	-	7	-	1	-	7	-	6	-	6	-	7	-	2	-	2	-	7	2	7	7	7	6	7	7	7	7	6	7	6	6	6	6	6	6	7	6	7	7	6	7	2	2	2	2	2	2	3	2	2	2	3	2	3	3	3	3	6	3	6	6
367	2	-	2	-	2	-	2	-	2	-	6	-	4	-	2	-	2	-	2	-	3	-	2	-	2	-	2	-	2	-	2	-	2	-	1	-	1	-	1	-	3	-	3	-	3	-	3	3	1	3	1	1	1	1	1	1	2	2	2	2	2	2	2	2	1	2	3	1	6	3	2	2	2	2	6	6	6	6	2	2	2	2	2	2	6	2	6	6	6	6
368	3	-	2	-	1	-	2	-	2	-	2	-	2	-	2	-	2	-	2	-	3	-	2	-	2	-	2	-	2	-	2	-	2	-	1	-	2	-	2	-	2	-	2	-	2	-	2	2	2	2	2	2	2	2	3	3	2	2	2	2	2	2	2	2	3	2	3	3	1	3	2	2	2	2	2	2	2	2	2	2	3	3	3	3	1	3	1	3	1	1
369	4	-	4	-	6	-	6	-	6	-	2	-	1	-	2	-	2	-	2	-	6	-	4	-	4	-	4	-	4	-	4	-	4	-	4	-	6	-	6	-	6	-	2	-	6	-	6	6	6	6	6	6	4	6	4	4	4	4	4	4	4	4	4	4	4	4	4	4	6	6	2	2	2	2	3	3	2	3	6	6	4	6	4	4	4	4	6	6	6	6
370	2	-	2	-	2	-	2	-	2	-	3	-	1	-	1	-	2	-	2	-	3	-	2	-	2	-	2	-	2	-	2	-	2	-	3	-	2	-	2	-	2	-	2	-	2	-	2	2	2	2	2	2	3	2	3	3	2	2	2	2	2	2	2	2	3	2	3	3	1	3	1	2	1	1	1	1	1	3	2	2	3	2	2	2	1	3	1	1	1	1
371	3	-	3	-	3	-	3	-	3	-	3	-	3	-	3	-	3	-	3	-	3	-	2	-	2	-	2	-	2	-	3	-	3	-	3	-	2	-	2	-	2	-	2	-	2	-	2	2	2	2	2	2	3	2	3	3	3	3	3	3	2	2	2	2	3	3	3	3	2	3	3	3	3	3	3	3	3	3	3	3	1	3	1	3	3	1	2	3	2	2
372	2	-	2	-	3	-	2	-	2	-	2	-	2	-	2	-	2	-	2	-	3	-	2	-	2	-	2	-	2	-	2	-	2	-	1	-	3	-	3	-	3	-	2	-	2	-	3	2	3	3	3	3	1	3	1	1	2	2	2	2	2	2	2	2	1	2	3	1	2	3	2	2	2	2	2	2	3	2	3	2	3	3	3	2	3	3	2	3	2	2
373	2	-	2	-	2	-	6	-	2	-	7	-	2	-	2	-	4	-	6	-	4	-	2	-	4	-	6	-	3	-	3	-	2	-	4	-	2	-	2	-	2	-	2	-	2	-	2	2	2	2	2	2	4	2	4	4	3	3	3	3	6	6	4	6	5	7	5	5	4	5	6	6	6	6	7	6	4	7	6	6	4	6	2	2	4	6	6	4	6	6
374	4	-	6	-	2	-	2	-	2	-	7	-	4	-	2	-	2	-	2	-	4	-	4	-	7	-	7	-	4	-	6	-	2	-	4	-	2	-	2	-	6	-	2	-	6	-	6	6	4	6	2	2	4	6	4	4	4	6	4	4	4	7	4	4	4	4	4	4	4	4	2	2	2	2	4	6	4	7	2	2	4	2	4	6	4	4	4	4	4	4
375	4	-	6	-	2	-	4	-	2	-	2	-	7	-	2	-	4	-	3	-	4	-	6	-	2	-	2	-	6	-	2	-	2	-	4	-	2	-	2	-	1	-	4	-	3	-	7	7	4	7	2	2	4	6	4	4	2	2	6	6	2	2	6	6	4	6	4	4	4	4	7	7	7	7	4	7	4	6	4	6	4	6	4	6	4	4	4	4	4	4
376	2	-	2	-	1	-	1	-	1	-	3	-	2	-	2	-	2	-	2	-	3	-	2	-	2	-	2	-	2	-	2	-	2	-	3	-	2	-	2	-	2	-	2	-	2	-	2	2	3	2	3	2	3	3	3	3	2	2	2	2	2	2	2	2	3	2	3	3	1	3	2	2	2	2	3	2	1	3	1	1	1	1	1	2	1	1	1	1	1	1
377	1	-	1	-	2	-	2	-	2	-	2	-	2	-	2	-	2	-	2	-	3	-	2	-	2	-	2	-	1	-	1	-	1	-	3	-	3	-	2	-	1	-	2	-	2	-	2	2	3	3	3	3	3	3	3	3	1	1	1	1	2	2	2	2	3	3	3	3	3	3	2	2	2	2	2	2	2	2	2	2	2	2	1	1	1	3	3	3	3	3
378	2	-	2	-	3	-	1	-	2	-	3	-	1	-	2	-	2	-	2	-	2	-	2	-	2	-	2	-	2	-	2	-	2	-	1	-	2	-	2	-	2	-	2	-	2	-	2	2	2	2	2	2	1	2	1	1	2	2	2	2	2	2	2	2	1	2	1	1	3	3	2	2	2	2	3	3	2	3	3	3	1	3	2	2	1	3	3	3	3	3
379	1	-	2	-	2	-	2	-	2	-	5	-	2	-	2	-	2	-	2	-	1	-	2	-	2	-	2	-	2	-	2	-	2	-	1	-	1	-	1	-	2	-	2	-	2	-	3	2	3	3	1	1	1	3	1	1	2	2	2	2	2	2	2	2	4	2	5	5	5	5	2	2	2	2	2	2	4	7	2	2	2	2	4	3	4	6	4	4	5	5
380	2	-	6	-	2	-	3	-	2	-	1	-	2	-	4	-	4	-	6	-	4	-	1	-	2	-	2	-	4	-	6	-	6	-	4	-	2	-	6	-	1	-	7	-	1	-	7	7	6	7	6	6	4	6	4	4	6	6	6	6	6	2	6	7	4	6	4	4	4	4	4	6	4	4	6	6	4	7	3	3	3	3	4	6	4	7	4	4	4	4
381	3	-	2	-	2	-	2	-	2	-	2	-	2	-	2	-	3	-	3	-	7	-	2	-	2	-	2	-	2	-	2	-	2	-	3	-	2	-	2	-	2	-	2	-	2	-	2	2	3	2	3	2	3	3	3	3	2	2	2	2	2	2	2	2	4	2	7	7	6	7	2	3	2	2	2	2	4	2	2	2	3	2	3	3	2	3	6	6	6	6
382	2	-	2	-	2	-	2	-	2	-	2	-	2	-	2	-	2	-	2	-	3	-	2	-	2	-	2	-	2	-	2	-	2	-	1	-	3	-	3	-	2	-	2	-	2	-	2	2	2	2	3	3	1	3	1	1	2	2	2	2	2	2	2	2	2	2	3	3	1	3	2	2	2	2	2	2	1	2	2	2	3	2	3	2	1	3	1	1	1	1
383	2	-	2	-	2	-	2	-	2	-	2	-	2	-	2	-	2	-	2	-	2	-	2	-	2	-	2	-	2	-	2	-	2	-	2	-	2	-	2	-	2	-	2	-	2	-	2	2	2	2	2	2	2	2	2	2	2	2	2	2	2	2	2	2	2	2	2	2	2	2	2	2	2	2	2	2	2	2	2	2	2	2	2	2	2	2	2	2	2	2
384	3	-	3	-	1	-	1	-	1	-	1	-	1	-	1	-	1	-	1	-	5	-	2	-	2	-	2	-	2	-	2	-	2	-	1	-	6	-	6	-	2	-	2	-	2	-	2	2	6	2	6	6	4	6	5	5	2	2	2	2	2	2	2	2	5	2	5	5	5	5	1	1	1	1	1	1	1	1	1	1	1	1	1	3	1	1	1	1	5	5
385	2	-	2	-	2	-	2	-	2	-	3	-	2	-	2	-	2	-	2	-	1	-	3	-	2	-	2	-	3	-	2	-	2	-	1	-	3	-	2	-	2	-	2	-	2	-	2	2	2	2	3	3	1	3	1	1	2	2	3	3	2	2	1	3	1	3	1	1	1	1	2	2	2	2	2	2	2	3	2	2	3	2	2	2	3	3	1	3	1	1
386	2	-	2	-	2	-	3	-	2	-	1	-	3	-	1	-	3	-	1	-	1	-	1	-	1	-	1	-	3	-	1	-	3	-	3	-	2	-	2	-	2	-	2	-	2	-	2	2	2	2	2	2	3	2	1	3	3	3	1	3	1	1	1	1	1	1	1	1	1	1	1	3	1	1	1	3	3	1	3	3	3	3	2	2	3	3	1	3	1	1
387	4	-	6	-	4	-	4	-	2	-	2	-	2	-	2	-	2	-	2	-	4	-	2	-	2	-	2	-	2	-	2	-	2	-	4	-	2	-	4	-	2	-	2	-	2	-	2	2	2	2	4	6	4	6	4	4	2	2	2	2	2	2	6	2	4	6	4	4	6	4	2	2	2	2	2	2	6	2	6	6	4	6	6	6	4	6	4	6	6	6
388	1	-	3	-	2	-	2	-	2	-	1	-	1	-	1	-	2	-	3	-	2	-	1	-	1	-	1	-	2	-	2	-	2	-	1	-	1	-	3	-	2	-	1	-	2	-	1	3	1	3	1	3	1	1	1	1	2	2	2	2	1	1	1	1	3	3	3	3	3	3	3	3	1	3	1	1	3	1	2	2	2	2	1	3	3	3	2	3	3	3
389	1	-	1	-	1	-	1	-	1	-	3	-	1	-	1	-	1	-	1	-	2	-	2	-	2	-	2	-	2	-	2	-	2	-	2	-	2	-	2	-	2	-	2	-	2	-	2	2	2	2	2	2	2	2	2	2	2	2	2	2	2	2	2	2	2	2	2	2	2	2	1	1	1	1	1	1	1	3	1	1	1	1	1	1	1	1	1	1	3	3
390	3	-	2	-	4	-	2	-	2	-	4	-	2	-	1	-	1	-	1	-	3	-	1	-	1	-	1	-	2	-	2	-	2	-	2	-	6	-	2	-	6	-	4	-	2	-	4	6	4	6	6	6	4	6	4	6	2	2	2	2	1	1	1	1	4	3	4	4	4	7	1	1	1	1	3	3	4	7	2	2	4	6	3	3	4	7	4	4	4	4
391	1	-	1	-	1	-	1	-	1	-	2	-	2	-	2	-	2	-	2	-	1	-	2	-	2	-	2	-	1	-	1	-	1	-	1	-	2	-	2	-	2	-	2	-	2	-	2	2	2	2	2	2	1	2	1	1	1	1	1	1	2	2	2	2	1	3	1	1	2	1	2	2	2	2	2	2	2	2	1	1	1	1	1	1	1	1	2	3	2	2
392	2	-	2	-	2	-	2	-	2	-	1	-	2	-	2	-	2	-	2	-	1	-	2	-	2	-	2	-	4	-	4	-	2	-	4	-	4	-	4	-	2	-	2	-	2	-	2	2	2	2	4	4	4	6	4	4	4	6	4	4	2	2	2	2	4	6	4	4	4	5	2	2	2	2	2	2	2	3	2	2	2	2	2	2	2	2	2	2	6	6
393	1	-	2	-	3	-	2	-	3	-	1	-	2	-	2	-	2	-	2	-	1	-	1	-	2	-	2	-	2	-	2	-	2	-	1	-	2	-	1	-	1	-	2	-	1	-	1	3	1	1	1	3	1	1	1	1	2	2	2	2	2	2	3	3	1	3	1	1	1	1	2	2	2	2	2	2	2	3	1	3	3	3	3	3	1	3	3	3	3	3
394	7	-	7	-	2	-	1	-	6	-	6	-	6	-	2	-	2	-	2	-	1	-	4	-	4	-	4	-	4	-	3	-	4	-	4	-	6	-	2	-	2	-	2	-	2	-	2	2	2	2	4	6	6	6	4	6	4	7	4	4	4	4	4	4	4	4	4	4	5	5	2	2	2	2	6	6	4	6	7	7	5	7	5	7	4	5	4	4	5	5
395	2	-	2	-	2	-	2	-	2	-	3	-	2	-	4	-	4	-	4	-	1	-	2	-	2	-	2	-	2	-	2	-	2	-	4	-	2	-	2	-	2	-	4	-	2	-	4	6	4	6	2	2	4	6	4	4	2	2	2	2	2	2	2	2	2	2	6	6	4	7	4	4	4	4	4	6	4	7	2	2	2	2	4	2	4	6	4	4	4	4
396	2	-	1	-	3	-	2	-	2	-	2	-	1	-	1	-	2	-	3	-	1	-	1	-	1	-	1	-	1	-	1	-	1	-	1	-	3	-	1	-	2	-	2	-	2	-	2	2	2	2	1	3	1	3	1	1	1	1	1	1	1	1	1	1	1	1	1	1	1	1	1	3	1	1	1	1	1	3	2	2	3	3	1	3	1	3	1	1	1	1
397	1	-	1	-	1	-	1	-	1	-	3	-	3	-	2	-	1	-	1	-	1	-	1	-	1	-	1	-	1	-	1	-	2	-	1	-	1	-	1	-	3	-	3	-	3	-	3	3	1	3	1	1	1	1	1	1	1	3	1	1	1	1	1	1	1	1	1	1	1	1	1	1	3	3	3	3	1	3	1	1	1	1	1	1	1	1	1	1	1	1
398	1	-	1	-	2	-	2	-	2	-	2	-	2	-	2	-	2	-	2	-	2	-	2	-	2	-	2	-	3	-	1	-	2	-	1	-	3	-	3	-	3	-	3	-	3	-	3	3	3	3	3	3	1	3	1	1	3	3	1	3	2	2	2	2	1	3	1	1	2	3	2	2	2	2	2	2	2	2	2	2	2	2	1	1	2	3	2	2	2	2
399	2	-	2	-	2	-	2	-	2	-	4	-	3	-	2	-	2	-	1	-	1	-	2	-	2	-	2	-	1	-	3	-	3	-	1	-	2	-	1	-	2	-	3	-	3	-	1	3	3	3	3	3	1	3	1	1	1	3	1	1	2	2	2	2	1	3	1	1	4	1	1	3	3	3	3	3	5	7	2	2	2	2	1	2	2	3	4	7	4	4
400	2	-	2	-	2	-	2	-	2	-	2	-	1	-	2	-	1	-	1	-	1	-	2	-	2	-	2	-	3	-	3	-	3	-	2	-	2	-	1	-	2	-	2	-	2	-	2	2	2	2	2	3	2	2	2	2	3	3	1	3	2	2	2	2	2	3	2	2	2	3	1	1	1	3	1	1	1	3	2	2	2	2	1	2	2	3	2	3	2	2
401	1	-	2	-	1	-	2	-	2	-	2	-	2	-	2	-	2	-	2	-	2	-	1	-	2	-	1	-	2	-	2	-	2	-	4	-	2	-	2	-	2	-	2	-	2	-	2	2	4	2	2	2	4	6	4	4	2	2	2	2	1	3	1	1	1	3	5	5	4	7	2	2	2	2	2	2	4	2	2	2	1	3	2	3	3	3	4	7	4	4
402	1	-	2	-	2	-	2	-	2	-	5	-	2	-	2	-	2	-	2	-	1	-	2	-	1	-	1	-	2	-	2	-	2	-	1	-	2	-	2	-	2	-	2	-	1	-	1	3	1	3	2	2	1	3	1	1	2	2	2	2	1	1	1	3	1	3	1	1	1	1	2	2	2	2	2	2	4	7	2	2	2	2	1	3	1	3	4	5	5	5
403	2	-	1	-	2	-	1	-	1	-	4	-	3	-	3	-	3	-	3	-	1	-	4	-	2	-	2	-	2	-	4	-	4	-	1	-	2	-	2	-	3	-	2	-	1	-	3	3	1	3	2	2	1	3	3	1	4	4	6	6	2	2	6	6	4	6	6	7	4	7	3	3	3	3	3	3	6	7	1	1	3	3	1	3	6	3	4	6	4	4
404	3	-	3	-	2	-	2	-	2	-	3	-	1	-	2	-	2	-	2	-	1	-	1	-	2	-	2	-	1	-	2	-	2	-	1	-	3	-	3	-	2	-	2	-	2	-	2	2	2	2	1	3	1	3	1	1	2	2	3	3	2	2	3	3	1	3	1	1	2	1	2	2	2	2	3	3	3	3	2	2	2	2	1	3	3	3	2	3	2	2
405	2	-	1	-	2	-	2	-	2	-	3	-	1	-	2	-	2	-	2	-	1	-	1	-	2	-	2	-	3	-	3	-	3	-	1	-	3	-	3	-	1	-	1	-	1	-	1	1	1	1	1	3	1	1	1	1	3	3	3	3	2	2	3	3	1	3	1	1	1	1	2	2	2	2	3	3	1	3	2	2	3	2	3	3	1	3	1	1	1	1
406	2	-	1	-	2	-	2	-	1	-	3	-	2	-	1	-	3	-	3	-	3	-	3	-	2	-	3	-	2	-	2	-	2	-	1	-	2	-	2	-	2	-	2	-	2	-	2	2	2	2	2	2	2	2	1	3	2	2	2	2	3	3	1	3	1	3	3	1	2	3	1	3	1	1	3	3	3	3	1	3	3	3	3	3	3	3	2	3	2	2
407	2	-	2	-	2	-	2	-	2	-	2	-	1	-	2	-	2	-	2	-	6	-	1	-	1	-	2	-	2	-	2	-	2	-	1	-	2	-	1	-	2	-	2	-	2	-	2	2	2	2	1	3	1	3	1	1	2	2	2	2	1	3	1	1	1	3	1	1	4	7	2	2	2	2	1	3	1	3	2	2	2	2	2	2	2	2	1	3	5	5
408	2	-	2	-	2	-	2	-	1	-	1	-	2	-	1	-	2	-	2	-	2	-	2	-	2	-	2	-	1	-	2	-	1	-	1	-	2	-	2	-	1	-	2	-	1	-	2	3	1	3	2	2	1	3	1	1	2	3	1	3	2	2	2	2	1	3	1	1	1	3	2	2	2	3	2	2	2	3	1	3	1	3	2	2	1	3	2	3	3	3
409	2	-	2	-	3	-	1	-	2	-	4	-	2	-	2	-	2	-	2	-	1	-	2	-	2	-	2	-	2	-	1	-	2	-	1	-	1	-	1	-	2	-	2	-	2	-	2	2	2	2	1	1	1	3	1	1	1	3	1	3	2	2	2	2	1	3	1	1	2	1	2	2	2	2	2	2	4	6	3	3	3	3	4	2	4	7	4	4	6	6
410	2	-	2	-	1	-	2	-	2	-	3	-	1	-	2	-	2	-	2	-	3	-	2	-	2	-	2	-	3	-	1	-	3	-	2	-	3	-	3	-	2	-	2	-	2	-	2	2	2	2	1	3	1	3	3	3	3	3	1	3	2	2	2	2	3	3	3	3	1	3	2	2	2	2	3	3	2	3	2	2	3	3	1	2	3	3	1	3	1	1
411	1	-	2	-	7	-	2	-	4	-	2	-	2	-	2	-	2	-	2	-	6	-	1	-	2	-	2	-	1	-	1	-	1	-	1	-	1	-	1	-	2	-	2	-	2	-	2	2	2	2	1	1	1	3	1	1	1	1	1	1	2	2	1	3	1	1	1	1	4	7	2	2	2	2	2	2	2	2	4	6	4	7	3	3	7	7	4	7	4	4
412	1	-	1	-	1	-	1	-	1	-	2	-	1	-	2	-	4	-	2	-	1	-	2	-	2	-	2	-	4	-	2	-	2	-	4	-	2	-	2	-	2	-	2	-	4	-	4	6	4	6	2	2	4	6	4	4	2	2	4	6	2	2	2	2	4	6	4	4	4	5	4	6	6	6	5	7	6	7	1	1	1	1	1	1	1	1	4	7	4	4
